0,1,565.60,169.37,18.91,16.10,1,-1,-1,-1
1,1,564.57,169.35,19.36,16.47,1,-1,-1,-1
2,1,563.54,168.95,19.98,17.00,1,-1,-1,-1
3,1,562.51,168.69,20.47,17.42,1,-1,-1,-1
4,1,561.60,168.74,20.64,17.57,1,-1,-1,-1
5,1,561.68,168.46,19.97,16.92,1,-1,-1,-1
6,1,560.61,167.08,20.43,17.24,1,-1,-1,-1
6,7,780.04,154.85,43.44,22.18,1,-1,-1,-1
7,1,559.46,165.79,21.17,17.78,1,-1,-1,-1
7,7,788.30,154.04,42.37,21.71,1,-1,-1,-1
8,1,558.27,165.21,21.93,18.34,1,-1,-1,-1
8,7,801.36,153.67,41.44,21.52,1,-1,-1,-1
9,1,557.22,166.08,21.67,17.97,1,-1,-1,-1
10,1,556.10,164.36,22.99,18.93,1,-1,-1,-1
11,1,555.11,162.02,23.85,19.47,1,-1,-1,-1
12,1,553.73,161.67,24.08,19.47,1,-1,-1,-1
13,1,551.80,162.85,24.88,20.07,1,-1,-1,-1
14,1,550.36,164.91,25.16,20.19,1,-1,-1,-1
15,1,549.01,166.10,25.34,20.26,1,-1,-1,-1
16,1,547.61,165.59,26.21,20.95,1,-1,-1,-1
17,1,545.47,164.84,27.43,21.94,1,-1,-1,-1
18,1,543.99,164.86,28.33,22.66,1,-1,-1,-1
19,1,542.30,166.03,28.42,22.60,1,-1,-1,-1
20,1,540.47,167.28,29.39,23.48,1,-1,-1,-1
20,16,838.23,148.31,62.19,31.85,1,-1,-1,-1
21,1,538.96,169.42,29.14,23.13,1,-1,-1,-1
21,16,849.00,148.39,63.91,32.49,1,-1,-1,-1
22,1,537.31,170.27,29.94,23.65,1,-1,-1,-1
22,16,858.68,147.92,67.49,33.95,1,-1,-1,-1
23,1,535.14,170.27,30.61,24.06,1,-1,-1,-1
23,16,867.15,146.70,70.75,35.10,1,-1,-1,-1
24,1,532.75,170.22,31.47,24.59,1,-1,-1,-1
24,16,875.21,145.55,73.64,35.91,1,-1,-1,-1
25,1,530.41,170.88,32.53,25.30,1,-1,-1,-1
25,16,885.72,145.52,77.75,37.08,1,-1,-1,-1
26,1,528.59,173.11,33.44,25.95,1,-1,-1,-1
26,16,895.46,147.29,82.77,38.62,1,-1,-1,-1
27,1,525.49,175.63,34.76,26.79,1,-1,-1,-1
27,16,905.01,149.12,88.03,40.33,1,-1,-1,-1
27,21,456.49,173.60,17.82,31.09,1,-1,-1,-1
28,1,523.04,176.03,35.96,27.65,1,-1,-1,-1
28,16,916.30,149.64,93.04,41.84,1,-1,-1,-1
28,21,455.84,173.92,17.54,30.70,1,-1,-1,-1
29,1,520.25,175.57,37.02,28.35,1,-1,-1,-1
29,16,923.60,148.40,97.43,43.48,1,-1,-1,-1
29,21,454.06,172.72,18.00,31.60,1,-1,-1,-1
30,1,518.02,175.81,37.63,28.64,1,-1,-1,-1
30,16,938.34,147.44,102.00,44.77,1,-1,-1,-1
30,21,451.84,172.68,18.65,32.81,1,-1,-1,-1
31,1,515.88,175.61,38.93,29.41,1,-1,-1,-1
31,16,954.17,145.87,107.26,46.11,1,-1,-1,-1
31,21,449.08,172.57,18.67,32.92,1,-1,-1,-1
32,1,512.83,174.55,40.24,30.40,1,-1,-1,-1
32,16,970.79,144.23,113.65,47.71,1,-1,-1,-1
32,21,446.90,171.31,19.10,33.99,1,-1,-1,-1
33,1,509.82,173.97,41.08,30.94,1,-1,-1,-1
33,16,987.66,142.07,121.51,49.91,1,-1,-1,-1
34,1,507.54,174.81,42.28,31.78,1,-1,-1,-1
34,16,1006.64,141.01,129.73,52.14,1,-1,-1,-1
34,21,445.96,173.26,20.84,37.31,1,-1,-1,-1
35,1,504.46,175.22,43.58,32.88,1,-1,-1,-1
35,16,1028.28,139.73,140.76,55.47,1,-1,-1,-1
35,27,908.46,150.54,68.66,26.80,1,-1,-1,-1
35,28,841.47,159.24,57.55,22.30,1,-1,-1,-1
35,21,443.58,173.65,20.41,36.74,1,-1,-1,-1
36,1,500.93,174.53,45.64,34.35,1,-1,-1,-1
36,16,1050.96,137.59,150.31,58.20,1,-1,-1,-1
36,28,847.33,157.93,57.69,22.33,1,-1,-1,-1
36,21,438.25,173.56,22.06,39.73,1,-1,-1,-1
37,1,497.99,173.64,47.63,35.74,1,-1,-1,-1
37,16,1064.92,135.37,158.92,61.78,1,-1,-1,-1
37,28,854.46,157.79,56.38,21.77,1,-1,-1,-1
37,21,439.98,171.89,19.25,35.34,1,-1,-1,-1
38,1,494.11,173.31,49.47,37.05,1,-1,-1,-1
38,16,1078.44,134.09,164.72,65.69,1,-1,-1,-1
38,28,861.18,158.50,55.67,21.45,1,-1,-1,-1
38,21,437.91,172.20,18.92,35.27,1,-1,-1,-1
39,1,490.66,173.18,51.19,38.32,1,-1,-1,-1
39,16,1100.72,138.68,151.44,62.50,1,-1,-1,-1
39,28,869.00,157.85,57.70,22.18,1,-1,-1,-1
39,21,437.77,171.79,18.24,34.42,1,-1,-1,-1
40,1,487.08,173.87,53.24,39.78,1,-1,-1,-1
40,16,1134.43,151.32,122.04,53.02,1,-1,-1,-1
40,28,874.98,158.48,59.98,22.98,1,-1,-1,-1
40,21,436.20,170.23,18.38,35.15,1,-1,-1,-1
41,1,482.77,174.17,55.97,41.79,1,-1,-1,-1
41,28,881.87,159.45,60.31,22.99,1,-1,-1,-1
41,21,433.67,169.89,18.83,36.63,1,-1,-1,-1
42,1,479.18,174.76,57.85,43.23,1,-1,-1,-1
42,28,889.54,160.81,61.29,23.12,1,-1,-1,-1
42,21,433.00,169.35,19.88,38.72,1,-1,-1,-1
43,1,474.86,174.05,59.95,44.62,1,-1,-1,-1
43,28,897.88,160.71,61.38,22.91,1,-1,-1,-1
43,21,429.97,166.98,20.65,40.81,1,-1,-1,-1
44,1,469.90,172.28,63.25,47.00,1,-1,-1,-1
44,28,906.36,160.36,63.03,23.33,1,-1,-1,-1
44,21,428.99,165.09,20.41,41.68,1,-1,-1,-1
45,1,464.84,171.49,66.23,49.23,1,-1,-1,-1
45,28,913.92,159.91,65.96,24.28,1,-1,-1,-1
45,21,427.85,163.49,20.69,43.17,1,-1,-1,-1
46,1,460.23,171.90,68.88,51.14,1,-1,-1,-1
46,28,922.54,160.83,67.89,24.76,1,-1,-1,-1
46,21,425.77,162.60,21.51,45.17,1,-1,-1,-1
47,1,455.60,172.88,70.90,52.46,1,-1,-1,-1
47,28,928.68,161.64,71.80,25.97,1,-1,-1,-1
47,21,424.22,162.65,22.34,46.85,1,-1,-1,-1
47,38,525.17,163.17,20.53,46.96,1,-1,-1,-1
48,1,449.76,172.50,74.60,55.02,1,-1,-1,-1
48,28,938.81,160.43,74.53,26.95,1,-1,-1,-1
48,21,422.35,162.18,22.58,47.36,1,-1,-1,-1
48,38,525.24,162.17,20.96,47.75,1,-1,-1,-1
49,1,444.10,172.21,76.78,56.28,1,-1,-1,-1
49,28,947.84,158.28,77.11,27.85,1,-1,-1,-1
49,21,420.48,160.31,22.61,47.88,1,-1,-1,-1
49,38,527.02,159.64,21.83,49.88,1,-1,-1,-1
50,1,436.91,171.77,81.06,59.17,1,-1,-1,-1
50,28,957.45,156.88,79.81,28.86,1,-1,-1,-1
50,21,417.98,158.59,25.25,54.19,1,-1,-1,-1
50,38,531.04,157.65,22.68,52.10,1,-1,-1,-1
51,1,430.27,173.76,84.09,60.90,1,-1,-1,-1
51,28,966.88,158.11,81.55,29.37,1,-1,-1,-1
51,21,415.46,159.50,25.15,54.75,1,-1,-1,-1
51,38,534.61,159.31,23.42,53.53,1,-1,-1,-1
52,1,422.05,175.84,89.31,64.34,1,-1,-1,-1
52,28,973.74,158.70,84.82,30.28,1,-1,-1,-1
52,21,413.49,161.10,23.93,52.18,1,-1,-1,-1
52,38,537.77,160.96,24.57,55.27,1,-1,-1,-1
53,1,413.42,176.87,95.34,68.50,1,-1,-1,-1
53,28,982.70,159.78,85.39,29.97,1,-1,-1,-1
53,38,540.55,161.80,25.17,56.67,1,-1,-1,-1
54,1,404.49,177.09,100.80,72.09,1,-1,-1,-1
54,28,1002.57,159.46,84.85,30.09,1,-1,-1,-1
54,38,543.62,161.48,25.44,58.31,1,-1,-1,-1
55,1,393.79,177.45,106.40,75.50,1,-1,-1,-1
55,28,1015.92,158.40,85.75,30.71,1,-1,-1,-1
55,38,547.60,159.73,27.27,62.23,1,-1,-1,-1
56,1,383.14,177.56,112.60,79.28,1,-1,-1,-1
56,38,550.58,159.07,29.08,64.99,1,-1,-1,-1
56,47,476.95,169.80,26.11,19.84,1,-1,-1,-1
57,1,371.35,178.34,119.61,83.53,1,-1,-1,-1
57,38,553.61,160.18,29.27,64.74,1,-1,-1,-1
57,47,475.37,169.18,26.94,20.47,1,-1,-1,-1
57,50,272.17,174.36,28.07,60.98,1,-1,-1,-1
58,1,359.06,178.43,127.09,88.13,1,-1,-1,-1
58,38,559.47,158.37,29.85,67.40,1,-1,-1,-1
58,47,473.92,168.55,27.53,20.92,1,-1,-1,-1
58,50,263.26,176.27,27.73,60.13,1,-1,-1,-1
59,1,346.16,178.77,135.28,93.12,1,-1,-1,-1
59,38,565.04,157.93,30.11,68.81,1,-1,-1,-1
59,47,472.22,168.38,28.43,21.60,1,-1,-1,-1
59,50,246.41,175.98,29.07,63.17,1,-1,-1,-1
60,1,331.87,179.31,144.27,98.55,1,-1,-1,-1
60,38,571.23,158.45,31.30,70.24,1,-1,-1,-1
60,47,470.62,168.49,28.95,22.01,1,-1,-1,-1
60,50,228.28,175.58,29.36,64.49,1,-1,-1,-1
60,28,1068.26,156.14,91.63,33.42,1,-1,-1,-1
61,1,316.54,179.81,153.36,103.80,1,-1,-1,-1
61,38,575.52,157.55,33.02,73.09,1,-1,-1,-1
61,47,469.10,167.73,29.71,22.63,1,-1,-1,-1
61,50,210.74,176.11,30.16,66.40,1,-1,-1,-1
62,1,300.14,180.51,163.34,109.50,1,-1,-1,-1
62,38,581.35,156.52,33.56,75.49,1,-1,-1,-1
62,47,466.92,166.61,31.04,23.76,1,-1,-1,-1
62,50,194.94,177.60,30.39,66.58,1,-1,-1,-1
63,1,281.92,181.68,174.20,115.53,1,-1,-1,-1
63,38,588.46,155.36,34.13,78.36,1,-1,-1,-1
63,47,465.77,166.45,31.10,23.88,1,-1,-1,-1
63,50,177.25,178.21,31.23,67.64,1,-1,-1,-1
64,1,261.76,182.87,186.36,122.13,1,-1,-1,-1
64,38,597.02,156.05,35.44,79.79,1,-1,-1,-1
64,47,464.58,166.90,30.87,23.69,1,-1,-1,-1
64,50,155.85,178.53,32.30,69.89,1,-1,-1,-1
64,21,405.33,157.55,19.24,39.77,1,-1,-1,-1
64,28,1106.61,153.45,92.67,36.58,1,-1,-1,-1
65,1,239.48,183.67,201.92,130.88,1,-1,-1,-1
65,38,602.63,156.29,37.79,82.43,1,-1,-1,-1
65,47,463.46,167.54,30.86,23.72,1,-1,-1,-1
65,50,134.00,179.25,32.92,72.05,1,-1,-1,-1
65,21,402.72,157.59,24.27,49.97,1,-1,-1,-1
65,28,1105.36,152.93,98.65,37.88,1,-1,-1,-1
66,1,215.49,185.13,217.94,139.56,1,-1,-1,-1
66,38,607.90,156.64,39.09,84.26,1,-1,-1,-1
66,47,462.64,168.28,30.72,23.62,1,-1,-1,-1
66,50,112.21,181.36,34.34,74.46,1,-1,-1,-1
66,21,400.30,156.93,29.22,59.84,1,-1,-1,-1
66,66,47.83,176.41,62.44,92.03,1,-1,-1,-1
66,68,156.83,179.37,27.45,68.39,1,-1,-1,-1
67,1,189.57,186.97,235.24,148.64,1,-1,-1,-1
67,38,620.41,155.63,41.03,87.98,1,-1,-1,-1
67,47,461.73,169.16,30.71,23.60,1,-1,-1,-1
67,50,90.94,183.81,37.36,78.18,1,-1,-1,-1
67,21,398.67,155.64,41.82,85.53,1,-1,-1,-1
67,66,25.26,177.03,64.84,95.92,1,-1,-1,-1
67,68,149.33,179.66,28.26,70.38,1,-1,-1,-1
68,1,160.45,188.52,254.82,158.83,1,-1,-1,-1
68,38,633.44,155.25,43.12,90.69,1,-1,-1,-1
68,47,460.28,169.54,31.00,23.84,1,-1,-1,-1
68,50,66.89,185.29,39.17,79.80,1,-1,-1,-1
68,21,398.31,155.02,47.64,99.07,1,-1,-1,-1
68,66,-6.80,177.44,66.62,99.80,1,-1,-1,-1
68,68,141.36,179.63,27.61,68.85,1,-1,-1,-1
69,1,129.50,190.06,275.25,168.98,1,-1,-1,-1
69,38,638.09,155.95,43.88,92.57,1,-1,-1,-1
69,47,459.19,169.54,31.25,24.09,1,-1,-1,-1
69,50,43.77,185.45,39.58,81.84,1,-1,-1,-1
69,21,401.90,155.17,52.37,108.47,1,-1,-1,-1
69,68,135.87,178.74,22.00,54.28,1,-1,-1,-1
70,1,99.86,192.26,289.21,173.47,1,-1,-1,-1
70,38,649.49,157.13,46.85,94.64,1,-1,-1,-1
70,47,458.20,169.82,31.52,24.34,1,-1,-1,-1
70,50,19.57,186.25,40.82,85.07,1,-1,-1,-1
70,21,406.53,156.21,54.09,113.32,1,-1,-1,-1
70,27,891.10,149.29,114.13,57.28,1,-1,-1,-1
71,1,69.29,194.14,300.75,174.69,1,-1,-1,-1
71,38,660.22,156.34,48.38,97.31,1,-1,-1,-1
71,47,457.37,169.89,31.93,24.69,1,-1,-1,-1
71,50,0.41,187.82,40.85,85.13,1,-1,-1,-1
71,21,403.12,155.82,56.22,118.56,1,-1,-1,-1
71,76,348.49,165.13,58.09,73.16,1,-1,-1,-1
72,1,46.64,196.43,309.21,173.97,1,-1,-1,-1
72,38,666.55,154.25,49.16,102.33,1,-1,-1,-1
72,47,456.21,169.97,32.10,24.79,1,-1,-1,-1
72,21,405.33,153.80,58.30,123.63,1,-1,-1,-1
72,76,352.52,164.80,64.62,81.90,1,-1,-1,-1
73,1,33.99,198.14,314.99,172.63,1,-1,-1,-1
73,38,678.28,154.52,50.92,104.63,1,-1,-1,-1
73,47,455.44,169.88,32.31,24.94,1,-1,-1,-1
73,21,409.46,151.93,58.95,128.59,1,-1,-1,-1
73,76,360.23,164.41,68.45,87.74,1,-1,-1,-1
74,1,26.16,200.13,318.35,170.69,1,-1,-1,-1
74,38,687.32,155.77,53.30,106.44,1,-1,-1,-1
74,47,454.92,169.83,32.01,24.65,1,-1,-1,-1
74,21,413.96,151.68,59.99,132.71,1,-1,-1,-1
74,76,370.55,164.27,68.90,89.66,1,-1,-1,-1
74,68,116.36,178.01,12.32,27.44,1,-1,-1,-1
75,1,19.98,201.50,320.88,169.10,1,-1,-1,-1
75,38,695.74,155.07,55.30,109.44,1,-1,-1,-1
75,47,454.51,169.46,31.60,24.22,1,-1,-1,-1
75,21,418.31,152.84,62.46,135.88,1,-1,-1,-1
75,68,112.76,178.12,12.94,26.20,1,-1,-1,-1
76,1,15.42,203.10,321.73,167.16,1,-1,-1,-1
76,38,711.04,153.29,56.35,113.81,1,-1,-1,-1
76,47,456.00,169.23,31.17,24.25,1,-1,-1,-1
76,21,419.09,152.83,64.55,139.27,1,-1,-1,-1
76,68,109.65,178.44,13.82,26.12,1,-1,-1,-1
77,1,11.70,204.82,321.61,165.22,1,-1,-1,-1
77,38,730.17,151.65,57.96,118.04,1,-1,-1,-1
77,21,424.83,151.39,65.65,143.62,1,-1,-1,-1
77,68,106.29,178.69,15.29,27.05,1,-1,-1,-1
78,1,8.66,206.67,320.33,163.12,1,-1,-1,-1
78,38,743.14,152.14,59.79,120.17,1,-1,-1,-1
78,21,439.42,149.62,66.25,146.21,1,-1,-1,-1
78,68,103.31,178.01,17.44,29.41,1,-1,-1,-1
78,79,75.20,181.40,28.62,27.74,1,-1,-1,-1
79,1,5.95,208.41,318.52,161.14,1,-1,-1,-1
79,38,754.08,152.53,61.77,122.63,1,-1,-1,-1
79,21,445.88,149.60,67.02,149.05,1,-1,-1,-1
80,1,3.81,210.43,315.98,159.06,1,-1,-1,-1
80,38,768.84,149.89,62.83,126.52,1,-1,-1,-1
80,21,452.74,150.99,69.26,152.45,1,-1,-1,-1
80,47,449.41,168.79,32.67,25.62,1,-1,-1,-1
80,68,101.17,177.78,20.95,34.08,1,-1,-1,-1
80,79,72.87,182.27,31.41,30.33,1,-1,-1,-1
81,1,2.21,212.67,312.43,156.69,1,-1,-1,-1
81,38,786.62,148.10,62.93,130.09,1,-1,-1,-1
81,21,457.41,152.30,71.71,153.75,1,-1,-1,-1
81,47,448.50,168.42,33.21,26.14,1,-1,-1,-1
81,68,100.93,178.00,23.05,36.40,1,-1,-1,-1
82,1,0.32,214.11,309.97,155.14,1,-1,-1,-1
82,38,802.65,148.48,64.50,132.09,1,-1,-1,-1
82,21,463.57,151.25,73.65,157.31,1,-1,-1,-1
82,47,448.39,168.29,33.41,26.30,1,-1,-1,-1
82,79,72.39,180.15,37.75,36.65,1,-1,-1,-1
83,1,-0.90,215.47,307.20,153.57,1,-1,-1,-1
83,38,815.50,149.81,66.60,132.85,1,-1,-1,-1
83,21,474.74,148.54,72.43,156.67,1,-1,-1,-1
83,47,448.48,168.16,33.85,26.55,1,-1,-1,-1
83,79,73.03,179.63,40.68,39.67,1,-1,-1,-1
84,1,-1.55,217.00,304.04,151.88,1,-1,-1,-1
84,38,828.84,149.13,67.07,134.12,1,-1,-1,-1
84,21,488.74,147.87,70.84,159.39,1,-1,-1,-1
84,47,448.19,168.34,34.16,26.68,1,-1,-1,-1
84,79,75.31,180.35,42.48,41.91,1,-1,-1,-1
85,1,-1.79,218.77,300.35,149.99,1,-1,-1,-1
85,38,846.84,146.76,65.93,137.59,1,-1,-1,-1
85,21,504.94,148.55,71.93,160.82,1,-1,-1,-1
85,47,447.97,168.71,34.45,26.81,1,-1,-1,-1
86,1,-2.11,220.13,297.48,148.58,1,-1,-1,-1
86,38,866.60,146.06,66.90,139.98,1,-1,-1,-1
86,21,515.27,150.22,73.96,161.84,1,-1,-1,-1
86,47,447.73,169.09,34.57,26.81,1,-1,-1,-1
87,1,-2.33,221.19,295.05,147.43,1,-1,-1,-1
87,38,881.87,147.70,69.29,140.67,1,-1,-1,-1
87,21,520.95,150.94,74.64,160.89,1,-1,-1,-1
87,47,447.47,169.17,34.79,26.94,1,-1,-1,-1
88,1,-1.96,222.51,291.97,145.91,1,-1,-1,-1
88,38,892.53,147.64,70.93,142.72,1,-1,-1,-1
88,21,531.01,149.52,74.55,162.75,1,-1,-1,-1
88,47,447.24,169.27,34.98,27.07,1,-1,-1,-1
88,79,60.72,179.96,92.07,95.25,1,-1,-1,-1
89,1,-2.00,223.31,290.17,145.10,1,-1,-1,-1
89,38,908.57,145.12,69.66,144.92,1,-1,-1,-1
89,21,536.26,147.73,73.71,160.93,1,-1,-1,-1
89,47,447.14,169.29,35.08,27.14,1,-1,-1,-1
90,1,-1.78,223.67,289.05,144.61,1,-1,-1,-1
90,38,929.54,143.27,69.76,147.48,1,-1,-1,-1
90,21,559.93,147.96,73.46,162.25,1,-1,-1,-1
90,47,447.09,169.30,35.19,27.23,1,-1,-1,-1
90,85,136.66,175.57,28.55,79.54,1,-1,-1,-1
91,1,-1.68,223.80,288.47,144.42,1,-1,-1,-1
91,38,945.77,144.83,70.69,146.32,1,-1,-1,-1
91,21,576.12,149.83,75.59,163.79,1,-1,-1,-1
91,47,447.10,169.33,35.22,27.26,1,-1,-1,-1
92,1,-1.22,223.88,287.95,144.20,1,-1,-1,-1
92,38,955.12,145.38,72.51,145.74,1,-1,-1,-1
92,21,584.48,151.47,76.39,162.07,1,-1,-1,-1
92,47,447.11,169.33,35.22,27.26,1,-1,-1,-1
92,85,127.95,177.46,27.76,76.84,1,-1,-1,-1
93,1,-0.17,224.99,286.11,143.18,1,-1,-1,-1
93,38,969.18,143.86,72.30,145.54,1,-1,-1,-1
93,21,593.66,150.22,77.10,164.44,1,-1,-1,-1
93,47,447.45,170.11,35.05,27.05,1,-1,-1,-1
93,85,130.58,178.61,29.34,81.11,1,-1,-1,-1
94,1,1.12,226.38,283.97,141.88,1,-1,-1,-1
94,38,987.98,142.51,71.48,146.59,1,-1,-1,-1
94,21,606.76,150.08,74.04,163.13,1,-1,-1,-1
94,47,447.52,171.39,35.06,27.02,1,-1,-1,-1
94,85,134.50,179.96,29.92,83.40,1,-1,-1,-1
94,87,175.21,172.90,29.69,103.41,1,-1,-1,-1
94,88,589.66,161.61,49.20,143.16,1,-1,-1,-1
95,1,1.87,227.31,282.75,141.01,1,-1,-1,-1
95,38,1006.28,142.49,72.10,146.49,1,-1,-1,-1
95,21,623.02,149.65,72.21,164.57,1,-1,-1,-1
95,47,447.68,172.10,34.89,26.87,1,-1,-1,-1
95,87,178.75,173.17,29.71,103.20,1,-1,-1,-1
95,88,603.39,161.11,48.18,140.90,1,-1,-1,-1
96,1,1.53,226.99,283.76,141.36,1,-1,-1,-1
96,38,1019.32,142.99,74.35,145.31,1,-1,-1,-1
96,21,640.89,150.43,73.03,164.15,1,-1,-1,-1
96,47,447.66,172.14,35.03,26.94,1,-1,-1,-1
96,87,186.97,173.74,29.90,102.66,1,-1,-1,-1
96,88,622.19,159.75,48.18,141.82,1,-1,-1,-1
97,1,1.58,227.06,283.88,141.25,1,-1,-1,-1
97,38,1026.79,142.81,76.07,145.20,1,-1,-1,-1
97,21,650.82,152.14,74.38,163.41,1,-1,-1,-1
97,47,447.71,172.33,34.97,26.87,1,-1,-1,-1
97,87,193.28,173.78,30.03,101.47,1,-1,-1,-1
97,88,639.38,160.80,48.40,140.65,1,-1,-1,-1
98,1,1.41,226.98,284.27,141.32,1,-1,-1,-1
98,38,1038.59,138.66,75.98,147.51,1,-1,-1,-1
98,21,655.88,152.46,75.99,164.20,1,-1,-1,-1
98,47,447.68,172.18,35.06,26.91,1,-1,-1,-1
98,87,200.17,172.64,30.62,102.89,1,-1,-1,-1
98,88,648.81,161.94,49.03,139.35,1,-1,-1,-1
99,1,1.21,226.79,285.01,141.58,1,-1,-1,-1
99,38,1054.32,135.70,74.57,149.70,1,-1,-1,-1
99,21,665.25,150.68,75.60,165.89,1,-1,-1,-1
99,47,447.70,172.05,35.12,26.92,1,-1,-1,-1
99,87,208.94,171.55,30.49,101.16,1,-1,-1,-1
99,88,653.36,162.03,50.09,140.15,1,-1,-1,-1
99,89,185.24,177.23,28.16,100.08,1,-1,-1,-1
99,27,951.12,157.72,71.71,37.42,1,-1,-1,-1
100,1,1.33,226.90,284.92,141.40,1,-1,-1,-1
100,38,1074.11,135.71,75.06,150.55,1,-1,-1,-1
100,21,677.14,149.17,73.94,166.67,1,-1,-1,-1
100,47,447.69,172.23,35.08,26.88,1,-1,-1,-1
100,87,218.51,171.38,31.10,100.65,1,-1,-1,-1
100,88,662.42,161.48,50.02,140.71,1,-1,-1,-1
100,89,189.41,177.59,28.87,101.41,1,-1,-1,-1
101,1,1.09,226.67,285.53,141.62,1,-1,-1,-1
101,38,1086.69,136.64,75.26,148.09,1,-1,-1,-1
101,21,697.04,148.87,73.22,166.78,1,-1,-1,-1
101,47,447.67,172.10,35.15,26.90,1,-1,-1,-1
101,87,227.59,171.33,31.97,100.02,1,-1,-1,-1
101,89,193.90,176.52,29.68,102.70,1,-1,-1,-1
101,27,919.79,151.60,139.87,90.30,1,-1,-1,-1
102,1,1.00,226.52,285.89,141.73,1,-1,-1,-1
102,38,1096.95,134.73,75.42,148.44,1,-1,-1,-1
102,21,713.01,151.32,74.17,164.97,1,-1,-1,-1
102,47,447.66,171.99,35.21,26.92,1,-1,-1,-1
102,87,232.19,171.95,33.87,101.56,1,-1,-1,-1
102,89,200.37,174.88,30.43,104.76,1,-1,-1,-1
102,90,891.49,159.84,84.80,38.59,1,-1,-1,-1
102,88,693.72,159.72,51.30,142.93,1,-1,-1,-1
103,1,1.06,226.66,285.76,141.58,1,-1,-1,-1
103,38,1112.68,130.72,73.88,149.99,1,-1,-1,-1
103,21,720.82,152.37,75.62,163.97,1,-1,-1,-1
103,47,447.66,172.12,35.14,26.84,1,-1,-1,-1
103,87,238.77,171.01,34.69,102.14,1,-1,-1,-1
103,89,207.53,174.40,30.47,104.37,1,-1,-1,-1
103,90,877.98,161.03,83.12,37.59,1,-1,-1,-1
103,88,704.48,160.49,53.12,142.71,1,-1,-1,-1
104,1,0.99,226.55,286.08,141.66,1,-1,-1,-1
104,38,1132.90,129.04,74.26,151.06,1,-1,-1,-1
104,21,730.69,150.94,74.93,162.75,1,-1,-1,-1
104,47,447.65,172.08,35.15,26.81,1,-1,-1,-1
104,87,245.60,169.89,34.68,102.79,1,-1,-1,-1
104,89,215.90,174.63,31.21,104.87,1,-1,-1,-1
104,90,859.94,162.10,81.70,36.60,1,-1,-1,-1
104,88,708.24,160.55,53.53,141.39,1,-1,-1,-1
105,1,0.95,226.51,286.22,141.69,1,-1,-1,-1
105,38,1145.21,129.71,74.76,150.15,1,-1,-1,-1
105,21,743.87,148.26,73.42,164.26,1,-1,-1,-1
105,47,447.66,172.08,35.20,26.84,1,-1,-1,-1
105,87,252.63,169.43,34.91,104.27,1,-1,-1,-1
105,89,221.03,175.02,31.84,104.38,1,-1,-1,-1
105,90,841.64,162.56,81.68,36.17,1,-1,-1,-1
105,88,717.72,159.49,53.45,142.61,1,-1,-1,-1
106,1,0.99,226.58,286.22,141.62,1,-1,-1,-1
106,38,1149.94,129.08,75.60,150.87,1,-1,-1,-1
106,21,760.82,147.29,72.93,166.61,1,-1,-1,-1
106,47,447.63,172.06,35.25,26.85,1,-1,-1,-1
106,87,261.73,169.48,35.58,104.32,1,-1,-1,-1
106,89,227.45,174.42,32.19,104.93,1,-1,-1,-1
106,90,824.16,163.27,81.36,35.56,1,-1,-1,-1
106,88,732.69,157.77,52.99,144.99,1,-1,-1,-1
107,1,1.05,226.56,286.28,141.58,1,-1,-1,-1
107,38,1158.60,127.42,73.96,150.30,1,-1,-1,-1
107,21,778.70,148.55,74.32,165.57,1,-1,-1,-1
107,47,447.48,172.06,35.35,26.92,1,-1,-1,-1
107,87,268.52,169.74,36.23,104.07,1,-1,-1,-1
107,89,234.50,173.25,32.30,105.17,1,-1,-1,-1
107,90,814.18,163.50,80.99,35.34,1,-1,-1,-1
107,88,749.24,157.62,53.86,145.77,1,-1,-1,-1
108,1,1.06,226.66,286.21,141.48,1,-1,-1,-1
108,21,787.31,150.49,76.28,164.16,1,-1,-1,-1
108,47,447.54,172.12,35.31,26.87,1,-1,-1,-1
108,87,275.78,168.89,36.61,104.98,1,-1,-1,-1
108,89,241.16,172.88,33.13,107.13,1,-1,-1,-1
108,88,762.19,158.70,56.18,145.09,1,-1,-1,-1
109,1,0.86,226.47,286.74,141.70,1,-1,-1,-1
109,21,793.61,150.37,77.77,164.13,1,-1,-1,-1
109,47,447.54,172.05,35.41,26.93,1,-1,-1,-1
109,87,282.34,167.72,36.76,105.33,1,-1,-1,-1
109,89,250.91,173.37,33.93,105.64,1,-1,-1,-1
109,88,768.50,159.42,58.17,143.65,1,-1,-1,-1
110,1,0.91,226.61,286.70,141.63,1,-1,-1,-1
110,21,804.48,148.41,77.35,165.68,1,-1,-1,-1
110,47,447.51,172.10,35.36,26.89,1,-1,-1,-1
110,87,290.45,167.06,36.98,105.06,1,-1,-1,-1
110,89,254.97,173.85,35.19,105.62,1,-1,-1,-1
110,88,776.55,159.72,57.09,140.06,1,-1,-1,-1
111,1,0.88,226.50,286.95,141.71,1,-1,-1,-1
111,21,820.55,146.85,74.77,166.03,1,-1,-1,-1
111,47,447.49,172.04,35.41,26.91,1,-1,-1,-1
111,87,299.91,168.11,37.95,104.36,1,-1,-1,-1
111,89,258.76,172.98,36.55,107.30,1,-1,-1,-1
111,88,789.74,158.20,56.88,143.96,1,-1,-1,-1
111,90,741.40,165.45,77.33,33.83,1,-1,-1,-1
112,1,0.85,226.53,286.93,141.67,1,-1,-1,-1
112,21,838.92,147.93,73.47,164.48,1,-1,-1,-1
112,47,447.56,172.01,35.39,26.88,1,-1,-1,-1
112,87,306.42,169.42,38.59,102.01,1,-1,-1,-1
112,89,267.94,171.30,36.73,107.58,1,-1,-1,-1
112,88,802.15,156.96,56.76,147.53,1,-1,-1,-1
112,90,731.68,166.39,76.47,33.05,1,-1,-1,-1
113,1,0.85,226.55,286.99,141.67,1,-1,-1,-1
113,21,852.44,150.00,74.28,162.57,1,-1,-1,-1
113,47,447.57,172.05,35.40,26.88,1,-1,-1,-1
113,87,313.29,169.62,39.94,102.75,1,-1,-1,-1
113,89,277.93,170.91,35.91,105.74,1,-1,-1,-1
113,88,818.48,157.69,58.49,147.38,1,-1,-1,-1
113,90,721.89,166.85,75.73,32.27,1,-1,-1,-1
114,1,0.80,226.55,287.10,141.70,1,-1,-1,-1
114,21,859.29,149.99,76.06,162.83,1,-1,-1,-1
114,47,447.62,172.02,35.39,26.86,1,-1,-1,-1
114,87,321.37,168.53,39.98,103.89,1,-1,-1,-1
114,89,286.13,171.55,36.65,106.49,1,-1,-1,-1
114,88,827.36,157.69,60.43,146.21,1,-1,-1,-1
114,90,710.79,167.19,75.42,31.87,1,-1,-1,-1
115,1,0.68,226.46,287.28,141.78,1,-1,-1,-1
115,21,869.18,148.13,76.04,163.71,1,-1,-1,-1
115,47,447.64,172.04,35.30,26.77,1,-1,-1,-1
115,87,329.30,168.58,39.42,104.02,1,-1,-1,-1
115,89,295.51,172.53,37.12,106.79,1,-1,-1,-1
115,88,836.55,156.56,60.50,146.57,1,-1,-1,-1
115,90,700.36,167.26,74.49,31.30,1,-1,-1,-1
116,1,0.66,226.46,287.35,141.79,1,-1,-1,-1
116,21,884.14,145.54,74.51,164.90,1,-1,-1,-1
116,47,447.61,172.03,35.40,26.83,1,-1,-1,-1
116,87,339.97,168.93,39.76,103.86,1,-1,-1,-1
116,89,303.91,172.90,36.76,107.14,1,-1,-1,-1
116,88,850.94,155.37,58.66,146.13,1,-1,-1,-1
116,90,690.31,167.11,74.29,31.25,1,-1,-1,-1
117,1,0.41,226.22,287.87,142.08,1,-1,-1,-1
117,21,901.33,145.03,73.74,165.04,1,-1,-1,-1
117,47,447.61,172.02,35.44,26.86,1,-1,-1,-1
117,87,348.22,169.39,40.68,103.49,1,-1,-1,-1
117,89,314.78,172.30,31.33,91.14,1,-1,-1,-1
117,88,863.70,154.68,57.92,147.39,1,-1,-1,-1
117,90,681.51,166.80,73.12,30.91,1,-1,-1,-1
118,1,0.43,226.24,287.86,142.07,1,-1,-1,-1
118,21,918.85,145.77,76.23,164.85,1,-1,-1,-1
118,47,447.58,172.05,35.44,26.84,1,-1,-1,-1
118,87,355.83,169.68,41.14,104.49,1,-1,-1,-1
118,89,320.56,171.46,34.95,102.29,1,-1,-1,-1
118,88,880.93,155.32,60.75,147.94,1,-1,-1,-1
118,90,674.19,167.02,70.63,30.06,1,-1,-1,-1
119,1,0.41,226.18,287.90,142.10,1,-1,-1,-1
119,21,926.96,147.95,78.38,163.14,1,-1,-1,-1
119,47,447.60,172.07,35.39,26.78,1,-1,-1,-1
119,87,363.74,168.78,40.77,104.80,1,-1,-1,-1
119,89,329.93,171.79,37.19,104.76,1,-1,-1,-1
119,88,890.07,156.54,63.68,146.75,1,-1,-1,-1
119,90,667.25,166.88,69.07,29.77,1,-1,-1,-1
120,1,0.40,226.20,287.85,142.09,1,-1,-1,-1
120,21,932.40,147.10,80.44,163.67,1,-1,-1,-1
120,47,447.60,172.10,35.41,26.79,1,-1,-1,-1
120,87,374.03,168.36,40.63,103.56,1,-1,-1,-1
120,89,334.78,172.76,39.40,106.89,1,-1,-1,-1
120,88,897.35,156.60,64.69,145.76,1,-1,-1,-1
120,90,661.37,167.03,66.72,29.15,1,-1,-1,-1
121,1,0.31,226.12,287.96,142.16,1,-1,-1,-1
121,21,942.45,144.56,80.32,165.21,1,-1,-1,-1
121,47,447.60,172.08,35.41,26.78,1,-1,-1,-1
121,87,385.37,168.50,42.25,104.40,1,-1,-1,-1
121,89,341.21,172.64,40.00,107.40,1,-1,-1,-1
121,88,910.00,154.62,61.21,140.24,1,-1,-1,-1
121,90,656.44,167.01,64.62,28.73,1,-1,-1,-1
122,1,0.36,226.12,287.88,142.14,1,-1,-1,-1
122,21,958.28,142.84,78.60,166.75,1,-1,-1,-1
122,47,447.57,172.08,35.45,26.81,1,-1,-1,-1
122,87,391.90,169.08,43.22,103.39,1,-1,-1,-1
122,89,353.45,171.81,38.80,106.49,1,-1,-1,-1
122,88,924.52,153.42,62.07,146.98,1,-1,-1,-1
122,90,652.41,167.21,62.04,28.20,1,-1,-1,-1
123,1,0.35,226.12,287.79,142.11,1,-1,-1,-1
123,21,979.40,142.58,78.16,167.01,1,-1,-1,-1
123,47,447.64,172.16,35.40,26.77,1,-1,-1,-1
123,87,398.61,170.80,42.98,102.13,1,-1,-1,-1
123,89,364.18,172.16,38.81,106.93,1,-1,-1,-1
123,88,938.90,153.35,62.09,148.91,1,-1,-1,-1
123,90,649.64,168.06,58.61,27.23,1,-1,-1,-1
124,1,0.36,226.05,287.82,142.14,1,-1,-1,-1
124,21,995.28,143.50,79.77,166.43,1,-1,-1,-1
124,47,447.62,172.09,35.52,26.89,1,-1,-1,-1
124,87,405.92,169.27,42.64,103.14,1,-1,-1,-1
124,89,373.24,173.21,40.04,106.28,1,-1,-1,-1
124,88,953.18,154.15,63.86,148.10,1,-1,-1,-1
124,90,647.42,168.07,55.82,26.56,1,-1,-1,-1
125,1,0.40,226.13,287.67,142.08,1,-1,-1,-1
125,21,1002.72,143.16,80.37,164.06,1,-1,-1,-1
125,47,447.81,172.11,35.13,26.56,1,-1,-1,-1
125,87,413.38,168.17,42.32,104.30,1,-1,-1,-1
125,89,380.26,174.27,40.78,105.18,1,-1,-1,-1
125,88,964.56,153.67,64.89,149.68,1,-1,-1,-1
125,90,645.56,168.07,53.25,25.97,1,-1,-1,-1
126,1,0.42,226.15,287.72,142.10,1,-1,-1,-1
126,21,1010.85,140.68,80.10,164.08,1,-1,-1,-1
126,47,447.95,172.13,34.61,26.07,1,-1,-1,-1
126,87,425.26,169.36,42.21,102.57,1,-1,-1,-1
126,89,389.79,173.36,40.48,105.10,1,-1,-1,-1
126,88,980.05,151.38,61.34,144.70,1,-1,-1,-1
126,90,643.99,168.13,51.04,25.53,1,-1,-1,-1
127,1,0.50,226.26,287.52,142.00,1,-1,-1,-1
127,21,1025.52,136.76,79.53,166.36,1,-1,-1,-1
127,47,450.06,171.91,33.92,25.91,1,-1,-1,-1
127,87,433.89,169.74,42.73,102.39,1,-1,-1,-1
127,89,401.99,172.37,39.57,105.28,1,-1,-1,-1
127,88,994.36,150.19,61.73,148.34,1,-1,-1,-1
127,90,643.25,168.33,48.01,24.62,1,-1,-1,-1
128,1,0.53,226.30,287.46,141.97,1,-1,-1,-1
128,21,1042.54,135.07,79.15,167.03,1,-1,-1,-1
128,87,441.43,170.12,42.48,102.79,1,-1,-1,-1
128,89,412.37,172.36,40.89,107.28,1,-1,-1,-1
128,88,1012.99,150.54,64.10,149.06,1,-1,-1,-1
128,90,641.91,167.84,46.93,24.72,1,-1,-1,-1
129,1,0.61,226.39,287.30,141.87,1,-1,-1,-1
129,21,1064.04,135.19,82.35,167.72,1,-1,-1,-1
129,87,448.88,169.28,41.56,102.54,1,-1,-1,-1
129,89,418.98,173.10,42.21,106.83,1,-1,-1,-1
129,88,1022.99,150.98,66.79,148.15,1,-1,-1,-1
129,90,640.39,167.22,46.28,25.19,1,-1,-1,-1
130,1,0.67,226.42,287.30,141.85,1,-1,-1,-1
130,21,1073.24,135.14,85.22,167.55,1,-1,-1,-1
130,87,458.58,168.50,41.15,102.86,1,-1,-1,-1
130,89,424.81,172.42,43.00,107.47,1,-1,-1,-1
130,88,1029.89,148.93,68.83,148.45,1,-1,-1,-1
130,90,640.21,167.05,44.28,24.87,1,-1,-1,-1
131,1,0.66,226.35,287.39,141.88,1,-1,-1,-1
131,21,1079.27,133.00,88.45,169.57,1,-1,-1,-1
131,87,470.18,168.44,41.68,101.83,1,-1,-1,-1
131,89,438.07,172.20,40.88,104.46,1,-1,-1,-1
131,88,1038.93,146.39,66.77,145.48,1,-1,-1,-1
131,90,640.66,167.55,41.13,23.72,1,-1,-1,-1
132,1,0.75,226.38,287.37,141.85,1,-1,-1,-1
132,21,1087.08,129.07,89.37,172.77,1,-1,-1,-1
132,87,478.84,169.17,42.76,103.01,1,-1,-1,-1
132,89,448.44,172.03,40.15,104.90,1,-1,-1,-1
132,88,1052.18,143.61,65.46,147.21,1,-1,-1,-1
132,90,641.39,168.10,38.17,22.52,1,-1,-1,-1
132,47,448.07,172.17,33.94,25.95,1,-1,-1,-1
133,1,0.95,226.54,287.09,141.66,1,-1,-1,-1
133,21,1104.71,127.04,86.96,173.88,1,-1,-1,-1
133,87,485.69,168.38,42.10,102.53,1,-1,-1,-1
133,89,457.88,171.83,41.49,105.77,1,-1,-1,-1
133,88,1067.30,142.63,65.54,149.61,1,-1,-1,-1
133,90,641.90,168.41,35.85,21.56,1,-1,-1,-1
133,47,446.19,172.19,33.77,26.28,1,-1,-1,-1
134,1,0.72,226.36,287.47,141.85,1,-1,-1,-1
134,21,1122.16,126.45,86.06,174.94,1,-1,-1,-1
134,87,492.60,167.30,41.52,103.47,1,-1,-1,-1
134,89,464.26,172.65,42.27,105.05,1,-1,-1,-1
134,88,1078.86,142.78,65.99,150.56,1,-1,-1,-1
134,90,640.75,167.80,35.05,21.61,1,-1,-1,-1
134,47,446.69,172.04,34.17,26.65,1,-1,-1,-1
135,1,0.68,226.40,287.54,141.87,1,-1,-1,-1
135,21,1137.24,126.99,85.95,175.14,1,-1,-1,-1
135,87,500.35,166.95,40.38,102.99,1,-1,-1,-1
135,88,1085.76,141.76,66.23,151.29,1,-1,-1,-1
135,90,639.89,167.30,34.36,21.67,1,-1,-1,-1
135,47,447.27,172.06,34.48,26.82,1,-1,-1,-1
136,1,0.64,226.37,287.58,141.88,1,-1,-1,-1
136,21,1143.85,127.34,85.17,174.40,1,-1,-1,-1
136,87,512.87,167.91,40.18,101.39,1,-1,-1,-1
136,88,1098.68,139.47,64.50,150.16,1,-1,-1,-1
136,90,639.51,167.11,33.29,21.46,1,-1,-1,-1
136,47,447.54,172.04,34.70,26.93,1,-1,-1,-1
136,89,486.87,171.30,40.96,104.16,1,-1,-1,-1
137,1,0.56,226.29,287.69,141.94,1,-1,-1,-1
137,21,1148.47,126.06,84.46,175.32,1,-1,-1,-1
137,87,522.92,168.80,40.29,101.59,1,-1,-1,-1
137,88,1114.98,136.40,63.35,149.57,1,-1,-1,-1
137,90,639.22,166.96,32.49,21.34,1,-1,-1,-1
137,47,447.60,172.03,34.83,26.96,1,-1,-1,-1
137,89,497.02,171.32,41.60,105.50,1,-1,-1,-1
138,1,0.61,226.36,287.56,141.86,1,-1,-1,-1
138,21,1164.88,135.84,73.84,159.44,1,-1,-1,-1
138,87,529.02,169.37,39.16,100.53,1,-1,-1,-1
138,88,1129.75,135.85,63.89,151.09,1,-1,-1,-1
138,90,639.00,166.82,31.78,21.23,1,-1,-1,-1
138,47,447.65,172.10,34.88,26.95,1,-1,-1,-1
138,89,503.22,172.30,42.21,104.31,1,-1,-1,-1
139,1,0.61,226.38,287.61,141.88,1,-1,-1,-1
139,87,536.00,168.07,38.80,102.09,1,-1,-1,-1
139,88,1143.80,136.65,66.15,150.55,1,-1,-1,-1
139,90,638.50,166.31,31.44,21.43,1,-1,-1,-1
139,47,447.65,172.08,34.92,26.93,1,-1,-1,-1
139,89,509.33,171.91,43.08,105.15,1,-1,-1,-1
140,1,0.58,226.39,287.63,141.89,1,-1,-1,-1
140,87,545.83,168.18,37.70,99.83,1,-1,-1,-1
140,88,1148.65,136.72,68.51,151.47,1,-1,-1,-1
140,90,638.41,166.42,30.34,21.07,1,-1,-1,-1
140,47,447.70,172.15,34.89,26.86,1,-1,-1,-1
140,89,520.00,171.43,40.74,101.41,1,-1,-1,-1
141,1,0.62,226.42,287.59,141.86,1,-1,-1,-1
141,87,557.72,168.62,38.27,99.13,1,-1,-1,-1
141,88,1152.19,134.70,70.84,155.02,1,-1,-1,-1
141,90,637.88,166.17,29.87,21.20,1,-1,-1,-1
141,47,447.62,172.06,35.10,26.99,1,-1,-1,-1
141,89,530.85,171.00,39.79,101.92,1,-1,-1,-1
142,1,0.75,226.48,287.36,141.72,1,-1,-1,-1
142,87,566.20,171.05,38.46,98.29,1,-1,-1,-1
142,88,1162.53,132.10,69.32,155.30,1,-1,-1,-1
142,90,637.66,166.27,28.91,20.90,1,-1,-1,-1
142,47,447.56,172.03,35.16,27.01,1,-1,-1,-1
142,89,541.00,171.73,40.78,102.79,1,-1,-1,-1
143,1,0.61,226.39,287.57,141.83,1,-1,-1,-1
143,87,572.09,169.32,38.89,100.68,1,-1,-1,-1
143,90,637.43,166.11,28.22,20.76,1,-1,-1,-1
143,47,447.54,172.03,35.24,27.05,1,-1,-1,-1
143,89,546.56,172.54,41.83,103.09,1,-1,-1,-1
144,1,0.50,226.22,287.83,141.98,1,-1,-1,-1
144,87,578.20,167.69,38.12,101.70,1,-1,-1,-1
144,90,637.28,166.06,27.49,20.58,1,-1,-1,-1
144,47,447.56,172.00,35.24,27.02,1,-1,-1,-1
144,89,553.50,172.32,42.09,102.86,1,-1,-1,-1
145,1,0.61,226.29,287.62,141.86,1,-1,-1,-1
145,90,637.50,166.27,26.24,19.92,1,-1,-1,-1
145,47,447.60,172.00,35.25,27.01,1,-1,-1,-1
145,89,564.98,171.26,40.02,101.42,1,-1,-1,-1
146,1,0.63,226.32,287.60,141.85,1,-1,-1,-1
146,90,637.66,166.51,24.99,19.21,1,-1,-1,-1
146,47,447.60,172.06,35.21,26.95,1,-1,-1,-1
146,89,575.28,170.75,39.42,102.39,1,-1,-1,-1
146,87,598.62,167.37,38.10,100.99,1,-1,-1,-1
147,1,0.64,226.35,287.61,141.84,1,-1,-1,-1
147,90,637.58,166.42,24.23,18.87,1,-1,-1,-1
147,47,447.60,172.06,35.24,26.94,1,-1,-1,-1
147,89,584.83,171.42,40.49,103.20,1,-1,-1,-1
147,87,607.81,168.26,37.78,99.83,1,-1,-1,-1
148,1,0.67,226.35,287.55,141.80,1,-1,-1,-1
148,90,637.64,166.27,23.39,18.42,1,-1,-1,-1
148,47,447.61,172.07,35.23,26.91,1,-1,-1,-1
148,89,589.69,171.17,41.37,103.84,1,-1,-1,-1
148,87,613.28,167.08,37.93,102.58,1,-1,-1,-1
149,1,0.55,226.23,287.75,141.91,1,-1,-1,-1
149,90,638.11,166.13,22.52,17.93,1,-1,-1,-1
149,47,447.58,172.01,35.28,26.94,1,-1,-1,-1
149,89,597.12,170.94,41.01,103.42,1,-1,-1,-1
150,1,0.66,226.37,287.39,141.71,1,-1,-1,-1
150,47,447.53,172.01,35.38,26.98,1,-1,-1,-1
151,1,0.77,226.54,287.23,141.61,1,-1,-1,-1
151,47,447.54,171.98,35.41,26.99,1,-1,-1,-1
151,87,638.63,166.45,37.17,100.54,1,-1,-1,-1
151,89,617.85,170.03,41.04,104.32,1,-1,-1,-1
152,1,0.78,226.57,287.25,141.60,1,-1,-1,-1
152,47,447.56,172.02,35.42,26.96,1,-1,-1,-1
152,89,627.41,168.86,43.30,105.76,1,-1,-1,-1
153,1,0.81,226.64,287.17,141.52,1,-1,-1,-1
153,47,447.54,172.00,35.45,26.96,1,-1,-1,-1
154,1,0.69,226.54,287.35,141.61,1,-1,-1,-1
154,47,447.49,171.93,35.54,27.03,1,-1,-1,-1
154,90,636.60,166.60,20.93,16.50,1,-1,-1,-1
154,89,643.83,168.17,43.48,105.30,1,-1,-1,-1
155,1,0.63,226.56,287.46,141.66,1,-1,-1,-1
155,47,447.51,171.97,35.50,26.99,1,-1,-1,-1
155,90,636.20,167.05,19.96,15.59,1,-1,-1,-1
155,89,653.61,167.95,42.46,103.98,1,-1,-1,-1
156,1,0.58,226.49,287.65,141.75,1,-1,-1,-1
156,47,447.45,171.92,35.59,27.06,1,-1,-1,-1
156,90,635.55,167.10,19.58,15.31,1,-1,-1,-1
156,89,663.19,169.54,43.36,104.28,1,-1,-1,-1
157,1,0.44,226.32,287.94,141.92,1,-1,-1,-1
157,47,447.45,171.97,35.52,26.98,1,-1,-1,-1
157,90,635.23,167.11,19.34,15.18,1,-1,-1,-1
157,89,670.77,170.52,44.85,103.54,1,-1,-1,-1
158,1,0.52,226.38,287.76,141.83,1,-1,-1,-1
158,47,447.31,171.96,35.58,27.01,1,-1,-1,-1
158,90,634.85,167.12,19.12,15.05,1,-1,-1,-1
158,89,677.27,170.64,45.68,103.46,1,-1,-1,-1
159,1,0.37,226.19,288.07,142.01,1,-1,-1,-1
159,47,447.18,171.95,35.64,27.02,1,-1,-1,-1
159,90,634.65,167.07,18.96,14.96,1,-1,-1,-1
159,89,685.05,169.44,45.00,103.54,1,-1,-1,-1
160,1,0.43,226.27,287.91,141.94,1,-1,-1,-1
160,47,447.01,171.96,35.70,27.03,1,-1,-1,-1
160,90,634.49,166.98,18.96,14.99,1,-1,-1,-1
160,89,692.48,167.77,44.92,105.45,1,-1,-1,-1
161,1,0.56,226.40,287.64,141.80,1,-1,-1,-1
161,47,446.79,171.96,35.78,27.04,1,-1,-1,-1
161,90,634.39,166.99,18.81,14.90,1,-1,-1,-1
161,89,701.77,168.66,45.26,104.99,1,-1,-1,-1
162,1,0.49,226.38,287.74,141.86,1,-1,-1,-1
162,47,446.63,171.97,35.83,27.02,1,-1,-1,-1
162,90,633.95,166.74,19.06,15.15,1,-1,-1,-1
162,89,707.71,167.89,46.13,105.17,1,-1,-1,-1
163,1,0.55,226.49,287.56,141.77,1,-1,-1,-1
163,47,446.34,172.00,35.93,27.05,1,-1,-1,-1
163,90,633.69,166.72,18.95,15.09,1,-1,-1,-1
163,89,715.35,168.72,45.58,102.63,1,-1,-1,-1
164,1,0.58,226.44,287.61,141.79,1,-1,-1,-1
164,47,446.09,171.98,36.15,27.19,1,-1,-1,-1
164,90,633.47,166.72,18.53,14.79,1,-1,-1,-1
164,89,722.79,168.20,45.10,102.67,1,-1,-1,-1
165,1,0.61,226.47,287.50,141.73,1,-1,-1,-1
165,47,445.63,171.99,36.56,27.50,1,-1,-1,-1
165,90,633.34,166.98,17.83,14.21,1,-1,-1,-1
165,89,731.70,168.23,44.38,103.23,1,-1,-1,-1
166,1,0.59,226.43,287.61,141.79,1,-1,-1,-1
166,47,445.17,171.97,36.78,27.68,1,-1,-1,-1
166,90,632.94,166.87,17.63,14.11,1,-1,-1,-1
166,89,741.67,169.15,44.42,102.92,1,-1,-1,-1
167,1,0.54,226.39,287.70,141.83,1,-1,-1,-1
167,47,444.75,172.07,36.86,27.78,1,-1,-1,-1
167,90,632.65,166.91,17.22,13.87,1,-1,-1,-1
167,89,747.91,168.27,45.17,103.77,1,-1,-1,-1
168,1,0.50,226.32,287.81,141.89,1,-1,-1,-1
168,47,444.10,172.20,36.94,27.88,1,-1,-1,-1
168,90,632.17,166.89,17.18,13.93,1,-1,-1,-1
168,89,754.38,167.36,45.52,103.69,1,-1,-1,-1
169,1,0.47,226.24,287.85,141.93,1,-1,-1,-1
169,47,443.63,172.28,37.08,28.03,1,-1,-1,-1
169,90,632.05,166.88,17.05,13.89,1,-1,-1,-1
169,89,760.74,166.92,45.72,104.11,1,-1,-1,-1
170,1,0.54,226.32,287.59,141.79,1,-1,-1,-1
170,47,443.29,172.32,37.23,28.15,1,-1,-1,-1
170,90,631.95,166.98,16.80,13.69,1,-1,-1,-1
170,89,772.09,167.03,45.10,104.19,1,-1,-1,-1
171,1,0.42,226.17,287.82,141.93,1,-1,-1,-1
171,47,442.92,172.31,37.45,28.33,1,-1,-1,-1
171,90,631.73,166.95,16.79,13.67,1,-1,-1,-1
171,89,783.88,167.45,46.22,104.26,1,-1,-1,-1
172,1,0.48,226.23,287.70,141.88,1,-1,-1,-1
172,47,442.45,172.38,37.74,28.53,1,-1,-1,-1
172,90,631.29,166.99,16.79,13.67,1,-1,-1,-1
172,89,790.04,168.37,45.16,101.00,1,-1,-1,-1
173,1,0.47,226.25,287.65,141.87,1,-1,-1,-1
173,47,441.96,172.38,38.10,28.82,1,-1,-1,-1
173,90,631.16,167.01,16.78,13.61,1,-1,-1,-1
173,89,794.98,167.24,45.82,101.86,1,-1,-1,-1
174,1,0.52,226.24,287.57,141.83,1,-1,-1,-1
174,47,441.21,172.31,38.50,29.12,1,-1,-1,-1
174,89,800.15,166.69,46.56,102.66,1,-1,-1,-1
175,1,0.57,226.27,287.58,141.84,1,-1,-1,-1
175,47,440.34,172.27,39.09,29.62,1,-1,-1,-1
175,89,811.54,166.71,46.23,103.94,1,-1,-1,-1
176,1,0.62,226.33,287.47,141.78,1,-1,-1,-1
176,47,439.76,172.32,39.52,30.00,1,-1,-1,-1
176,89,820.80,167.74,45.38,103.21,1,-1,-1,-1
177,1,0.53,226.27,287.63,141.87,1,-1,-1,-1
177,47,439.33,172.28,39.88,30.36,1,-1,-1,-1
177,89,831.27,168.12,43.48,100.02,1,-1,-1,-1
178,1,0.51,226.28,287.61,141.87,1,-1,-1,-1
178,47,439.01,172.31,40.15,30.68,1,-1,-1,-1
178,89,844.35,167.81,41.91,98.93,1,-1,-1,-1
179,1,0.30,226.04,288.02,142.11,1,-1,-1,-1
179,47,438.72,172.25,40.54,31.14,1,-1,-1,-1
179,89,854.09,167.47,41.74,101.16,1,-1,-1,-1
179,93,838.54,166.74,29.16,98.04,1,-1,-1,-1
180,1,0.49,226.14,287.73,141.97,1,-1,-1,-1
180,47,438.48,172.23,40.88,31.57,1,-1,-1,-1
180,89,860.33,168.29,41.06,100.88,1,-1,-1,-1
181,1,0.47,226.15,287.75,141.99,1,-1,-1,-1
181,47,438.41,172.28,41.12,31.91,1,-1,-1,-1
181,89,869.15,167.83,42.35,101.79,1,-1,-1,-1
182,1,0.59,226.28,287.50,141.86,1,-1,-1,-1
182,47,438.51,172.27,41.43,32.30,1,-1,-1,-1
182,89,878.52,167.63,42.19,100.88,1,-1,-1,-1
183,1,0.72,226.43,287.26,141.72,1,-1,-1,-1
183,47,438.62,172.28,41.87,32.79,1,-1,-1,-1
183,89,879.35,165.45,41.20,100.95,1,-1,-1,-1
183,87,895.78,165.72,36.19,102.75,1,-1,-1,-1
184,1,0.61,226.36,287.40,141.80,1,-1,-1,-1
184,47,438.99,172.32,42.22,33.15,1,-1,-1,-1
184,89,883.16,164.01,40.68,100.88,1,-1,-1,-1
184,87,904.17,165.51,35.36,103.06,1,-1,-1,-1
185,1,0.65,226.35,287.42,141.80,1,-1,-1,-1
185,47,439.12,172.16,42.87,33.78,1,-1,-1,-1
185,89,895.53,163.10,40.25,99.97,1,-1,-1,-1
185,87,912.23,166.05,38.32,101.86,1,-1,-1,-1
186,1,0.55,226.29,287.55,141.88,1,-1,-1,-1
186,47,439.89,172.17,43.24,34.13,1,-1,-1,-1
186,89,902.95,160.99,38.12,96.38,1,-1,-1,-1
186,87,918.73,165.81,39.96,100.65,1,-1,-1,-1
187,1,0.54,226.31,287.56,141.89,1,-1,-1,-1
187,47,440.91,172.24,43.50,34.29,1,-1,-1,-1
187,89,908.95,159.80,38.23,98.51,1,-1,-1,-1
187,87,926.09,163.82,39.74,100.93,1,-1,-1,-1
188,1,0.52,226.31,287.55,141.89,1,-1,-1,-1
188,47,441.72,172.43,43.79,34.41,1,-1,-1,-1
188,89,915.97,160.30,37.89,99.17,1,-1,-1,-1
188,87,935.51,162.36,38.99,101.73,1,-1,-1,-1
189,1,0.46,226.19,287.69,141.98,1,-1,-1,-1
189,47,442.44,172.28,44.32,34.71,1,-1,-1,-1
189,89,924.24,160.29,38.68,99.61,1,-1,-1,-1
189,87,944.61,162.33,38.51,101.15,1,-1,-1,-1
190,1,0.60,226.31,287.51,141.87,1,-1,-1,-1
190,47,443.18,172.23,44.80,34.90,1,-1,-1,-1
190,89,932.39,158.65,39.38,100.29,1,-1,-1,-1
190,87,954.68,162.80,40.25,99.96,1,-1,-1,-1
191,1,0.62,226.36,287.41,141.81,1,-1,-1,-1
191,47,444.10,172.25,45.33,35.10,1,-1,-1,-1
191,89,941.17,156.99,37.65,96.61,1,-1,-1,-1
191,87,960.76,161.57,41.64,99.84,1,-1,-1,-1
192,1,0.64,226.44,287.27,141.74,1,-1,-1,-1
192,47,445.32,172.16,46.20,35.43,1,-1,-1,-1
192,89,949.43,156.78,37.51,96.78,1,-1,-1,-1
192,87,966.49,160.34,41.58,99.20,1,-1,-1,-1
192,90,631.42,166.96,14.13,11.67,1,-1,-1,-1
193,1,0.68,226.50,287.17,141.69,1,-1,-1,-1
193,47,446.54,172.25,47.32,35.85,1,-1,-1,-1
193,89,956.62,156.86,37.79,98.48,1,-1,-1,-1
193,87,977.39,159.11,41.19,99.70,1,-1,-1,-1
193,90,631.64,166.78,14.21,11.97,1,-1,-1,-1
194,1,0.69,226.49,287.17,141.68,1,-1,-1,-1
194,47,448.24,172.30,48.50,36.15,1,-1,-1,-1
194,89,964.33,156.54,38.51,99.57,1,-1,-1,-1
194,87,984.58,158.71,40.47,100.71,1,-1,-1,-1
194,90,631.75,166.73,14.19,12.11,1,-1,-1,-1
195,1,0.71,226.46,287.19,141.68,1,-1,-1,-1
195,47,449.68,171.95,50.00,36.74,1,-1,-1,-1
195,89,972.21,156.10,39.45,100.56,1,-1,-1,-1
195,87,988.36,154.98,40.78,103.87,1,-1,-1,-1
195,90,632.14,166.93,13.93,11.91,1,-1,-1,-1
196,1,0.68,226.42,287.21,141.69,1,-1,-1,-1
196,47,451.15,171.74,51.51,37.31,1,-1,-1,-1
196,89,980.37,154.97,38.17,98.35,1,-1,-1,-1
196,90,632.59,166.85,13.88,11.95,1,-1,-1,-1
197,1,0.70,226.46,287.19,141.67,1,-1,-1,-1
197,47,453.44,171.51,52.94,37.69,1,-1,-1,-1
197,89,987.40,152.97,38.18,100.03,1,-1,-1,-1
198,1,0.65,226.44,287.27,141.72,1,-1,-1,-1
198,47,455.88,171.47,54.31,37.90,1,-1,-1,-1
198,89,991.28,151.33,37.77,101.69,1,-1,-1,-1
199,1,0.55,226.36,287.44,141.82,1,-1,-1,-1
199,47,458.81,171.39,55.73,38.10,1,-1,-1,-1
199,89,1002.54,153.31,38.02,99.81,1,-1,-1,-1
199,87,1034.74,155.09,38.42,96.65,1,-1,-1,-1
200,1,0.59,226.39,287.31,141.76,1,-1,-1,-1
200,47,462.01,171.27,57.54,38.50,1,-1,-1,-1
200,89,1006.14,152.53,38.57,100.35,1,-1,-1,-1
200,87,1038.41,155.02,37.56,94.67,1,-1,-1,-1
201,1,0.65,226.45,287.24,141.72,1,-1,-1,-1
201,47,465.11,171.14,59.45,38.92,1,-1,-1,-1
201,89,1015.03,151.72,37.21,96.44,1,-1,-1,-1
201,87,1041.59,154.07,38.51,95.62,1,-1,-1,-1
202,1,0.61,226.44,287.26,141.74,1,-1,-1,-1
202,47,468.57,170.90,61.44,39.34,1,-1,-1,-1
202,89,1026.35,150.65,36.29,97.07,1,-1,-1,-1
202,87,1048.71,152.13,39.31,98.26,1,-1,-1,-1
203,1,0.63,226.48,287.28,141.74,1,-1,-1,-1
203,47,472.37,170.69,63.80,39.98,1,-1,-1,-1
203,89,1033.84,150.30,36.02,98.12,1,-1,-1,-1
203,87,1057.59,150.87,39.61,100.29,1,-1,-1,-1
203,90,636.32,167.05,13.38,11.49,1,-1,-1,-1
204,1,0.67,226.52,287.20,141.70,1,-1,-1,-1
204,47,477.13,170.58,65.86,40.29,1,-1,-1,-1
204,89,1039.38,150.58,35.80,97.83,1,-1,-1,-1
204,87,1066.79,151.22,39.73,100.21,1,-1,-1,-1
204,90,637.07,167.16,13.13,11.22,1,-1,-1,-1
205,1,0.67,226.48,287.20,141.70,1,-1,-1,-1
205,47,481.59,170.35,68.48,40.97,1,-1,-1,-1
205,89,1043.71,150.48,36.09,97.46,1,-1,-1,-1
205,87,1073.43,151.21,40.24,99.30,1,-1,-1,-1
206,1,0.53,226.39,287.46,141.83,1,-1,-1,-1
206,47,486.80,170.28,71.05,41.51,1,-1,-1,-1
206,89,1049.61,149.44,36.29,98.04,1,-1,-1,-1
206,87,1079.51,150.47,40.33,98.89,1,-1,-1,-1
207,1,0.56,226.39,287.45,141.84,1,-1,-1,-1
207,47,492.26,170.20,73.69,42.00,1,-1,-1,-1
207,89,1057.14,147.43,36.07,97.38,1,-1,-1,-1
207,87,1087.40,149.15,39.86,98.53,1,-1,-1,-1
207,90,639.11,166.80,12.41,10.46,1,-1,-1,-1
208,1,0.54,226.40,287.41,141.83,1,-1,-1,-1
208,47,498.68,170.13,76.34,42.43,1,-1,-1,-1
208,89,1064.64,146.90,36.18,97.55,1,-1,-1,-1
208,87,1096.31,148.16,40.51,99.15,1,-1,-1,-1
209,1,0.57,226.39,287.41,141.84,1,-1,-1,-1
209,47,505.90,170.25,78.82,42.71,1,-1,-1,-1
209,89,1074.11,146.64,37.47,97.89,1,-1,-1,-1
209,87,1106.86,148.17,41.73,98.58,1,-1,-1,-1
209,90,640.07,166.68,12.53,10.56,1,-1,-1,-1
210,1,0.64,226.43,287.33,141.80,1,-1,-1,-1
210,47,512.36,170.15,81.94,43.19,1,-1,-1,-1
210,89,1079.23,147.39,37.71,96.74,1,-1,-1,-1
210,87,1111.61,148.04,42.89,98.78,1,-1,-1,-1
211,1,0.61,226.45,287.37,141.82,1,-1,-1,-1
211,47,521.03,170.37,84.29,43.29,1,-1,-1,-1
211,89,1084.73,146.66,39.37,97.29,1,-1,-1,-1
211,87,1117.75,147.95,42.07,95.87,1,-1,-1,-1
212,1,0.52,226.32,287.57,141.94,1,-1,-1,-1
212,47,529.22,170.06,87.78,43.97,1,-1,-1,-1
212,89,1091.77,144.83,39.52,97.26,1,-1,-1,-1
212,87,1123.95,146.59,41.85,96.00,1,-1,-1,-1
213,1,0.51,226.33,287.53,141.93,1,-1,-1,-1
213,47,538.29,170.01,90.81,44.35,1,-1,-1,-1
213,89,1098.83,143.26,39.26,96.93,1,-1,-1,-1
213,87,1131.00,146.59,42.01,96.32,1,-1,-1,-1
214,1,0.52,226.32,287.49,141.92,1,-1,-1,-1
214,47,547.71,169.84,93.96,44.78,1,-1,-1,-1
214,89,1105.88,143.37,39.03,96.89,1,-1,-1,-1
214,87,1139.37,146.24,42.34,96.62,1,-1,-1,-1
215,1,0.52,226.32,287.49,141.92,1,-1,-1,-1
215,47,557.66,169.67,96.91,45.04,1,-1,-1,-1
215,89,1112.63,143.00,39.10,97.11,1,-1,-1,-1
215,87,1145.36,145.52,42.59,96.93,1,-1,-1,-1
216,1,0.61,226.42,287.33,141.83,1,-1,-1,-1
216,47,568.37,169.52,100.50,45.68,1,-1,-1,-1
216,89,1118.61,142.35,39.56,97.52,1,-1,-1,-1
216,87,1151.73,144.15,42.17,96.61,1,-1,-1,-1
217,1,0.55,226.29,287.49,141.92,1,-1,-1,-1
217,47,579.13,169.21,104.07,46.33,1,-1,-1,-1
217,89,1125.19,140.66,39.85,98.19,1,-1,-1,-1
217,87,1159.17,141.91,41.95,96.64,1,-1,-1,-1
218,1,0.48,226.28,287.57,141.97,1,-1,-1,-1
218,47,590.85,169.24,106.56,46.46,1,-1,-1,-1
218,89,1132.01,139.34,38.79,96.12,1,-1,-1,-1
218,87,1167.83,140.77,42.57,96.98,1,-1,-1,-1
219,1,0.54,226.34,287.39,141.88,1,-1,-1,-1
219,47,603.21,169.09,108.94,46.49,1,-1,-1,-1
219,89,1137.94,138.45,38.97,96.91,1,-1,-1,-1
219,87,1175.63,142.05,42.99,95.89,1,-1,-1,-1
220,1,0.54,226.32,287.44,141.90,1,-1,-1,-1
220,47,615.91,168.78,111.74,46.74,1,-1,-1,-1
220,89,1144.81,138.86,39.21,96.48,1,-1,-1,-1
220,87,1178.42,143.24,42.68,94.31,1,-1,-1,-1
221,1,0.59,226.39,287.32,141.84,1,-1,-1,-1
221,47,628.70,168.48,114.87,47.19,1,-1,-1,-1
221,89,1150.89,139.69,39.22,95.46,1,-1,-1,-1
221,87,1183.11,142.23,41.90,92.83,1,-1,-1,-1
222,1,0.53,226.34,287.44,141.91,1,-1,-1,-1
222,47,642.19,168.05,117.39,47.40,1,-1,-1,-1
222,89,1156.97,139.03,40.15,95.59,1,-1,-1,-1
222,87,1189.55,140.38,41.06,94.43,1,-1,-1,-1
223,1,0.55,226.37,287.36,141.87,1,-1,-1,-1
223,47,655.90,167.89,119.72,47.56,1,-1,-1,-1
223,89,1163.86,137.53,40.42,95.87,1,-1,-1,-1
224,1,0.65,226.36,287.26,141.81,1,-1,-1,-1
224,47,669.97,167.18,122.82,48.12,1,-1,-1,-1
224,89,1169.80,135.79,40.54,96.69,1,-1,-1,-1
225,1,0.58,226.28,287.37,141.89,1,-1,-1,-1
225,47,684.94,167.05,123.84,47.76,1,-1,-1,-1
225,89,1176.24,136.17,40.17,96.01,1,-1,-1,-1
225,95,883.27,153.09,15.28,40.20,1,-1,-1,-1
226,1,0.76,226.41,287.09,141.74,1,-1,-1,-1
226,47,700.16,166.93,125.43,47.61,1,-1,-1,-1
226,89,1182.10,137.28,39.67,94.75,1,-1,-1,-1
226,95,883.17,153.10,15.36,40.40,1,-1,-1,-1
227,1,0.70,226.40,287.14,141.77,1,-1,-1,-1
227,47,715.35,166.56,128.27,48.06,1,-1,-1,-1
227,89,1186.16,137.58,39.21,94.27,1,-1,-1,-1
227,95,883.12,153.21,15.25,40.10,1,-1,-1,-1
228,1,0.73,226.44,287.09,141.74,1,-1,-1,-1
228,47,731.62,166.06,130.41,48.27,1,-1,-1,-1
228,89,1190.07,137.38,37.62,91.92,1,-1,-1,-1
228,95,883.10,153.14,15.31,40.24,1,-1,-1,-1
229,1,0.76,226.40,287.07,141.72,1,-1,-1,-1
229,47,747.80,165.61,132.13,48.33,1,-1,-1,-1
229,89,1193.12,135.93,36.55,91.92,1,-1,-1,-1
229,95,883.70,153.50,14.84,39.03,1,-1,-1,-1
230,1,0.74,226.39,287.11,141.74,1,-1,-1,-1
230,47,764.11,164.86,134.68,48.77,1,-1,-1,-1
231,1,0.76,226.43,287.02,141.68,1,-1,-1,-1
231,47,781.80,164.66,135.54,48.58,1,-1,-1,-1
232,1,0.70,226.45,286.99,141.67,1,-1,-1,-1
232,47,798.78,164.20,137.14,48.70,1,-1,-1,-1
233,1,0.71,226.46,287.03,141.68,1,-1,-1,-1
233,47,816.43,163.53,138.75,48.84,1,-1,-1,-1
234,1,0.72,226.50,286.98,141.65,1,-1,-1,-1
234,47,834.16,162.88,140.92,49.30,1,-1,-1,-1
235,1,0.64,226.42,287.11,141.72,1,-1,-1,-1
235,47,852.52,162.38,141.55,49.14,1,-1,-1,-1
236,1,0.71,226.53,286.89,141.60,1,-1,-1,-1
236,47,868.81,161.83,141.66,49.11,1,-1,-1,-1
237,1,0.74,226.54,286.86,141.57,1,-1,-1,-1
237,47,883.83,161.34,140.35,48.96,1,-1,-1,-1
238,1,0.76,226.54,286.85,141.55,1,-1,-1,-1
238,47,905.97,160.15,143.99,49.95,1,-1,-1,-1
238,95,883.67,153.36,15.08,39.52,1,-1,-1,-1
239,1,0.79,226.57,286.84,141.53,1,-1,-1,-1
239,47,925.45,158.47,147.95,51.22,1,-1,-1,-1
239,95,883.65,153.25,15.11,39.56,1,-1,-1,-1
240,1,0.85,226.58,286.82,141.50,1,-1,-1,-1
240,47,946.46,158.19,146.38,50.32,1,-1,-1,-1
240,95,883.41,153.16,15.17,39.70,1,-1,-1,-1
241,1,0.85,226.64,286.76,141.44,1,-1,-1,-1
241,47,967.53,158.68,143.35,48.88,1,-1,-1,-1
241,95,883.43,153.26,15.00,39.26,1,-1,-1,-1
242,1,0.77,226.59,286.87,141.49,1,-1,-1,-1
242,47,990.07,158.80,143.99,48.93,1,-1,-1,-1
242,95,883.48,153.28,14.93,39.04,1,-1,-1,-1
243,1,0.73,226.54,286.96,141.53,1,-1,-1,-1
243,47,1007.96,157.97,146.13,49.43,1,-1,-1,-1
243,95,883.43,153.18,14.95,39.14,1,-1,-1,-1
244,1,0.82,226.63,286.79,141.42,1,-1,-1,-1
244,47,1030.80,157.19,146.22,49.54,1,-1,-1,-1
244,95,883.29,153.12,15.07,39.48,1,-1,-1,-1
245,1,0.73,226.58,286.91,141.48,1,-1,-1,-1
245,47,1048.99,156.15,146.68,49.40,1,-1,-1,-1
245,95,883.34,153.06,15.15,39.70,1,-1,-1,-1
246,1,0.75,226.57,286.92,141.47,1,-1,-1,-1
246,47,1069.29,155.13,145.30,48.49,1,-1,-1,-1
246,95,883.27,153.12,15.18,39.73,1,-1,-1,-1
247,1,0.72,226.59,286.99,141.49,1,-1,-1,-1
247,47,1083.26,153.73,145.55,48.82,1,-1,-1,-1
247,95,883.50,153.20,15.11,39.48,1,-1,-1,-1
247,96,1003.43,145.79,16.71,62.79,1,-1,-1,-1
248,1,0.78,226.68,286.87,141.42,1,-1,-1,-1
248,47,1096.01,153.10,142.43,48.59,1,-1,-1,-1
248,95,883.40,153.11,15.08,39.39,1,-1,-1,-1
248,96,1003.47,146.39,16.56,62.21,1,-1,-1,-1
249,1,0.75,226.67,286.86,141.40,1,-1,-1,-1
249,47,1108.10,152.08,138.66,48.75,1,-1,-1,-1
249,95,883.38,152.94,15.16,39.56,1,-1,-1,-1
249,96,1003.46,146.67,16.54,62.03,1,-1,-1,-1
250,1,0.69,226.59,287.00,141.47,1,-1,-1,-1
250,47,1122.00,151.67,130.91,47.96,1,-1,-1,-1
250,95,883.46,152.90,15.27,39.79,1,-1,-1,-1
250,96,1003.50,147.63,16.31,61.03,1,-1,-1,-1
251,1,0.75,226.65,286.95,141.42,1,-1,-1,-1
251,47,1137.98,151.28,118.61,45.75,1,-1,-1,-1
251,95,883.33,152.94,15.26,39.75,1,-1,-1,-1
252,1,0.74,226.66,286.90,141.38,1,-1,-1,-1
252,47,1161.98,156.75,90.75,37.03,1,-1,-1,-1
252,95,883.27,153.06,15.21,39.61,1,-1,-1,-1
252,98,549.55,167.52,18.34,12.79,1,-1,-1,-1
253,1,0.68,226.65,286.99,141.42,1,-1,-1,-1
253,95,883.34,152.99,15.19,39.58,1,-1,-1,-1
253,98,548.44,167.34,18.19,12.67,1,-1,-1,-1
253,96,1003.36,147.15,16.52,61.67,1,-1,-1,-1
254,1,0.72,226.71,286.94,141.38,1,-1,-1,-1
254,95,883.42,152.97,15.15,39.45,1,-1,-1,-1
254,98,546.82,167.22,18.37,12.78,1,-1,-1,-1
255,1,0.65,226.61,287.16,141.49,1,-1,-1,-1
255,95,883.25,152.95,15.12,39.43,1,-1,-1,-1
255,98,545.84,167.20,18.34,12.74,1,-1,-1,-1
256,1,0.63,226.62,287.15,141.48,1,-1,-1,-1
256,95,883.51,153.07,15.01,39.19,1,-1,-1,-1
256,98,544.21,166.91,18.71,12.99,1,-1,-1,-1
257,1,0.68,226.67,287.04,141.42,1,-1,-1,-1
257,95,883.36,153.05,15.14,39.50,1,-1,-1,-1
257,98,541.43,166.61,19.82,13.71,1,-1,-1,-1
258,1,0.65,226.68,287.08,141.43,1,-1,-1,-1
258,95,883.14,152.96,15.25,39.86,1,-1,-1,-1
258,98,539.15,166.51,20.48,14.05,1,-1,-1,-1
259,1,0.70,226.71,286.99,141.37,1,-1,-1,-1
259,95,883.45,152.89,15.10,39.49,1,-1,-1,-1
259,98,537.00,166.46,21.04,14.26,1,-1,-1,-1
260,1,0.59,226.58,287.21,141.49,1,-1,-1,-1
260,95,883.25,152.86,15.24,39.88,1,-1,-1,-1
260,98,534.80,166.41,22.14,14.90,1,-1,-1,-1
261,1,0.65,226.66,287.09,141.42,1,-1,-1,-1
261,95,883.37,153.04,15.12,39.54,1,-1,-1,-1
261,98,533.66,166.62,21.96,14.74,1,-1,-1,-1
262,1,0.61,226.65,287.11,141.43,1,-1,-1,-1
262,95,883.31,153.07,15.14,39.65,1,-1,-1,-1
262,98,532.10,166.71,21.98,14.62,1,-1,-1,-1
263,1,0.56,226.59,287.26,141.51,1,-1,-1,-1
263,95,883.21,153.00,15.25,39.90,1,-1,-1,-1
263,98,529.82,166.33,22.42,14.94,1,-1,-1,-1
264,1,0.63,226.61,287.16,141.45,1,-1,-1,-1
264,95,883.26,153.01,15.24,39.89,1,-1,-1,-1
264,98,527.31,166.80,22.93,15.30,1,-1,-1,-1
265,1,0.59,226.59,287.18,141.47,1,-1,-1,-1
265,95,883.19,152.97,15.24,39.91,1,-1,-1,-1
266,1,0.56,226.58,287.23,141.50,1,-1,-1,-1
266,95,883.11,152.99,15.25,39.97,1,-1,-1,-1
266,98,534.28,168.06,22.12,14.49,1,-1,-1,-1
267,1,0.62,226.62,287.17,141.47,1,-1,-1,-1
267,95,883.19,153.02,15.24,39.89,1,-1,-1,-1
268,1,0.61,226.61,287.22,141.49,1,-1,-1,-1
268,95,883.21,152.86,15.41,40.24,1,-1,-1,-1
268,98,529.64,169.09,21.96,14.61,1,-1,-1,-1
269,1,0.55,226.58,287.35,141.56,1,-1,-1,-1
269,95,883.28,153.08,15.12,39.50,1,-1,-1,-1
270,1,0.64,226.64,287.19,141.48,1,-1,-1,-1
270,95,883.11,152.96,15.30,39.98,1,-1,-1,-1
271,1,0.63,226.66,287.14,141.45,1,-1,-1,-1
271,95,882.99,152.82,15.27,40.02,1,-1,-1,-1
272,1,0.61,226.70,287.02,141.39,1,-1,-1,-1
272,95,883.14,153.07,15.14,39.69,1,-1,-1,-1
273,1,0.63,226.63,287.15,141.45,1,-1,-1,-1
273,95,883.17,153.08,15.24,39.90,1,-1,-1,-1
273,100,495.05,167.58,38.30,18.37,1,-1,-1,-1
274,1,0.60,226.59,287.17,141.46,1,-1,-1,-1
274,95,883.25,153.08,15.14,39.57,1,-1,-1,-1
274,100,490.31,167.25,38.45,18.50,1,-1,-1,-1
275,1,0.52,226.56,287.29,141.54,1,-1,-1,-1
275,95,883.35,153.04,15.09,39.46,1,-1,-1,-1
275,100,486.28,168.31,36.69,17.74,1,-1,-1,-1
276,1,0.64,226.58,287.26,141.52,1,-1,-1,-1
276,95,883.29,153.07,15.11,39.55,1,-1,-1,-1
276,100,481.69,168.53,37.58,18.26,1,-1,-1,-1
277,1,0.57,226.57,287.27,141.53,1,-1,-1,-1
277,95,883.26,152.95,15.25,39.87,1,-1,-1,-1
277,100,476.89,168.80,38.49,18.86,1,-1,-1,-1
278,1,0.57,226.54,287.32,141.56,1,-1,-1,-1
278,95,883.35,152.92,15.19,39.68,1,-1,-1,-1
278,100,472.03,169.30,38.86,19.29,1,-1,-1,-1
279,1,0.53,226.50,287.35,141.59,1,-1,-1,-1
279,95,883.36,152.89,15.22,39.76,1,-1,-1,-1
279,100,467.54,169.15,40.17,20.22,1,-1,-1,-1
280,1,0.58,226.56,287.25,141.55,1,-1,-1,-1
280,95,883.15,152.87,15.26,39.94,1,-1,-1,-1
280,100,464.42,169.08,41.53,21.10,1,-1,-1,-1
281,1,0.66,226.61,287.23,141.53,1,-1,-1,-1
281,95,883.18,152.86,15.31,40.04,1,-1,-1,-1
281,100,459.97,169.41,41.87,21.65,1,-1,-1,-1
281,102,552.37,167.96,20.62,14.51,1,-1,-1,-1
282,1,0.65,226.61,287.25,141.54,1,-1,-1,-1
282,95,883.15,153.06,15.23,39.89,1,-1,-1,-1
282,100,456.42,169.87,40.94,21.54,1,-1,-1,-1
282,102,550.15,168.17,20.50,14.43,1,-1,-1,-1
283,1,0.68,226.65,287.13,141.47,1,-1,-1,-1
283,95,883.45,153.06,15.16,39.73,1,-1,-1,-1
283,100,454.08,170.48,39.72,21.22,1,-1,-1,-1
283,102,548.03,167.88,20.42,14.33,1,-1,-1,-1
284,1,0.69,226.62,287.17,141.49,1,-1,-1,-1
284,95,883.44,152.98,15.18,39.78,1,-1,-1,-1
284,100,452.28,171.02,39.33,21.47,1,-1,-1,-1
285,1,0.68,226.69,287.05,141.42,1,-1,-1,-1
285,95,883.27,152.81,15.30,40.07,1,-1,-1,-1
285,100,449.76,171.00,40.00,22.33,1,-1,-1,-1
286,1,0.65,226.62,287.15,141.47,1,-1,-1,-1
286,95,883.41,152.91,15.13,39.63,1,-1,-1,-1
286,100,447.17,171.06,40.34,23.03,1,-1,-1,-1
286,102,539.84,167.33,21.35,15.01,1,-1,-1,-1
287,1,0.68,226.70,287.04,141.41,1,-1,-1,-1
287,95,883.40,153.08,15.12,39.59,1,-1,-1,-1
287,100,444.72,170.98,40.94,23.94,1,-1,-1,-1
287,102,536.91,167.04,22.20,15.55,1,-1,-1,-1
288,1,0.64,226.63,287.19,141.49,1,-1,-1,-1
288,95,883.48,153.00,15.20,39.76,1,-1,-1,-1
288,100,442.46,171.41,40.62,24.23,1,-1,-1,-1
288,102,533.53,167.97,21.78,15.27,1,-1,-1,-1
289,1,0.64,226.65,287.21,141.50,1,-1,-1,-1
289,95,883.35,153.06,15.10,39.55,1,-1,-1,-1
289,100,440.32,172.04,40.35,24.48,1,-1,-1,-1
289,102,530.22,168.31,22.03,15.46,1,-1,-1,-1
290,1,0.60,226.63,287.26,141.53,1,-1,-1,-1
290,95,883.56,152.96,15.14,39.62,1,-1,-1,-1
290,100,438.03,171.71,41.20,25.51,1,-1,-1,-1
290,102,527.37,168.21,22.17,15.81,1,-1,-1,-1
291,1,0.56,226.59,287.29,141.55,1,-1,-1,-1
291,95,883.60,153.03,15.04,39.35,1,-1,-1,-1
291,100,435.64,171.99,41.36,26.05,1,-1,-1,-1
291,102,524.74,168.63,22.16,15.88,1,-1,-1,-1
292,1,0.59,226.66,287.17,141.50,1,-1,-1,-1
292,95,883.53,153.12,15.00,39.26,1,-1,-1,-1
292,100,433.73,172.52,41.14,26.31,1,-1,-1,-1
292,102,522.04,168.67,22.47,16.20,1,-1,-1,-1
293,1,0.58,226.60,287.28,141.56,1,-1,-1,-1
293,95,883.47,153.14,15.03,39.32,1,-1,-1,-1
293,100,432.14,172.98,40.95,26.53,1,-1,-1,-1
294,1,0.61,226.63,287.24,141.54,1,-1,-1,-1
294,95,883.23,153.00,15.02,39.43,1,-1,-1,-1
294,100,430.00,173.25,41.40,27.16,1,-1,-1,-1
295,1,0.62,226.65,287.21,141.52,1,-1,-1,-1
295,95,883.49,153.09,14.91,39.12,1,-1,-1,-1
295,100,428.04,173.35,41.92,27.82,1,-1,-1,-1
296,1,0.60,226.62,287.26,141.56,1,-1,-1,-1
296,95,883.56,153.10,14.89,39.01,1,-1,-1,-1
296,100,426.23,173.51,42.47,28.52,1,-1,-1,-1
297,1,0.55,226.57,287.33,141.61,1,-1,-1,-1
297,95,883.39,152.91,15.10,39.62,1,-1,-1,-1
297,100,424.71,173.56,43.04,29.27,1,-1,-1,-1
298,1,0.56,226.56,287.29,141.60,1,-1,-1,-1
298,95,883.42,152.98,15.07,39.49,1,-1,-1,-1
298,100,423.72,173.51,43.69,30.15,1,-1,-1,-1
299,1,0.57,226.54,287.30,141.61,1,-1,-1,-1
299,95,883.58,153.22,14.91,39.07,1,-1,-1,-1
299,100,423.43,173.63,43.93,30.69,1,-1,-1,-1
300,1,0.64,226.62,287.18,141.55,1,-1,-1,-1
300,95,883.49,153.10,14.91,39.16,1,-1,-1,-1
300,100,423.85,173.76,44.88,31.63,1,-1,-1,-1
300,104,399.55,170.99,33.25,22.40,1,-1,-1,-1
300,102,492.80,169.59,24.51,17.08,1,-1,-1,-1
301,1,0.53,226.53,287.35,141.65,1,-1,-1,-1
301,95,883.42,153.01,14.96,39.34,1,-1,-1,-1
301,100,424.83,173.49,46.26,32.83,1,-1,-1,-1
301,104,396.38,171.28,33.59,22.59,1,-1,-1,-1
301,102,487.27,169.94,24.92,17.23,1,-1,-1,-1
302,1,0.63,226.61,287.24,141.59,1,-1,-1,-1
302,95,883.58,153.16,14.91,39.15,1,-1,-1,-1
302,100,426.27,173.33,48.08,34.11,1,-1,-1,-1
302,104,392.72,171.79,33.05,22.15,1,-1,-1,-1
302,102,483.78,170.05,25.44,17.51,1,-1,-1,-1
303,1,0.48,226.46,287.48,141.73,1,-1,-1,-1
303,95,883.48,153.06,14.93,39.22,1,-1,-1,-1
303,100,428.97,173.01,50.07,35.25,1,-1,-1,-1
303,104,389.05,171.99,34.05,22.75,1,-1,-1,-1
303,102,480.15,170.51,25.70,17.69,1,-1,-1,-1
304,1,0.48,226.45,287.39,141.71,1,-1,-1,-1
304,95,883.58,153.07,14.92,39.19,1,-1,-1,-1
304,100,432.96,173.04,51.84,35.92,1,-1,-1,-1
304,104,386.59,172.59,33.56,22.29,1,-1,-1,-1
304,102,478.22,170.81,26.70,18.38,1,-1,-1,-1
305,1,0.56,226.49,287.30,141.67,1,-1,-1,-1
305,95,883.52,153.13,14.94,39.18,1,-1,-1,-1
305,100,438.53,172.76,53.86,36.46,1,-1,-1,-1
305,104,382.68,172.25,34.67,22.96,1,-1,-1,-1
306,1,0.46,226.43,287.48,141.78,1,-1,-1,-1
306,95,883.51,153.07,15.05,39.43,1,-1,-1,-1
306,100,444.21,171.50,57.64,38.05,1,-1,-1,-1
306,104,378.84,172.66,35.49,23.38,1,-1,-1,-1
307,1,0.53,226.45,287.43,141.77,1,-1,-1,-1
307,95,883.62,153.06,15.03,39.38,1,-1,-1,-1
307,100,452.17,170.90,61.25,39.13,1,-1,-1,-1
307,104,374.67,172.78,37.18,24.46,1,-1,-1,-1
308,1,0.50,226.39,287.41,141.78,1,-1,-1,-1
308,95,883.76,153.17,14.87,38.88,1,-1,-1,-1
308,100,461.50,170.67,64.63,39.72,1,-1,-1,-1
308,104,370.47,172.54,38.10,25.05,1,-1,-1,-1
309,1,0.47,226.30,287.54,141.87,1,-1,-1,-1
309,95,883.63,153.02,15.03,39.27,1,-1,-1,-1
309,100,472.81,170.26,68.84,40.62,1,-1,-1,-1
309,104,367.90,173.11,37.67,24.60,1,-1,-1,-1
310,1,0.60,226.44,287.24,141.73,1,-1,-1,-1
310,95,883.69,152.99,15.01,39.23,1,-1,-1,-1
310,100,486.11,170.16,73.04,41.29,1,-1,-1,-1
310,104,364.28,173.28,37.28,24.24,1,-1,-1,-1
310,102,460.83,170.93,29.53,20.95,1,-1,-1,-1
311,1,0.58,226.41,287.38,141.81,1,-1,-1,-1
311,95,883.67,152.95,15.16,39.57,1,-1,-1,-1
311,100,501.29,170.15,77.30,41.89,1,-1,-1,-1
311,104,359.99,172.92,39.05,25.36,1,-1,-1,-1
311,102,459.48,170.98,29.68,21.34,1,-1,-1,-1
312,1,0.61,226.43,287.35,141.80,1,-1,-1,-1
312,95,883.54,152.81,15.22,39.73,1,-1,-1,-1
312,100,518.34,170.11,81.50,42.32,1,-1,-1,-1
312,104,355.39,172.64,41.11,26.67,1,-1,-1,-1
312,102,457.87,171.12,29.81,21.72,1,-1,-1,-1
313,1,0.56,226.36,287.40,141.84,1,-1,-1,-1
313,95,883.49,152.81,15.17,39.63,1,-1,-1,-1
313,100,536.59,169.89,86.31,43.07,1,-1,-1,-1
313,104,350.82,172.58,42.76,27.75,1,-1,-1,-1
313,102,456.01,171.16,30.11,22.18,1,-1,-1,-1
314,1,0.65,226.44,287.22,141.75,1,-1,-1,-1
314,95,883.50,152.83,15.18,39.66,1,-1,-1,-1
314,100,556.36,169.82,90.56,43.43,1,-1,-1,-1
314,104,345.79,172.69,44.90,29.16,1,-1,-1,-1
314,102,454.15,171.28,30.41,22.57,1,-1,-1,-1
315,1,0.58,226.40,287.37,141.84,1,-1,-1,-1
315,95,883.56,153.00,15.00,39.19,1,-1,-1,-1
315,100,577.54,169.05,95.62,44.32,1,-1,-1,-1
315,104,341.04,172.56,46.67,30.44,1,-1,-1,-1
315,102,452.60,171.49,30.64,22.95,1,-1,-1,-1
316,1,0.62,226.42,287.32,141.82,1,-1,-1,-1
316,95,883.63,153.20,14.75,38.58,1,-1,-1,-1
316,100,600.73,168.72,99.07,44.45,1,-1,-1,-1
316,104,336.15,172.57,47.90,31.33,1,-1,-1,-1
316,102,451.02,171.79,30.86,23.28,1,-1,-1,-1
317,1,0.63,226.47,287.22,141.78,1,-1,-1,-1
317,95,883.75,153.33,14.69,38.35,1,-1,-1,-1
317,100,625.14,168.33,102.42,44.58,1,-1,-1,-1
317,104,331.17,172.69,49.37,32.35,1,-1,-1,-1
317,102,449.16,171.83,31.20,23.73,1,-1,-1,-1
318,1,0.58,226.38,287.33,141.85,1,-1,-1,-1
318,95,883.62,153.29,14.74,38.50,1,-1,-1,-1
318,100,650.11,167.98,105.71,44.78,1,-1,-1,-1
318,104,326.21,173.15,50.27,32.88,1,-1,-1,-1
318,102,447.14,171.96,31.86,24.39,1,-1,-1,-1
319,1,0.59,226.36,287.32,141.86,1,-1,-1,-1
319,95,883.54,153.14,14.94,38.98,1,-1,-1,-1
319,100,675.85,167.29,108.53,44.84,1,-1,-1,-1
319,104,320.77,173.27,51.31,33.55,1,-1,-1,-1
319,102,445.76,172.17,32.14,24.70,1,-1,-1,-1
320,1,0.64,226.43,287.15,141.77,1,-1,-1,-1
320,95,883.54,153.27,15.10,39.32,1,-1,-1,-1
320,100,701.61,166.68,111.59,45.07,1,-1,-1,-1
320,104,315.18,173.21,52.85,34.51,1,-1,-1,-1
320,102,444.32,172.19,32.53,25.10,1,-1,-1,-1
321,1,0.63,226.35,287.22,141.82,1,-1,-1,-1
321,95,883.46,153.14,15.18,39.53,1,-1,-1,-1
321,100,728.29,165.99,113.17,44.68,1,-1,-1,-1
321,104,310.66,173.60,52.88,34.45,1,-1,-1,-1
321,102,442.72,172.47,32.74,25.35,1,-1,-1,-1
322,1,0.70,226.39,287.07,141.75,1,-1,-1,-1
322,95,884.10,153.56,14.58,38.03,1,-1,-1,-1
322,100,754.59,165.24,116.10,44.96,1,-1,-1,-1
322,104,305.89,173.61,53.96,35.32,1,-1,-1,-1
322,102,441.20,172.48,33.37,25.96,1,-1,-1,-1
323,1,0.78,226.47,286.91,141.66,1,-1,-1,-1
323,100,780.89,164.51,118.94,45.26,1,-1,-1,-1
323,104,300.91,173.35,55.39,36.62,1,-1,-1,-1
323,102,439.57,172.49,33.92,26.53,1,-1,-1,-1
324,1,0.75,226.49,286.94,141.66,1,-1,-1,-1
324,100,808.47,164.03,120.15,44.93,1,-1,-1,-1
324,104,294.03,173.75,56.16,37.13,1,-1,-1,-1
324,102,438.29,172.61,34.33,26.96,1,-1,-1,-1
325,1,0.81,226.56,286.82,141.59,1,-1,-1,-1
325,100,834.65,163.19,122.56,45.00,1,-1,-1,-1
325,104,282.35,173.77,61.22,40.36,1,-1,-1,-1
325,102,437.18,172.86,34.58,27.27,1,-1,-1,-1
326,1,0.75,226.50,286.90,141.62,1,-1,-1,-1
326,100,859.08,162.20,125.85,45.72,1,-1,-1,-1
326,104,273.68,173.91,62.64,40.98,1,-1,-1,-1
326,102,436.43,172.89,34.76,27.54,1,-1,-1,-1
327,1,0.76,226.54,286.88,141.60,1,-1,-1,-1
327,100,882.57,160.89,128.99,46.64,1,-1,-1,-1
327,104,264.33,174.57,65.15,42.21,1,-1,-1,-1
327,102,436.03,172.96,35.10,27.98,1,-1,-1,-1
328,1,0.77,226.48,287.00,141.66,1,-1,-1,-1
328,100,900.77,160.20,127.92,46.93,1,-1,-1,-1
328,104,254.73,175.08,67.88,43.50,1,-1,-1,-1
328,102,436.20,172.92,35.72,28.67,1,-1,-1,-1
328,95,883.31,153.16,15.10,39.39,1,-1,-1,-1
329,1,0.83,226.53,286.94,141.60,1,-1,-1,-1
329,100,935.79,158.43,134.38,48.67,1,-1,-1,-1
329,104,244.18,175.29,71.36,45.29,1,-1,-1,-1
329,102,436.60,172.71,36.65,29.62,1,-1,-1,-1
329,95,883.58,153.36,14.94,39.01,1,-1,-1,-1
330,1,0.82,226.53,286.88,141.56,1,-1,-1,-1
330,100,967.77,157.44,137.39,49.09,1,-1,-1,-1
330,104,234.84,176.22,73.92,46.08,1,-1,-1,-1
330,102,437.69,172.71,37.52,30.40,1,-1,-1,-1
330,95,883.47,153.07,14.99,39.07,1,-1,-1,-1
331,1,0.71,226.48,287.05,141.65,1,-1,-1,-1
331,100,1002.15,157.35,136.22,48.11,1,-1,-1,-1
331,104,225.57,176.71,78.54,47.62,1,-1,-1,-1
331,102,439.05,172.72,38.28,30.91,1,-1,-1,-1
331,95,883.58,153.08,15.08,39.13,1,-1,-1,-1
332,1,0.69,226.46,287.14,141.69,1,-1,-1,-1
332,100,1022.57,156.57,141.57,48.90,1,-1,-1,-1
332,104,216.22,176.83,83.62,48.92,1,-1,-1,-1
332,102,441.12,172.76,39.42,31.48,1,-1,-1,-1
332,95,883.59,153.02,15.08,39.11,1,-1,-1,-1
333,1,0.61,226.37,287.30,141.79,1,-1,-1,-1
333,100,1052.87,155.40,142.86,48.53,1,-1,-1,-1
333,104,197.88,177.60,86.81,50.11,1,-1,-1,-1
333,102,443.50,172.35,40.92,32.31,1,-1,-1,-1
333,95,883.60,152.96,15.18,39.31,1,-1,-1,-1
334,1,0.59,226.37,287.35,141.83,1,-1,-1,-1
334,100,1077.92,154.36,140.69,48.00,1,-1,-1,-1
334,104,183.33,177.77,90.47,51.93,1,-1,-1,-1
334,102,446.83,172.31,42.20,32.72,1,-1,-1,-1
334,95,883.51,152.99,15.06,39.01,1,-1,-1,-1
335,1,0.64,226.36,287.23,141.77,1,-1,-1,-1
335,100,1092.93,152.74,142.34,49.15,1,-1,-1,-1
335,104,164.11,178.18,96.64,54.73,1,-1,-1,-1
335,102,450.82,172.13,44.11,33.41,1,-1,-1,-1
335,95,883.55,153.14,15.03,38.86,1,-1,-1,-1
336,1,0.75,226.46,287.01,141.65,1,-1,-1,-1
336,100,1109.75,151.99,137.70,48.91,1,-1,-1,-1
336,104,142.11,178.22,106.91,60.00,1,-1,-1,-1
336,102,455.35,171.64,46.15,34.11,1,-1,-1,-1
336,95,883.42,153.02,15.07,38.96,1,-1,-1,-1
337,1,0.94,226.65,286.61,141.42,1,-1,-1,-1
337,100,1125.16,151.64,131.77,48.90,1,-1,-1,-1
337,104,121.72,178.66,112.97,62.42,1,-1,-1,-1
337,102,461.09,171.41,48.40,34.83,1,-1,-1,-1
337,95,883.48,153.10,15.02,38.81,1,-1,-1,-1
338,1,1.04,226.77,286.39,141.28,1,-1,-1,-1
338,100,1144.27,152.17,118.06,46.41,1,-1,-1,-1
338,104,99.36,179.14,119.96,65.16,1,-1,-1,-1
338,102,467.29,171.40,50.37,35.22,1,-1,-1,-1
338,95,883.41,153.05,15.17,39.09,1,-1,-1,-1
339,1,1.04,226.81,286.39,141.24,1,-1,-1,-1
339,104,74.38,179.43,126.51,67.26,1,-1,-1,-1
339,102,474.23,170.92,52.87,35.96,1,-1,-1,-1
339,95,883.40,153.06,15.17,39.10,1,-1,-1,-1
340,1,0.89,226.63,286.75,141.42,1,-1,-1,-1
340,104,49.81,180.39,130.04,66.95,1,-1,-1,-1
340,102,482.30,170.49,55.92,36.91,1,-1,-1,-1
340,95,883.51,153.10,15.24,39.18,1,-1,-1,-1
341,1,0.88,226.59,286.82,141.45,1,-1,-1,-1
341,104,21.82,180.61,134.77,67.95,1,-1,-1,-1
341,102,490.63,170.30,58.69,37.58,1,-1,-1,-1
341,95,883.60,153.20,14.98,38.50,1,-1,-1,-1
342,1,0.92,226.70,286.69,141.36,1,-1,-1,-1
342,104,6.03,181.10,135.72,67.85,1,-1,-1,-1
342,102,500.54,170.23,61.43,38.13,1,-1,-1,-1
342,95,883.65,153.19,15.01,38.51,1,-1,-1,-1
343,1,0.92,226.67,286.83,141.41,1,-1,-1,-1
343,104,-2.51,182.30,125.93,62.88,1,-1,-1,-1
343,102,511.22,170.23,63.98,38.46,1,-1,-1,-1
343,95,883.51,153.06,15.18,38.99,1,-1,-1,-1
344,1,-0.31,225.33,289.20,142.76,1,-1,-1,-1
344,104,-9.00,183.53,107.88,54.54,1,-1,-1,-1
344,102,522.42,169.96,66.98,39.04,1,-1,-1,-1
344,95,883.57,153.01,15.11,38.85,1,-1,-1,-1
345,1,0.40,226.10,287.74,142.03,1,-1,-1,-1
345,104,-17.21,185.83,88.31,46.49,1,-1,-1,-1
345,102,534.21,169.69,70.42,39.91,1,-1,-1,-1
345,95,883.26,152.94,15.44,39.63,1,-1,-1,-1
346,1,0.53,226.30,287.39,141.86,1,-1,-1,-1
346,102,547.24,169.44,73.40,40.47,1,-1,-1,-1
346,95,883.45,152.99,15.32,39.29,1,-1,-1,-1
347,1,0.13,225.73,288.25,142.36,1,-1,-1,-1
347,102,561.02,169.38,76.41,40.99,1,-1,-1,-1
347,95,883.50,152.97,15.28,39.19,1,-1,-1,-1
348,1,0.14,225.79,288.17,142.37,1,-1,-1,-1
348,102,575.18,168.87,80.16,41.97,1,-1,-1,-1
348,95,883.69,153.25,14.85,38.16,1,-1,-1,-1
349,1,0.50,226.15,287.49,142.03,1,-1,-1,-1
349,102,590.59,168.61,83.29,42.64,1,-1,-1,-1
349,95,883.61,153.20,15.02,38.63,1,-1,-1,-1
350,1,0.65,226.32,287.18,141.87,1,-1,-1,-1
350,102,607.10,168.70,85.65,42.83,1,-1,-1,-1
350,95,883.68,153.33,14.76,38.01,1,-1,-1,-1
351,1,0.67,226.38,287.14,141.85,1,-1,-1,-1
351,102,624.03,168.29,88.60,43.39,1,-1,-1,-1
351,95,883.77,153.39,14.74,38.02,1,-1,-1,-1
352,1,0.71,226.38,287.13,141.84,1,-1,-1,-1
352,102,641.98,167.97,90.85,43.60,1,-1,-1,-1
352,95,883.81,153.50,14.69,37.86,1,-1,-1,-1
353,1,0.73,226.46,286.94,141.74,1,-1,-1,-1
353,102,660.84,167.83,92.83,43.67,1,-1,-1,-1
353,95,883.67,153.49,14.73,38.05,1,-1,-1,-1
354,1,0.69,226.42,286.99,141.77,1,-1,-1,-1
354,102,680.85,167.40,94.50,43.55,1,-1,-1,-1
354,95,883.69,153.34,14.86,38.46,1,-1,-1,-1
355,1,0.80,226.53,286.82,141.66,1,-1,-1,-1
355,102,700.52,166.92,97.13,43.99,1,-1,-1,-1
355,95,883.57,153.18,15.16,39.17,1,-1,-1,-1
356,1,0.85,226.57,286.79,141.63,1,-1,-1,-1
356,102,721.49,166.43,99.09,44.12,1,-1,-1,-1
356,95,883.56,153.31,15.01,38.79,1,-1,-1,-1
357,1,0.83,226.53,286.85,141.65,1,-1,-1,-1
357,102,742.24,165.46,102.44,44.99,1,-1,-1,-1
357,95,883.45,153.19,15.21,39.30,1,-1,-1,-1
358,1,0.85,226.54,286.77,141.60,1,-1,-1,-1
358,102,764.22,164.97,104.08,45.03,1,-1,-1,-1
358,95,883.65,153.39,15.09,38.97,1,-1,-1,-1
359,1,0.82,226.54,286.82,141.61,1,-1,-1,-1
359,102,787.35,164.27,105.64,45.07,1,-1,-1,-1
360,1,0.78,226.50,286.92,141.65,1,-1,-1,-1
360,102,810.23,163.82,107.02,45.03,1,-1,-1,-1
361,1,0.72,226.51,286.95,141.66,1,-1,-1,-1
361,102,832.49,163.27,109.38,45.39,1,-1,-1,-1
362,1,0.79,226.53,286.90,141.62,1,-1,-1,-1
362,102,854.72,162.54,112.19,45.94,1,-1,-1,-1
363,1,0.84,226.59,286.73,141.51,1,-1,-1,-1
363,102,876.03,161.91,115.07,46.74,1,-1,-1,-1
364,1,0.77,226.48,286.90,141.60,1,-1,-1,-1
364,102,896.56,161.10,116.92,47.39,1,-1,-1,-1
364,95,882.98,153.31,15.45,40.17,1,-1,-1,-1
365,1,0.86,226.65,286.78,141.51,1,-1,-1,-1
365,102,921.82,160.46,118.53,47.52,1,-1,-1,-1
365,95,883.54,153.39,15.13,39.34,1,-1,-1,-1
366,1,0.79,226.62,286.86,141.54,1,-1,-1,-1
366,102,943.98,158.46,123.33,49.15,1,-1,-1,-1
366,95,883.71,153.37,14.80,38.56,1,-1,-1,-1
367,1,0.70,226.52,287.05,141.63,1,-1,-1,-1
367,102,966.67,157.23,125.24,49.61,1,-1,-1,-1
367,95,883.83,153.39,14.59,38.06,1,-1,-1,-1
368,1,0.70,226.61,286.90,141.55,1,-1,-1,-1
368,102,991.37,157.36,124.57,49.09,1,-1,-1,-1
368,95,884.04,153.53,14.36,37.39,1,-1,-1,-1
369,1,0.69,226.56,286.98,141.58,1,-1,-1,-1
369,102,1011.81,156.96,124.61,48.60,1,-1,-1,-1
369,95,883.87,153.39,14.43,37.62,1,-1,-1,-1
370,1,0.76,226.62,286.86,141.50,1,-1,-1,-1
370,102,1036.55,155.93,122.55,47.47,1,-1,-1,-1
370,95,883.92,153.29,14.65,38.13,1,-1,-1,-1
371,1,0.72,226.62,286.89,141.51,1,-1,-1,-1
371,102,1058.15,154.67,122.58,47.07,1,-1,-1,-1
371,95,883.81,153.20,14.80,38.46,1,-1,-1,-1
372,1,0.70,226.58,286.99,141.56,1,-1,-1,-1
372,102,1079.36,153.66,122.41,46.62,1,-1,-1,-1
372,95,883.90,153.20,14.56,37.85,1,-1,-1,-1
373,1,0.75,226.65,286.89,141.49,1,-1,-1,-1
373,102,1098.79,152.80,122.70,46.55,1,-1,-1,-1
373,95,883.65,153.23,14.83,38.56,1,-1,-1,-1
374,1,0.64,226.55,287.12,141.61,1,-1,-1,-1
374,102,1112.99,151.30,121.82,46.87,1,-1,-1,-1
374,95,883.72,153.17,14.92,38.76,1,-1,-1,-1
375,1,0.70,226.61,287.02,141.55,1,-1,-1,-1
375,102,1127.05,150.64,115.67,45.65,1,-1,-1,-1
375,95,883.64,153.09,14.93,38.78,1,-1,-1,-1
