0,110,746.06,158.36,38.70,120.23,1,-1,-1,-1
0,111,793.72,166.10,36.69,106.53,1,-1,-1,-1
0,112,446.03,161.22,34.90,92.71,1,-1,-1,-1
0,113,962.32,183.13,103.39,40.36,1,-1,-1,-1
0,114,213.25,155.06,26.55,64.28,1,-1,-1,-1
0,115,1054.90,184.90,100.72,40.18,1,-1,-1,-1
0,116,278.93,158.60,28.19,70.38,1,-1,-1,-1
0,117,317.33,162.32,24.81,65.00,1,-1,-1,-1
0,118,600.74,172.06,37.19,30.33,1,-1,-1,-1
0,119,1134.90,186.60,87.03,38.41,1,-1,-1,-1
1,110,749.61,159.82,38.75,120.09,1,-1,-1,-1
1,111,797.29,164.30,37.47,108.80,1,-1,-1,-1
1,112,453.43,161.01,35.17,93.31,1,-1,-1,-1
1,113,962.45,183.30,102.90,40.17,1,-1,-1,-1
1,114,213.12,154.56,26.78,64.84,1,-1,-1,-1
1,115,1054.90,184.93,100.47,40.07,1,-1,-1,-1
1,116,279.34,159.84,27.52,68.72,1,-1,-1,-1
1,117,316.60,162.42,26.68,70.01,1,-1,-1,-1
1,118,600.91,172.21,37.53,30.60,1,-1,-1,-1
1,119,1134.62,186.51,87.23,38.49,1,-1,-1,-1
2,110,754.52,160.78,39.02,120.33,1,-1,-1,-1
2,111,801.76,166.38,37.47,108.52,1,-1,-1,-1
2,112,460.05,161.64,35.53,93.80,1,-1,-1,-1
2,113,962.73,183.40,102.31,39.93,1,-1,-1,-1
2,114,213.00,153.91,27.21,65.94,1,-1,-1,-1
2,115,1055.04,184.94,100.46,40.07,1,-1,-1,-1
2,116,279.63,160.03,27.88,69.77,1,-1,-1,-1
2,118,600.43,171.99,37.78,30.81,1,-1,-1,-1
2,119,1134.61,186.53,87.01,38.40,1,-1,-1,-1
2,132,245.24,159.60,22.42,60.44,1,-1,-1,-1
3,110,759.01,159.75,40.06,123.13,1,-1,-1,-1
3,111,806.68,167.11,38.23,110.20,1,-1,-1,-1
3,112,465.14,162.64,35.90,93.75,1,-1,-1,-1
3,113,962.69,183.31,102.63,40.05,1,-1,-1,-1
3,114,213.15,153.68,27.74,67.39,1,-1,-1,-1
3,115,1054.90,184.95,100.47,40.06,1,-1,-1,-1
3,118,600.61,172.09,37.51,30.59,1,-1,-1,-1
3,119,1134.72,186.58,86.97,38.38,1,-1,-1,-1
4,110,765.64,158.03,40.59,125.10,1,-1,-1,-1
4,111,810.49,167.60,38.60,110.89,1,-1,-1,-1
4,112,469.47,161.54,36.84,95.39,1,-1,-1,-1
4,113,962.91,183.42,102.13,39.83,1,-1,-1,-1
4,114,212.96,154.28,27.50,67.03,1,-1,-1,-1
4,115,1055.06,184.96,100.43,40.05,1,-1,-1,-1
4,118,600.88,172.09,37.48,30.56,1,-1,-1,-1
4,119,1135.06,186.58,86.89,38.35,1,-1,-1,-1
4,117,321.07,163.30,24.54,64.30,1,-1,-1,-1
4,132,244.80,160.18,22.37,60.48,1,-1,-1,-1
5,110,773.80,157.26,40.72,126.14,1,-1,-1,-1
5,111,817.26,166.95,38.57,111.44,1,-1,-1,-1
5,112,473.87,160.38,37.10,96.30,1,-1,-1,-1
5,113,962.80,183.35,102.17,39.83,1,-1,-1,-1
5,114,212.68,155.39,27.14,66.59,1,-1,-1,-1
5,115,1054.70,184.92,100.75,40.16,1,-1,-1,-1
5,118,600.72,172.09,37.39,30.46,1,-1,-1,-1
5,119,1134.88,186.52,87.06,38.43,1,-1,-1,-1
5,117,321.86,163.06,25.21,66.24,1,-1,-1,-1
5,116,286.87,159.99,23.41,58.97,1,-1,-1,-1
6,110,781.07,156.48,41.27,127.77,1,-1,-1,-1
6,111,824.75,165.69,38.83,112.98,1,-1,-1,-1
6,112,478.56,159.35,37.22,97.05,1,-1,-1,-1
6,113,962.61,183.31,102.46,39.94,1,-1,-1,-1
6,115,1054.95,184.94,100.53,40.07,1,-1,-1,-1
6,118,601.05,172.18,36.82,29.98,1,-1,-1,-1
6,119,1134.81,186.59,86.64,38.26,1,-1,-1,-1
6,117,323.71,162.13,25.76,67.93,1,-1,-1,-1
6,116,286.28,160.40,26.35,66.94,1,-1,-1,-1
7,110,787.81,157.15,42.29,128.37,1,-1,-1,-1
7,111,831.60,164.87,39.34,114.57,1,-1,-1,-1
7,112,484.77,160.04,37.88,97.65,1,-1,-1,-1
7,113,962.47,183.31,102.70,40.03,1,-1,-1,-1
7,115,1054.84,184.94,100.51,40.03,1,-1,-1,-1
7,118,601.41,172.28,36.73,29.92,1,-1,-1,-1
7,119,1135.06,186.55,87.02,38.44,1,-1,-1,-1
7,117,325.02,162.19,25.97,68.85,1,-1,-1,-1
7,116,286.07,159.99,27.42,70.17,1,-1,-1,-1
7,132,245.69,160.37,22.93,62.16,1,-1,-1,-1
8,110,792.49,157.74,43.99,129.63,1,-1,-1,-1
8,111,838.96,165.16,41.00,116.32,1,-1,-1,-1
8,112,489.57,161.30,38.51,97.49,1,-1,-1,-1
8,113,962.66,183.29,102.49,39.94,1,-1,-1,-1
8,115,1055.09,184.96,100.24,39.89,1,-1,-1,-1
8,118,601.32,172.20,36.95,30.06,1,-1,-1,-1
8,119,1135.44,186.57,86.78,38.34,1,-1,-1,-1
8,117,326.56,162.84,25.81,68.74,1,-1,-1,-1
8,116,287.20,159.22,28.23,72.52,1,-1,-1,-1
8,132,245.99,159.80,23.11,62.74,1,-1,-1,-1
8,114,211.37,154.80,27.88,68.62,1,-1,-1,-1
9,110,796.19,157.34,45.36,131.02,1,-1,-1,-1
9,111,843.60,166.61,42.53,116.86,1,-1,-1,-1
9,112,492.77,161.43,39.03,97.79,1,-1,-1,-1
9,113,962.53,183.27,102.81,40.05,1,-1,-1,-1
9,115,1055.10,184.95,100.22,39.88,1,-1,-1,-1
9,118,601.33,172.19,36.58,29.67,1,-1,-1,-1
9,119,1135.33,186.61,86.68,38.30,1,-1,-1,-1
9,117,328.38,164.61,25.40,67.39,1,-1,-1,-1
9,116,289.48,159.07,28.26,72.80,1,-1,-1,-1
9,132,246.27,159.36,23.64,64.08,1,-1,-1,-1
9,114,211.06,154.74,28.19,69.56,1,-1,-1,-1
10,110,803.30,156.67,45.78,131.94,1,-1,-1,-1
10,111,845.45,166.17,44.32,118.44,1,-1,-1,-1
10,112,498.56,159.25,39.64,100.29,1,-1,-1,-1
10,113,962.69,183.27,102.57,39.94,1,-1,-1,-1
10,115,1055.07,184.97,100.29,39.89,1,-1,-1,-1
10,118,601.53,172.27,36.37,29.50,1,-1,-1,-1
10,119,1135.27,186.66,86.51,38.22,1,-1,-1,-1
10,117,328.75,165.84,25.13,66.96,1,-1,-1,-1
10,116,291.55,158.69,28.65,73.66,1,-1,-1,-1
10,132,246.42,159.08,23.88,64.68,1,-1,-1,-1
10,114,211.18,155.17,28.31,70.12,1,-1,-1,-1
11,110,813.79,156.12,45.51,133.52,1,-1,-1,-1
11,111,850.59,163.47,45.65,121.28,1,-1,-1,-1
11,112,507.29,158.02,40.36,102.19,1,-1,-1,-1
11,113,962.40,183.28,103.13,40.18,1,-1,-1,-1
11,115,1054.88,184.96,100.48,39.94,1,-1,-1,-1
11,118,601.23,172.19,36.70,29.73,1,-1,-1,-1
11,119,1135.29,186.63,86.48,38.23,1,-1,-1,-1
11,117,330.11,163.62,26.20,69.77,1,-1,-1,-1
11,116,293.31,159.44,28.89,74.19,1,-1,-1,-1
11,132,246.39,159.94,24.06,65.13,1,-1,-1,-1
11,114,212.05,155.66,28.10,70.03,1,-1,-1,-1
12,110,822.16,156.31,46.03,135.34,1,-1,-1,-1
12,111,859.99,163.88,44.92,121.08,1,-1,-1,-1
12,112,515.70,158.45,40.98,102.97,1,-1,-1,-1
12,113,962.27,183.26,103.33,40.28,1,-1,-1,-1
12,115,1054.75,185.00,100.46,39.91,1,-1,-1,-1
12,118,601.32,172.16,36.96,29.98,1,-1,-1,-1
12,119,1135.11,186.58,86.77,38.34,1,-1,-1,-1
12,117,330.75,162.70,26.64,71.03,1,-1,-1,-1
12,116,294.35,160.28,29.30,74.93,1,-1,-1,-1
12,132,246.23,160.43,24.24,65.68,1,-1,-1,-1
12,114,212.98,155.61,27.70,69.56,1,-1,-1,-1
13,110,828.16,157.51,47.06,136.57,1,-1,-1,-1
13,111,867.32,165.11,44.72,122.03,1,-1,-1,-1
13,112,521.86,159.60,42.08,103.79,1,-1,-1,-1
13,113,962.51,183.28,102.95,40.12,1,-1,-1,-1
13,115,1054.85,185.00,100.42,39.89,1,-1,-1,-1
13,118,600.89,172.04,37.15,30.08,1,-1,-1,-1
13,119,1135.12,186.66,86.54,38.23,1,-1,-1,-1
13,117,332.43,162.63,26.98,72.10,1,-1,-1,-1
13,116,295.13,160.33,29.57,75.57,1,-1,-1,-1
13,132,245.44,160.20,24.58,66.72,1,-1,-1,-1
13,114,212.71,154.58,28.23,71.19,1,-1,-1,-1
14,110,833.67,157.74,48.59,138.37,1,-1,-1,-1
14,111,877.56,166.17,46.03,122.76,1,-1,-1,-1
14,112,526.57,159.27,42.98,104.89,1,-1,-1,-1
14,113,962.52,183.27,103.19,40.21,1,-1,-1,-1
14,115,1054.87,184.96,100.43,39.88,1,-1,-1,-1
14,118,600.78,172.00,37.12,29.99,1,-1,-1,-1
14,119,1135.17,186.65,86.68,38.27,1,-1,-1,-1
14,117,334.18,163.55,26.94,71.89,1,-1,-1,-1
14,116,295.28,159.04,30.06,76.98,1,-1,-1,-1
14,132,245.84,159.36,25.01,67.58,1,-1,-1,-1
14,114,213.04,153.95,28.56,72.26,1,-1,-1,-1
15,110,841.24,156.35,49.46,140.89,1,-1,-1,-1
15,111,883.73,166.82,47.82,123.97,1,-1,-1,-1
15,112,530.84,157.71,43.17,106.45,1,-1,-1,-1
15,113,962.47,183.27,103.37,40.29,1,-1,-1,-1
15,115,1054.81,184.93,100.67,39.98,1,-1,-1,-1
15,118,601.19,172.09,37.00,29.89,1,-1,-1,-1
15,119,1135.02,186.63,86.77,38.31,1,-1,-1,-1
15,117,335.19,162.70,27.61,73.66,1,-1,-1,-1
15,116,296.76,158.27,30.02,77.58,1,-1,-1,-1
15,132,246.46,159.58,24.98,67.68,1,-1,-1,-1
15,114,213.59,154.16,28.65,72.70,1,-1,-1,-1
16,110,852.90,155.13,48.75,141.15,1,-1,-1,-1
16,111,888.50,165.95,49.29,126.85,1,-1,-1,-1
16,112,534.95,157.50,42.80,107.36,1,-1,-1,-1
16,113,962.61,183.34,103.17,40.19,1,-1,-1,-1
16,115,1054.72,184.98,100.69,39.98,1,-1,-1,-1
16,118,601.69,172.35,36.40,29.48,1,-1,-1,-1
16,119,1135.19,186.69,86.84,38.32,1,-1,-1,-1
16,117,337.97,161.72,27.92,74.44,1,-1,-1,-1
16,116,298.96,159.11,29.91,78.00,1,-1,-1,-1
16,132,247.50,161.22,24.21,65.96,1,-1,-1,-1
16,114,214.11,155.03,28.15,71.86,1,-1,-1,-1
17,110,862.46,154.58,49.00,143.40,1,-1,-1,-1
17,111,896.45,163.99,49.32,129.53,1,-1,-1,-1
17,112,542.45,159.03,43.09,106.93,1,-1,-1,-1
17,113,962.75,183.32,102.96,40.09,1,-1,-1,-1
17,115,1054.80,184.98,100.53,39.90,1,-1,-1,-1
17,118,601.74,172.33,36.50,29.57,1,-1,-1,-1
17,119,1135.22,186.70,86.72,38.26,1,-1,-1,-1
17,117,341.74,162.34,27.58,73.90,1,-1,-1,-1
17,116,301.01,160.42,29.83,77.74,1,-1,-1,-1
17,132,248.68,161.90,24.15,66.17,1,-1,-1,-1
17,114,213.47,155.12,28.37,72.84,1,-1,-1,-1
18,110,872.96,155.44,51.04,144.55,1,-1,-1,-1
18,111,907.44,163.92,48.20,129.23,1,-1,-1,-1
18,112,546.90,159.93,43.82,107.66,1,-1,-1,-1
18,113,962.67,183.31,103.39,40.26,1,-1,-1,-1
18,115,1055.01,185.00,100.34,39.81,1,-1,-1,-1
18,118,601.59,172.28,36.84,29.86,1,-1,-1,-1
18,119,1135.32,186.77,86.35,38.08,1,-1,-1,-1
18,117,344.49,162.77,27.80,74.34,1,-1,-1,-1
18,116,303.05,160.64,29.84,77.98,1,-1,-1,-1
18,132,249.30,161.49,24.40,66.89,1,-1,-1,-1
18,114,212.79,154.42,28.76,74.20,1,-1,-1,-1
19,110,879.20,156.70,53.84,146.36,1,-1,-1,-1
19,111,918.95,164.56,48.26,129.44,1,-1,-1,-1
19,112,550.05,159.91,44.49,109.26,1,-1,-1,-1
19,113,962.82,183.30,103.09,40.13,1,-1,-1,-1
19,115,1055.16,185.03,100.04,39.65,1,-1,-1,-1
19,118,601.52,172.26,36.78,29.78,1,-1,-1,-1
19,119,1135.31,186.71,86.51,38.12,1,-1,-1,-1
19,117,346.69,164.00,27.72,73.33,1,-1,-1,-1
19,116,305.28,160.55,29.69,77.94,1,-1,-1,-1
19,132,249.60,161.40,24.62,67.34,1,-1,-1,-1
19,114,212.85,153.93,29.07,75.22,1,-1,-1,-1
20,110,884.51,156.84,56.23,148.09,1,-1,-1,-1
20,111,932.42,165.80,49.63,129.38,1,-1,-1,-1
20,112,557.22,158.96,44.84,110.77,1,-1,-1,-1
20,113,962.67,183.34,103.44,40.29,1,-1,-1,-1
20,115,1054.96,185.03,100.34,39.76,1,-1,-1,-1
20,118,601.11,172.28,37.09,29.95,1,-1,-1,-1
20,119,1135.29,186.70,86.67,38.17,1,-1,-1,-1
20,117,349.76,165.42,28.20,73.22,1,-1,-1,-1
20,116,307.60,159.42,29.80,79.19,1,-1,-1,-1
20,132,250.54,161.37,24.92,68.30,1,-1,-1,-1
20,114,212.50,154.05,29.30,76.29,1,-1,-1,-1
21,110,892.52,155.73,56.94,149.58,1,-1,-1,-1
21,111,936.64,166.03,52.73,132.72,1,-1,-1,-1
21,112,567.01,158.33,45.78,112.39,1,-1,-1,-1
21,113,965.03,183.20,102.84,40.31,1,-1,-1,-1
21,115,1054.71,185.05,100.51,39.78,1,-1,-1,-1
21,118,600.17,172.40,37.90,30.56,1,-1,-1,-1
21,119,1135.06,186.75,86.67,38.15,1,-1,-1,-1
21,117,351.80,165.29,28.40,73.77,1,-1,-1,-1
21,116,310.78,159.08,30.61,80.98,1,-1,-1,-1
21,132,251.18,161.96,24.98,68.40,1,-1,-1,-1
21,114,212.68,155.25,29.06,76.02,1,-1,-1,-1
21,134,281.96,158.52,24.68,71.58,1,-1,-1,-1
22,110,906.87,155.06,56.28,151.08,1,-1,-1,-1
22,111,945.52,167.29,52.88,133.09,1,-1,-1,-1
22,112,576.17,158.58,46.84,113.07,1,-1,-1,-1
22,113,971.45,183.18,100.87,40.29,1,-1,-1,-1
22,115,1054.81,185.06,100.52,39.77,1,-1,-1,-1
22,119,1135.09,186.74,86.87,38.26,1,-1,-1,-1
22,117,353.81,164.34,28.61,74.71,1,-1,-1,-1
22,116,314.36,159.94,30.91,80.72,1,-1,-1,-1
22,132,252.16,162.81,24.51,66.87,1,-1,-1,-1
22,114,213.63,156.28,28.82,75.69,1,-1,-1,-1
22,134,286.10,161.32,24.13,69.93,1,-1,-1,-1
23,110,918.81,155.29,57.20,153.58,1,-1,-1,-1
23,111,955.19,165.71,52.41,135.60,1,-1,-1,-1
23,112,579.42,160.57,46.78,112.77,1,-1,-1,-1
23,113,978.59,183.25,97.77,40.14,1,-1,-1,-1
23,115,1054.81,185.06,100.68,39.84,1,-1,-1,-1
23,119,1134.91,186.77,86.64,38.22,1,-1,-1,-1
23,117,356.64,164.31,28.64,75.44,1,-1,-1,-1
23,116,316.39,160.34,31.66,82.06,1,-1,-1,-1
23,132,252.56,162.15,25.00,68.44,1,-1,-1,-1
23,114,215.61,155.93,29.07,76.04,1,-1,-1,-1
23,134,288.86,162.68,23.97,69.39,1,-1,-1,-1
24,110,931.72,156.37,59.86,153.38,1,-1,-1,-1
24,111,961.04,165.31,50.74,130.26,1,-1,-1,-1
24,112,587.73,160.14,48.32,114.51,1,-1,-1,-1
24,113,984.21,183.43,94.78,40.17,1,-1,-1,-1
24,115,1054.57,185.05,100.88,39.91,1,-1,-1,-1
24,119,1135.59,186.85,86.35,38.17,1,-1,-1,-1
24,117,360.03,163.62,29.50,76.96,1,-1,-1,-1
24,116,317.46,160.03,32.29,83.07,1,-1,-1,-1
24,132,252.90,160.46,25.97,71.16,1,-1,-1,-1
24,114,216.71,154.88,29.71,77.29,1,-1,-1,-1
24,134,291.03,159.34,24.91,72.11,1,-1,-1,-1
25,110,937.51,157.00,62.52,153.73,1,-1,-1,-1
25,111,971.50,164.77,53.15,137.13,1,-1,-1,-1
25,112,593.90,159.12,48.34,115.35,1,-1,-1,-1
25,113,989.76,183.88,92.44,40.71,1,-1,-1,-1
25,115,1054.26,185.06,101.09,40.01,1,-1,-1,-1
25,119,1135.57,186.82,86.25,38.20,1,-1,-1,-1
25,117,362.26,163.93,29.97,77.54,1,-1,-1,-1
25,116,318.34,158.84,32.31,83.97,1,-1,-1,-1
25,132,254.57,160.82,25.96,71.64,1,-1,-1,-1
25,114,217.87,154.47,30.19,78.48,1,-1,-1,-1
25,134,292.60,159.07,24.99,72.30,1,-1,-1,-1
26,110,944.04,156.05,65.09,156.85,1,-1,-1,-1
26,111,983.83,166.98,55.86,138.00,1,-1,-1,-1
26,112,599.35,158.29,48.16,116.49,1,-1,-1,-1
26,113,996.87,185.13,87.39,40.34,1,-1,-1,-1
26,115,1053.91,185.13,101.53,40.24,1,-1,-1,-1
26,119,1135.53,186.85,86.34,38.31,1,-1,-1,-1
26,117,364.72,164.48,30.13,77.46,1,-1,-1,-1
26,116,320.01,159.23,31.75,83.47,1,-1,-1,-1
26,132,255.99,161.69,25.87,71.70,1,-1,-1,-1
26,114,218.97,155.11,30.07,78.15,1,-1,-1,-1
26,134,294.26,161.09,24.57,70.89,1,-1,-1,-1
27,110,954.21,155.10,65.19,158.85,1,-1,-1,-1
27,111,998.52,167.65,57.68,140.59,1,-1,-1,-1
27,112,606.51,158.87,49.46,116.75,1,-1,-1,-1
27,115,1053.68,185.15,101.49,40.21,1,-1,-1,-1
27,119,1135.58,186.92,86.36,38.33,1,-1,-1,-1
27,117,369.35,163.98,30.33,78.18,1,-1,-1,-1
27,116,322.60,159.80,31.60,83.18,1,-1,-1,-1
27,132,258.00,163.23,25.67,71.00,1,-1,-1,-1
27,114,220.15,156.57,29.77,77.66,1,-1,-1,-1
27,134,296.65,162.89,24.25,69.88,1,-1,-1,-1
28,110,971.46,154.26,64.39,160.69,1,-1,-1,-1
28,111,1004.74,167.42,58.97,142.73,1,-1,-1,-1
28,112,613.42,160.27,51.04,118.03,1,-1,-1,-1
28,115,1050.83,185.28,102.91,40.62,1,-1,-1,-1
28,119,1136.08,186.98,86.35,38.36,1,-1,-1,-1
28,117,375.40,163.38,30.89,79.27,1,-1,-1,-1
28,116,324.49,160.41,31.85,84.10,1,-1,-1,-1
28,132,259.28,163.64,25.68,71.12,1,-1,-1,-1
28,114,220.65,156.63,29.97,78.49,1,-1,-1,-1
28,134,298.36,164.31,24.11,69.62,1,-1,-1,-1
29,110,986.27,154.77,65.52,161.66,1,-1,-1,-1
29,111,1016.71,166.88,57.38,143.44,1,-1,-1,-1
29,112,618.37,159.24,52.55,120.31,1,-1,-1,-1
29,115,1052.96,185.36,102.40,40.57,1,-1,-1,-1
29,119,1135.63,186.88,86.68,38.56,1,-1,-1,-1
29,117,380.36,163.96,31.42,79.32,1,-1,-1,-1
29,116,326.51,160.76,31.95,84.53,1,-1,-1,-1
29,132,261.77,160.68,26.69,74.44,1,-1,-1,-1
29,114,220.99,155.52,30.36,79.88,1,-1,-1,-1
29,134,299.01,163.37,24.69,71.46,1,-1,-1,-1
29,118,599.75,172.39,36.73,30.03,1,-1,-1,-1
30,110,997.95,155.75,68.18,160.91,1,-1,-1,-1
30,111,1030.33,165.85,55.41,140.85,1,-1,-1,-1
30,112,626.04,156.85,52.78,123.04,1,-1,-1,-1
30,115,1057.62,185.47,100.85,40.43,1,-1,-1,-1
30,119,1135.70,186.80,86.86,38.72,1,-1,-1,-1
30,117,384.12,164.57,32.01,79.33,1,-1,-1,-1
30,116,330.02,160.32,32.44,85.63,1,-1,-1,-1
30,132,264.08,158.65,27.42,76.97,1,-1,-1,-1
30,114,221.81,154.90,30.64,80.95,1,-1,-1,-1
30,134,300.95,162.74,24.62,71.83,1,-1,-1,-1
30,118,601.23,172.38,36.51,29.72,1,-1,-1,-1
31,110,1003.50,156.31,71.59,162.59,1,-1,-1,-1
31,111,1043.45,167.19,57.88,144.15,1,-1,-1,-1
31,112,637.77,155.62,53.60,125.43,1,-1,-1,-1
31,115,1063.59,185.89,98.50,40.30,1,-1,-1,-1
31,119,1135.18,186.71,86.77,38.78,1,-1,-1,-1
31,117,386.30,164.64,32.26,79.49,1,-1,-1,-1
31,116,336.34,160.65,32.05,84.61,1,-1,-1,-1
31,132,266.49,158.72,26.89,75.91,1,-1,-1,-1
31,114,223.03,156.14,30.53,80.68,1,-1,-1,-1
31,134,303.40,164.58,24.41,70.92,1,-1,-1,-1
31,118,600.99,172.29,36.00,29.33,1,-1,-1,-1
32,110,1009.50,155.35,72.64,163.60,1,-1,-1,-1
32,111,1060.28,168.21,60.75,146.87,1,-1,-1,-1
32,112,650.06,155.68,54.70,126.81,1,-1,-1,-1
32,115,1070.38,186.24,96.01,40.48,1,-1,-1,-1
32,119,1135.20,186.68,86.96,38.97,1,-1,-1,-1
32,117,390.01,164.26,32.15,80.08,1,-1,-1,-1
32,116,339.63,160.35,33.24,86.29,1,-1,-1,-1
32,132,267.96,158.50,27.37,77.76,1,-1,-1,-1
32,114,225.64,158.41,30.10,79.14,1,-1,-1,-1
32,134,306.11,166.35,24.25,69.78,1,-1,-1,-1
32,118,601.32,172.22,36.40,29.59,1,-1,-1,-1
33,110,1023.03,154.63,72.41,166.19,1,-1,-1,-1
33,111,1074.62,168.27,62.49,150.03,1,-1,-1,-1
33,112,658.66,157.46,56.18,126.91,1,-1,-1,-1
33,115,1080.51,187.15,89.72,39.42,1,-1,-1,-1
33,117,393.44,163.92,31.87,80.41,1,-1,-1,-1
33,116,343.28,161.40,33.64,86.21,1,-1,-1,-1
33,132,269.14,158.04,27.71,79.42,1,-1,-1,-1
33,114,227.28,159.15,30.30,79.34,1,-1,-1,-1
33,134,307.80,165.31,25.18,72.05,1,-1,-1,-1
33,118,601.58,172.31,36.42,29.56,1,-1,-1,-1
33,113,968.36,183.83,84.80,38.64,1,-1,-1,-1
34,110,1039.83,154.05,71.48,168.66,1,-1,-1,-1
34,111,1084.38,168.75,62.28,151.42,1,-1,-1,-1
34,112,665.55,156.91,57.74,128.54,1,-1,-1,-1
34,115,1091.61,188.10,81.41,37.62,1,-1,-1,-1
34,117,397.48,163.93,32.31,80.82,1,-1,-1,-1
34,116,346.20,161.77,34.29,86.81,1,-1,-1,-1
34,132,270.85,157.18,28.03,80.67,1,-1,-1,-1
34,114,230.24,158.87,30.45,79.75,1,-1,-1,-1
34,134,309.37,163.39,26.21,74.45,1,-1,-1,-1
34,118,600.95,172.19,36.85,29.78,1,-1,-1,-1
34,113,966.83,183.34,88.69,39.78,1,-1,-1,-1
34,119,1134.47,186.66,87.08,39.03,1,-1,-1,-1
35,110,1057.76,154.31,74.54,171.67,1,-1,-1,-1
35,112,672.42,155.54,57.55,130.05,1,-1,-1,-1
35,117,400.63,164.93,32.74,80.31,1,-1,-1,-1
35,116,348.99,161.66,34.20,86.94,1,-1,-1,-1
35,132,276.31,160.32,26.96,77.88,1,-1,-1,-1
35,114,233.86,158.37,30.59,80.39,1,-1,-1,-1
35,134,311.14,160.96,26.90,77.15,1,-1,-1,-1
35,118,600.83,172.17,37.03,29.85,1,-1,-1,-1
35,113,967.15,183.15,90.96,40.04,1,-1,-1,-1
35,119,1133.56,186.74,87.30,39.00,1,-1,-1,-1
36,110,1069.17,155.59,78.38,173.10,1,-1,-1,-1
36,112,680.59,155.04,57.02,131.25,1,-1,-1,-1
36,117,402.79,164.37,33.32,81.07,1,-1,-1,-1
36,116,353.59,161.37,33.90,87.44,1,-1,-1,-1
36,132,279.81,160.29,27.75,79.12,1,-1,-1,-1
36,114,236.40,157.89,31.33,82.28,1,-1,-1,-1
36,134,312.21,159.32,27.23,79.04,1,-1,-1,-1
36,118,600.66,172.13,37.31,29.97,1,-1,-1,-1
36,113,967.37,183.17,91.54,39.59,1,-1,-1,-1
36,119,1137.24,187.48,85.61,38.40,1,-1,-1,-1
36,111,1105.92,168.24,60.79,149.90,1,-1,-1,-1
37,110,1075.20,155.96,79.90,171.68,1,-1,-1,-1
37,112,690.83,156.21,58.07,132.31,1,-1,-1,-1
37,117,407.88,163.17,33.51,82.04,1,-1,-1,-1
37,116,357.04,160.79,34.02,88.13,1,-1,-1,-1
37,132,283.61,161.05,28.08,79.02,1,-1,-1,-1
37,114,239.33,159.24,30.75,81.01,1,-1,-1,-1
37,134,317.17,163.18,26.38,75.96,1,-1,-1,-1
37,118,600.56,172.20,37.39,30.04,1,-1,-1,-1
37,113,967.09,183.29,92.91,39.60,1,-1,-1,-1
37,111,1117.43,168.03,64.32,155.12,1,-1,-1,-1
38,110,1095.24,155.45,78.93,175.71,1,-1,-1,-1
38,112,698.56,157.20,59.39,133.06,1,-1,-1,-1
38,117,414.49,162.95,33.54,82.58,1,-1,-1,-1
38,116,361.73,160.78,34.78,88.57,1,-1,-1,-1
38,132,285.45,161.55,28.78,80.25,1,-1,-1,-1
38,114,241.83,160.31,30.72,81.37,1,-1,-1,-1
38,134,319.98,164.98,26.21,75.21,1,-1,-1,-1
38,118,600.37,172.14,37.68,30.30,1,-1,-1,-1
38,113,966.34,183.27,94.71,39.93,1,-1,-1,-1
38,111,1139.64,168.98,66.25,157.80,1,-1,-1,-1
38,139,1058.52,185.29,57.13,38.52,1,-1,-1,-1
39,110,1106.39,154.58,79.25,179.35,1,-1,-1,-1
39,112,704.42,156.97,60.34,133.95,1,-1,-1,-1
39,117,418.35,163.54,33.53,82.71,1,-1,-1,-1
39,116,363.95,160.87,35.50,89.71,1,-1,-1,-1
39,132,287.35,160.81,29.33,81.59,1,-1,-1,-1
39,114,244.10,159.60,31.17,82.86,1,-1,-1,-1
39,134,322.73,166.87,25.77,73.96,1,-1,-1,-1
39,118,600.53,172.19,37.48,30.10,1,-1,-1,-1
39,113,965.49,183.20,95.74,40.04,1,-1,-1,-1
39,111,1155.13,170.58,66.76,159.62,1,-1,-1,-1
39,139,1064.27,185.21,58.96,39.45,1,-1,-1,-1
40,110,1126.13,154.67,79.41,180.36,1,-1,-1,-1
40,112,713.56,154.37,60.50,136.64,1,-1,-1,-1
40,117,421.22,164.52,33.10,82.64,1,-1,-1,-1
40,116,366.18,160.71,35.71,90.04,1,-1,-1,-1
40,132,290.35,161.08,29.17,81.54,1,-1,-1,-1
40,114,246.95,158.80,31.22,83.57,1,-1,-1,-1
40,134,326.13,166.38,25.85,74.27,1,-1,-1,-1
40,118,600.30,172.16,37.87,30.37,1,-1,-1,-1
40,113,964.81,183.15,97.40,40.48,1,-1,-1,-1
40,111,1164.58,170.93,66.14,161.77,1,-1,-1,-1
40,139,1070.23,185.03,61.02,40.15,1,-1,-1,-1
41,110,1137.24,156.21,81.29,182.26,1,-1,-1,-1
41,112,728.48,154.03,61.31,139.10,1,-1,-1,-1
41,117,424.02,164.63,32.85,83.02,1,-1,-1,-1
41,116,371.70,159.68,35.79,91.26,1,-1,-1,-1
41,132,292.58,161.04,29.27,82.39,1,-1,-1,-1
41,114,250.04,157.98,31.61,85.10,1,-1,-1,-1
41,134,329.40,167.40,25.82,74.17,1,-1,-1,-1
41,118,600.08,172.17,38.17,30.61,1,-1,-1,-1
41,113,964.60,183.14,97.98,40.47,1,-1,-1,-1
41,139,1073.41,184.98,63.80,40.99,1,-1,-1,-1
42,110,1142.29,157.41,81.35,180.51,1,-1,-1,-1
42,112,743.52,154.50,62.11,138.97,1,-1,-1,-1
42,117,428.58,163.58,32.88,84.46,1,-1,-1,-1
42,116,377.47,159.05,36.70,92.72,1,-1,-1,-1
42,132,297.03,162.24,28.72,81.40,1,-1,-1,-1
42,114,253.49,158.92,32.31,85.17,1,-1,-1,-1
42,134,333.49,166.48,26.95,76.05,1,-1,-1,-1
42,118,600.09,172.16,38.05,30.51,1,-1,-1,-1
42,113,964.49,183.12,97.74,40.14,1,-1,-1,-1
42,139,1073.85,184.96,64.53,40.34,1,-1,-1,-1
42,115,1122.65,186.64,74.54,36.45,1,-1,-1,-1
43,110,1151.64,159.31,79.10,178.02,1,-1,-1,-1
43,112,752.88,153.54,66.08,143.97,1,-1,-1,-1
43,117,433.59,162.67,33.11,85.54,1,-1,-1,-1
43,116,383.15,159.66,37.39,92.74,1,-1,-1,-1
43,132,300.42,163.19,28.79,81.75,1,-1,-1,-1
43,114,256.09,159.96,33.13,85.72,1,-1,-1,-1
43,134,336.24,165.31,28.14,78.34,1,-1,-1,-1
43,118,599.99,172.16,38.23,30.64,1,-1,-1,-1
43,113,964.48,183.15,98.20,40.09,1,-1,-1,-1
43,139,1073.05,184.95,66.26,40.21,1,-1,-1,-1
43,115,1128.01,186.53,75.00,37.68,1,-1,-1,-1
44,112,759.49,154.26,67.06,144.99,1,-1,-1,-1
44,117,438.01,162.50,33.33,86.12,1,-1,-1,-1
44,116,386.90,160.19,38.22,93.64,1,-1,-1,-1
44,132,304.81,163.19,28.87,82.24,1,-1,-1,-1
44,114,259.11,159.77,33.87,86.49,1,-1,-1,-1
44,134,338.96,166.67,28.39,77.74,1,-1,-1,-1
44,118,599.99,172.11,38.20,30.63,1,-1,-1,-1
44,113,964.39,183.12,98.57,40.05,1,-1,-1,-1
44,139,1072.37,184.93,67.90,39.95,1,-1,-1,-1
44,115,1134.77,186.55,76.02,38.02,1,-1,-1,-1
45,112,769.87,153.33,66.59,146.65,1,-1,-1,-1
45,117,442.77,164.00,33.71,85.29,1,-1,-1,-1
45,116,391.53,159.86,38.79,94.32,1,-1,-1,-1
45,132,309.62,163.16,28.82,82.66,1,-1,-1,-1
45,114,264.14,158.45,34.48,88.22,1,-1,-1,-1
45,134,342.36,166.75,28.17,77.34,1,-1,-1,-1
45,118,600.03,172.13,38.16,30.58,1,-1,-1,-1
45,113,964.21,183.13,99.10,40.08,1,-1,-1,-1
45,139,1071.10,184.92,70.10,40.01,1,-1,-1,-1
45,119,1135.86,186.58,85.96,38.48,1,-1,-1,-1
46,112,781.40,153.43,66.09,147.89,1,-1,-1,-1
46,117,446.34,164.57,34.62,85.43,1,-1,-1,-1
46,116,396.05,158.59,38.87,95.31,1,-1,-1,-1
46,132,314.70,162.92,29.24,83.38,1,-1,-1,-1
46,114,268.40,157.78,34.72,89.30,1,-1,-1,-1
46,134,346.97,166.38,28.42,77.66,1,-1,-1,-1
46,118,600.13,172.10,38.12,30.59,1,-1,-1,-1
46,113,964.12,183.20,99.24,39.97,1,-1,-1,-1
46,139,1069.94,184.92,72.15,39.95,1,-1,-1,-1
46,119,1135.83,186.58,85.87,38.38,1,-1,-1,-1
47,112,796.78,155.70,67.99,147.85,1,-1,-1,-1
47,117,450.53,163.82,35.53,86.60,1,-1,-1,-1
47,116,399.51,157.64,38.70,96.62,1,-1,-1,-1
47,132,317.97,162.52,29.91,84.92,1,-1,-1,-1
47,114,272.25,158.40,34.32,89.16,1,-1,-1,-1
47,134,351.90,166.79,28.54,77.94,1,-1,-1,-1
47,118,600.08,172.06,38.06,30.55,1,-1,-1,-1
47,113,964.01,183.17,99.53,39.95,1,-1,-1,-1
47,139,1068.73,184.91,74.27,39.98,1,-1,-1,-1
47,119,1135.30,186.44,86.35,38.51,1,-1,-1,-1
48,112,805.44,156.86,70.92,149.24,1,-1,-1,-1
48,117,455.40,163.19,35.33,87.34,1,-1,-1,-1
48,116,405.38,158.19,38.53,96.06,1,-1,-1,-1
48,132,320.87,161.69,30.63,86.42,1,-1,-1,-1
48,114,274.71,157.96,34.94,91.64,1,-1,-1,-1
48,134,356.45,168.35,28.43,77.67,1,-1,-1,-1
48,118,600.40,172.17,37.91,30.49,1,-1,-1,-1
48,113,963.93,183.25,99.58,39.82,1,-1,-1,-1
48,139,1067.70,184.90,76.07,39.83,1,-1,-1,-1
48,119,1135.36,186.48,86.08,38.31,1,-1,-1,-1
49,112,813.01,156.38,72.54,150.97,1,-1,-1,-1
49,117,458.41,162.70,35.44,88.58,1,-1,-1,-1
49,116,410.22,159.33,38.80,95.21,1,-1,-1,-1
49,132,323.04,160.67,31.29,88.26,1,-1,-1,-1
49,114,277.54,157.97,35.05,93.14,1,-1,-1,-1
49,134,358.99,168.69,28.33,78.21,1,-1,-1,-1
49,118,600.42,172.16,37.70,30.35,1,-1,-1,-1
49,113,963.69,183.25,100.26,39.97,1,-1,-1,-1
49,139,1066.58,184.91,78.12,39.88,1,-1,-1,-1
49,119,1135.70,186.56,85.81,38.21,1,-1,-1,-1
49,141,307.13,159.11,21.00,80.85,1,-1,-1,-1
50,112,826.12,153.65,72.66,154.25,1,-1,-1,-1
50,117,462.11,164.08,34.73,87.38,1,-1,-1,-1
50,116,412.69,159.72,39.37,95.86,1,-1,-1,-1
50,132,327.47,161.63,30.89,87.68,1,-1,-1,-1
50,114,281.30,159.07,34.55,92.63,1,-1,-1,-1
50,134,363.20,167.51,28.96,79.75,1,-1,-1,-1
50,118,600.71,172.25,37.41,30.18,1,-1,-1,-1
50,113,963.56,183.25,100.74,40.06,1,-1,-1,-1
50,139,1065.55,184.94,80.08,39.93,1,-1,-1,-1
50,119,1135.63,186.55,85.74,38.19,1,-1,-1,-1
50,141,308.59,158.72,20.99,80.71,1,-1,-1,-1
51,112,842.57,151.77,73.69,159.01,1,-1,-1,-1
51,117,465.62,165.94,34.42,86.77,1,-1,-1,-1
51,116,415.93,159.00,39.67,97.21,1,-1,-1,-1
51,132,331.56,161.91,30.52,87.84,1,-1,-1,-1
51,114,285.64,158.70,34.30,92.84,1,-1,-1,-1
51,134,367.03,167.25,28.98,80.52,1,-1,-1,-1
51,118,600.73,172.19,37.22,29.99,1,-1,-1,-1
51,113,963.37,183.21,101.23,40.17,1,-1,-1,-1
51,139,1064.61,184.89,81.79,39.91,1,-1,-1,-1
51,119,1135.54,186.50,86.13,38.34,1,-1,-1,-1
51,141,310.61,158.98,21.03,80.91,1,-1,-1,-1
52,112,859.52,153.08,75.91,161.91,1,-1,-1,-1
52,117,470.64,164.74,34.41,88.40,1,-1,-1,-1
52,116,422.75,158.34,39.26,98.37,1,-1,-1,-1
52,132,337.02,162.70,30.04,87.60,1,-1,-1,-1
52,114,290.02,159.29,34.42,92.89,1,-1,-1,-1
52,134,372.11,168.10,29.46,80.08,1,-1,-1,-1
52,118,600.29,172.07,37.54,30.26,1,-1,-1,-1
52,113,963.44,183.27,101.35,40.14,1,-1,-1,-1
52,139,1063.93,184.94,83.17,39.78,1,-1,-1,-1
52,119,1135.68,186.55,86.02,38.26,1,-1,-1,-1
52,141,314.16,160.74,20.66,79.58,1,-1,-1,-1
53,112,871.43,154.68,78.70,163.12,1,-1,-1,-1
53,117,476.27,163.08,34.51,89.98,1,-1,-1,-1
53,116,429.49,158.58,39.69,99.36,1,-1,-1,-1
53,132,341.12,163.62,29.96,86.98,1,-1,-1,-1
53,114,294.55,159.90,34.97,92.55,1,-1,-1,-1
53,134,375.08,168.61,30.14,80.23,1,-1,-1,-1
53,118,600.35,172.05,37.36,30.05,1,-1,-1,-1
53,113,963.25,183.23,101.64,40.18,1,-1,-1,-1
53,139,1063.19,184.99,84.76,39.81,1,-1,-1,-1
53,119,1135.86,186.58,86.14,38.28,1,-1,-1,-1
54,112,882.59,153.99,80.62,165.06,1,-1,-1,-1
54,117,481.79,162.21,35.16,91.78,1,-1,-1,-1
54,116,435.12,159.56,40.18,99.14,1,-1,-1,-1
54,132,344.71,162.88,30.81,88.77,1,-1,-1,-1
54,114,296.91,161.34,35.82,93.63,1,-1,-1,-1
54,134,377.67,168.42,30.73,80.92,1,-1,-1,-1
54,118,600.33,172.05,37.47,30.16,1,-1,-1,-1
54,113,963.17,183.20,101.98,40.26,1,-1,-1,-1
54,139,1062.29,184.96,86.25,39.86,1,-1,-1,-1
54,119,1135.71,186.60,86.15,38.27,1,-1,-1,-1
55,112,896.22,152.42,79.25,166.76,1,-1,-1,-1
55,117,487.72,163.28,35.86,91.70,1,-1,-1,-1
55,116,440.56,160.34,41.21,99.90,1,-1,-1,-1
55,132,348.97,161.85,31.38,90.48,1,-1,-1,-1
55,114,300.86,161.22,36.87,95.10,1,-1,-1,-1
55,134,382.41,167.16,31.11,82.67,1,-1,-1,-1
55,118,600.24,172.05,37.48,30.16,1,-1,-1,-1
55,113,963.36,183.24,101.93,40.21,1,-1,-1,-1
55,139,1061.55,185.00,87.55,39.85,1,-1,-1,-1
55,119,1135.41,186.63,86.03,38.17,1,-1,-1,-1
56,112,912.93,151.45,79.31,169.09,1,-1,-1,-1
56,117,490.38,164.52,36.23,91.18,1,-1,-1,-1
56,116,445.05,159.61,42.05,101.80,1,-1,-1,-1
56,132,352.67,160.22,31.87,92.46,1,-1,-1,-1
56,114,306.06,160.46,37.42,96.82,1,-1,-1,-1
56,134,388.36,167.87,30.85,82.24,1,-1,-1,-1
56,118,600.14,172.03,37.55,30.16,1,-1,-1,-1
56,113,966.08,183.14,101.38,40.28,1,-1,-1,-1
56,139,1060.81,185.02,88.95,39.96,1,-1,-1,-1
56,119,1135.31,186.64,86.36,38.30,1,-1,-1,-1
57,112,934.66,152.91,82.36,169.78,1,-1,-1,-1
57,117,493.67,163.06,36.86,92.92,1,-1,-1,-1
57,116,449.78,158.66,41.83,102.85,1,-1,-1,-1
57,132,356.40,160.89,32.08,92.57,1,-1,-1,-1
57,114,310.18,159.99,37.32,97.39,1,-1,-1,-1
57,134,393.64,167.97,31.15,82.56,1,-1,-1,-1
57,118,599.99,172.03,37.82,30.33,1,-1,-1,-1
57,113,975.54,183.24,98.27,40.06,1,-1,-1,-1
57,139,1060.08,184.98,90.22,40.03,1,-1,-1,-1
57,119,1135.39,186.62,86.50,38.38,1,-1,-1,-1
57,142,293.58,157.67,26.12,78.43,1,-1,-1,-1
58,112,946.06,155.09,86.94,172.26,1,-1,-1,-1
58,117,500.36,162.28,36.89,94.00,1,-1,-1,-1
58,116,453.73,157.90,41.13,103.15,1,-1,-1,-1
58,132,361.14,161.94,32.85,92.38,1,-1,-1,-1
58,114,313.78,160.20,37.05,97.75,1,-1,-1,-1
58,134,397.28,168.12,32.00,83.55,1,-1,-1,-1
58,118,599.90,171.99,37.91,30.38,1,-1,-1,-1
58,113,983.67,183.28,94.82,39.99,1,-1,-1,-1
58,139,1059.58,185.01,91.15,40.01,1,-1,-1,-1
58,119,1135.44,186.66,86.38,38.35,1,-1,-1,-1
58,142,296.24,157.41,26.64,79.96,1,-1,-1,-1
58,143,340.95,159.26,19.67,78.32,1,-1,-1,-1
59,112,955.58,153.91,89.93,175.57,1,-1,-1,-1
59,117,505.56,162.72,37.28,94.41,1,-1,-1,-1
59,116,460.20,159.51,41.11,101.86,1,-1,-1,-1
59,132,363.52,162.03,33.84,93.65,1,-1,-1,-1
59,114,318.63,161.82,36.53,97.39,1,-1,-1,-1
59,134,400.18,168.47,32.20,84.12,1,-1,-1,-1
59,118,600.01,172.00,37.91,30.37,1,-1,-1,-1
59,113,971.91,183.45,96.93,40.63,1,-1,-1,-1
59,139,1058.82,185.03,92.44,40.21,1,-1,-1,-1
59,119,1135.58,186.73,86.38,38.35,1,-1,-1,-1
59,142,299.40,158.26,26.73,80.32,1,-1,-1,-1
60,112,971.22,150.92,89.84,179.33,1,-1,-1,-1
60,117,510.52,163.65,37.79,93.87,1,-1,-1,-1
60,116,464.20,160.66,42.00,102.28,1,-1,-1,-1
60,132,367.15,162.90,33.86,93.40,1,-1,-1,-1
60,114,322.02,162.09,36.24,97.58,1,-1,-1,-1
60,134,403.27,166.96,32.35,85.58,1,-1,-1,-1
60,118,599.91,171.97,37.85,30.27,1,-1,-1,-1
60,113,967.62,183.49,97.56,40.61,1,-1,-1,-1
60,139,1057.99,185.02,93.81,40.51,1,-1,-1,-1
60,119,1135.49,186.69,86.71,38.53,1,-1,-1,-1
60,142,301.63,160.01,26.49,79.59,1,-1,-1,-1
61,112,994.75,149.13,89.99,184.44,1,-1,-1,-1
61,117,514.95,164.60,38.69,94.25,1,-1,-1,-1
61,116,466.70,160.45,42.75,103.16,1,-1,-1,-1
61,132,372.54,161.43,34.10,95.17,1,-1,-1,-1
61,114,327.24,161.42,36.23,98.30,1,-1,-1,-1
61,134,406.76,166.16,32.64,87.19,1,-1,-1,-1
61,118,599.76,171.88,38.04,30.37,1,-1,-1,-1
61,139,1058.09,185.21,93.86,40.29,1,-1,-1,-1
61,119,1135.86,186.78,86.53,38.49,1,-1,-1,-1
61,142,302.11,159.39,26.49,79.87,1,-1,-1,-1
61,141,318.34,159.49,22.55,85.81,1,-1,-1,-1
62,112,1016.43,150.13,92.84,186.98,1,-1,-1,-1
62,117,519.51,164.63,38.83,94.70,1,-1,-1,-1
62,116,471.84,160.05,42.38,103.55,1,-1,-1,-1
62,132,378.46,161.63,34.02,95.94,1,-1,-1,-1
62,114,333.04,160.00,36.65,99.84,1,-1,-1,-1
62,134,411.88,167.32,32.98,86.77,1,-1,-1,-1
62,118,599.52,171.88,38.34,30.61,1,-1,-1,-1
62,139,1063.31,185.63,94.03,40.86,1,-1,-1,-1
62,119,1135.69,186.75,87.09,38.81,1,-1,-1,-1
62,142,304.65,158.65,27.15,81.80,1,-1,-1,-1
62,141,319.78,159.90,23.22,86.37,1,-1,-1,-1
62,113,958.29,183.16,92.75,39.31,1,-1,-1,-1
63,112,1030.03,152.22,97.45,190.14,1,-1,-1,-1
63,117,524.28,165.22,37.87,94.35,1,-1,-1,-1
63,116,479.91,159.48,42.28,104.72,1,-1,-1,-1
63,132,384.41,163.09,33.24,94.23,1,-1,-1,-1
63,114,337.64,160.11,37.46,101.22,1,-1,-1,-1
63,134,414.56,168.30,33.53,86.94,1,-1,-1,-1
63,118,600.01,171.92,37.93,30.26,1,-1,-1,-1
63,139,1073.29,186.01,89.42,39.85,1,-1,-1,-1
63,119,1135.73,186.75,86.39,38.50,1,-1,-1,-1
63,142,308.21,158.52,27.56,83.04,1,-1,-1,-1
63,113,962.71,183.26,92.26,38.83,1,-1,-1,-1
64,112,1042.68,151.97,100.30,193.07,1,-1,-1,-1
64,117,528.93,162.81,38.45,97.17,1,-1,-1,-1
64,116,486.61,159.17,43.28,106.30,1,-1,-1,-1
64,132,388.22,164.30,33.45,94.29,1,-1,-1,-1
64,114,342.38,161.14,38.03,100.63,1,-1,-1,-1
64,134,417.67,169.08,33.52,86.67,1,-1,-1,-1
64,118,600.18,172.05,37.67,30.05,1,-1,-1,-1
64,139,1064.42,185.85,89.54,39.40,1,-1,-1,-1
64,119,1136.00,186.76,86.17,38.41,1,-1,-1,-1
64,142,311.70,158.72,26.91,81.84,1,-1,-1,-1
64,113,964.57,183.23,93.77,39.12,1,-1,-1,-1
64,141,323.11,160.12,23.93,86.52,1,-1,-1,-1
65,112,1060.62,149.95,99.29,196.02,1,-1,-1,-1
65,117,534.96,163.12,39.63,97.79,1,-1,-1,-1
65,116,492.75,159.89,44.12,105.99,1,-1,-1,-1
65,132,392.38,164.05,33.39,95.14,1,-1,-1,-1
65,114,345.27,161.44,39.07,101.63,1,-1,-1,-1
65,134,423.35,168.64,33.53,87.68,1,-1,-1,-1
65,118,600.01,171.98,38.35,30.61,1,-1,-1,-1
65,119,1132.77,186.66,87.00,38.59,1,-1,-1,-1
65,142,313.38,159.81,26.77,81.85,1,-1,-1,-1
65,113,965.25,183.25,95.13,39.38,1,-1,-1,-1
65,141,325.82,159.91,24.58,87.66,1,-1,-1,-1
66,112,1085.57,147.73,98.03,199.36,1,-1,-1,-1
66,117,538.93,165.18,40.45,97.33,1,-1,-1,-1
66,116,497.60,160.05,45.55,107.88,1,-1,-1,-1
66,132,397.39,163.99,32.99,95.46,1,-1,-1,-1
66,114,348.81,160.45,39.86,103.38,1,-1,-1,-1
66,134,429.10,168.42,33.56,88.46,1,-1,-1,-1
66,118,600.51,172.07,38.04,30.40,1,-1,-1,-1
66,142,316.64,160.27,28.10,85.38,1,-1,-1,-1
66,113,965.38,183.39,96.37,39.61,1,-1,-1,-1
66,143,335.82,159.36,21.79,86.69,1,-1,-1,-1
66,139,1049.64,185.49,84.67,38.21,1,-1,-1,-1
67,112,1109.28,150.32,100.46,200.52,1,-1,-1,-1
67,117,542.22,164.24,41.48,99.15,1,-1,-1,-1
67,116,503.40,159.50,46.40,109.56,1,-1,-1,-1
67,132,402.68,162.53,33.26,97.06,1,-1,-1,-1
67,114,354.55,160.19,39.59,103.55,1,-1,-1,-1
67,134,435.10,167.89,34.38,90.03,1,-1,-1,-1
67,118,600.30,172.09,38.13,30.51,1,-1,-1,-1
67,142,321.49,160.14,29.37,88.02,1,-1,-1,-1
67,113,964.73,183.28,97.56,39.91,1,-1,-1,-1
67,139,1053.37,185.21,86.05,38.72,1,-1,-1,-1
68,112,1118.39,153.71,102.80,202.84,1,-1,-1,-1
68,117,550.30,162.41,41.88,101.22,1,-1,-1,-1
68,116,508.54,158.03,46.14,110.86,1,-1,-1,-1
68,132,407.87,162.91,33.40,96.95,1,-1,-1,-1
68,114,360.63,158.82,39.84,105.18,1,-1,-1,-1
68,134,440.07,168.74,34.83,90.07,1,-1,-1,-1
68,118,600.50,172.18,38.07,30.53,1,-1,-1,-1
68,142,322.17,159.36,28.13,85.32,1,-1,-1,-1
68,113,964.37,183.27,98.72,40.20,1,-1,-1,-1
68,139,1057.37,184.98,88.43,39.25,1,-1,-1,-1
68,141,331.90,161.18,26.09,89.47,1,-1,-1,-1
69,112,1128.49,154.49,100.27,198.13,1,-1,-1,-1
69,117,559.93,162.03,42.31,102.44,1,-1,-1,-1
69,116,513.78,157.58,45.36,110.69,1,-1,-1,-1
69,132,412.63,164.86,33.81,96.64,1,-1,-1,-1
69,114,365.92,159.16,40.21,106.30,1,-1,-1,-1
69,134,444.77,167.95,34.94,91.05,1,-1,-1,-1
69,118,600.06,172.06,38.15,30.53,1,-1,-1,-1
69,113,964.09,183.34,98.91,40.12,1,-1,-1,-1
69,139,1058.08,185.00,90.78,39.86,1,-1,-1,-1
69,141,332.47,160.69,27.59,91.92,1,-1,-1,-1
69,119,1122.23,186.52,82.00,38.16,1,-1,-1,-1
70,117,567.83,162.71,43.20,102.95,1,-1,-1,-1
70,116,520.23,157.78,46.04,111.62,1,-1,-1,-1
70,132,415.74,164.62,35.18,98.65,1,-1,-1,-1
70,114,370.66,160.27,40.38,106.66,1,-1,-1,-1
70,134,450.54,167.51,34.76,91.65,1,-1,-1,-1
70,118,598.57,172.03,38.83,30.82,1,-1,-1,-1
70,113,963.99,183.21,99.22,40.08,1,-1,-1,-1
70,139,1058.47,184.97,91.56,39.78,1,-1,-1,-1
70,141,342.19,160.39,24.81,83.26,1,-1,-1,-1
70,119,1127.13,186.52,80.92,38.21,1,-1,-1,-1
70,142,328.80,160.18,29.80,90.69,1,-1,-1,-1
71,117,573.55,163.18,44.59,103.61,1,-1,-1,-1
71,116,525.23,158.80,47.23,112.63,1,-1,-1,-1
71,132,419.95,164.39,35.47,99.19,1,-1,-1,-1
71,114,374.30,160.09,40.87,108.50,1,-1,-1,-1
71,134,456.58,167.65,34.92,92.09,1,-1,-1,-1
71,118,599.17,172.14,39.20,31.13,1,-1,-1,-1
71,113,963.95,183.25,99.33,39.97,1,-1,-1,-1
71,139,1058.28,184.91,92.56,39.85,1,-1,-1,-1
71,141,342.27,159.66,26.80,89.35,1,-1,-1,-1
71,119,1134.23,186.61,81.38,38.18,1,-1,-1,-1
71,143,332.14,161.46,20.79,82.40,1,-1,-1,-1
72,117,578.42,163.53,45.09,103.55,1,-1,-1,-1
72,116,528.70,159.03,47.71,112.95,1,-1,-1,-1
72,132,426.36,164.95,35.15,99.37,1,-1,-1,-1
72,114,377.63,159.52,40.79,109.54,1,-1,-1,-1
72,134,463.24,167.44,36.41,92.88,1,-1,-1,-1
72,113,963.84,183.22,100.03,40.14,1,-1,-1,-1
72,139,1057.94,184.88,93.65,40.01,1,-1,-1,-1
72,141,341.90,160.27,28.39,92.22,1,-1,-1,-1
72,119,1136.16,186.54,82.29,38.32,1,-1,-1,-1
73,117,584.02,162.80,44.65,104.46,1,-1,-1,-1
73,116,535.40,158.36,47.46,114.11,1,-1,-1,-1
73,132,432.17,163.26,35.87,102.09,1,-1,-1,-1
73,114,382.65,158.13,41.02,111.13,1,-1,-1,-1
73,134,466.79,167.99,37.37,93.13,1,-1,-1,-1
73,113,963.68,183.22,100.20,40.11,1,-1,-1,-1
73,139,1057.55,184.87,94.39,40.05,1,-1,-1,-1
73,141,342.79,159.98,29.82,94.25,1,-1,-1,-1
73,119,1136.68,186.58,82.79,38.30,1,-1,-1,-1
73,149,410.94,157.58,28.33,91.39,1,-1,-1,-1
74,117,588.70,161.62,44.09,105.77,1,-1,-1,-1
74,116,544.75,156.78,47.34,116.31,1,-1,-1,-1
74,132,437.69,164.38,36.01,101.28,1,-1,-1,-1
74,114,388.80,158.51,41.57,112.07,1,-1,-1,-1
74,134,471.31,168.40,37.28,92.83,1,-1,-1,-1
74,113,963.37,183.20,100.72,40.23,1,-1,-1,-1
74,139,1057.34,184.87,95.04,40.11,1,-1,-1,-1
74,141,346.81,161.15,30.14,94.08,1,-1,-1,-1
74,119,1137.20,186.65,83.21,38.33,1,-1,-1,-1
74,142,337.57,159.50,28.65,87.77,1,-1,-1,-1
75,117,596.16,162.41,44.13,105.26,1,-1,-1,-1
75,116,553.69,158.13,47.62,116.70,1,-1,-1,-1
75,132,441.41,165.37,36.66,102.04,1,-1,-1,-1
75,114,395.22,160.93,41.83,109.77,1,-1,-1,-1
75,134,479.15,168.60,36.98,93.17,1,-1,-1,-1
75,113,963.41,183.26,100.92,40.23,1,-1,-1,-1
75,139,1057.14,184.90,95.34,40.00,1,-1,-1,-1
75,119,1137.07,186.59,83.84,38.43,1,-1,-1,-1
75,151,288.73,156.07,16.09,43.82,1,-1,-1,-1
75,152,257.51,152.85,20.00,46.62,1,-1,-1,-1
76,117,601.02,162.47,45.78,106.57,1,-1,-1,-1
76,116,561.97,159.72,48.58,116.72,1,-1,-1,-1
76,132,446.78,165.63,36.62,102.32,1,-1,-1,-1
76,114,398.48,162.05,43.07,110.37,1,-1,-1,-1
76,134,486.14,167.48,37.99,95.71,1,-1,-1,-1
76,113,963.30,183.22,101.29,40.30,1,-1,-1,-1
76,139,1056.85,184.92,95.85,40.01,1,-1,-1,-1
76,119,1136.69,186.60,84.00,38.36,1,-1,-1,-1
76,151,287.74,156.18,15.89,43.28,1,-1,-1,-1
76,152,257.81,153.58,19.58,45.61,1,-1,-1,-1
76,141,360.15,159.55,28.97,91.42,1,-1,-1,-1
76,142,344.54,160.65,30.37,92.44,1,-1,-1,-1
77,117,604.61,162.84,46.52,106.96,1,-1,-1,-1
77,116,569.11,159.45,50.28,118.16,1,-1,-1,-1
77,132,452.54,164.68,36.56,103.21,1,-1,-1,-1
77,114,404.41,160.91,44.90,112.42,1,-1,-1,-1
77,134,492.39,168.44,38.22,95.58,1,-1,-1,-1
77,113,963.53,183.31,100.92,40.05,1,-1,-1,-1
77,139,1056.76,184.93,96.21,39.98,1,-1,-1,-1
77,119,1136.69,186.63,84.21,38.34,1,-1,-1,-1
77,151,286.60,156.82,15.58,42.48,1,-1,-1,-1
77,153,297.38,158.48,19.12,50.28,1,-1,-1,-1
77,141,359.16,159.43,31.30,96.51,1,-1,-1,-1
78,117,610.59,161.48,46.53,108.58,1,-1,-1,-1
78,116,575.77,158.52,50.52,119.41,1,-1,-1,-1
78,132,459.41,165.12,36.22,103.03,1,-1,-1,-1
78,114,410.96,159.14,45.59,114.65,1,-1,-1,-1
78,134,497.44,167.81,39.26,97.78,1,-1,-1,-1
78,113,963.38,183.28,101.20,40.09,1,-1,-1,-1
78,139,1056.46,184.91,96.71,40.04,1,-1,-1,-1
78,119,1136.36,186.57,84.70,38.45,1,-1,-1,-1
78,153,295.17,157.87,19.82,52.19,1,-1,-1,-1
78,141,361.61,160.75,31.74,96.33,1,-1,-1,-1
78,154,390.95,160.87,27.92,85.60,1,-1,-1,-1
78,152,257.67,153.64,18.82,43.89,1,-1,-1,-1
78,142,351.41,160.71,29.60,89.49,1,-1,-1,-1
79,117,621.79,160.50,46.28,110.82,1,-1,-1,-1
79,116,582.52,156.14,50.40,122.62,1,-1,-1,-1
79,132,466.14,165.03,36.84,103.14,1,-1,-1,-1
79,114,416.71,157.99,45.32,115.79,1,-1,-1,-1
79,134,502.83,168.09,38.90,97.71,1,-1,-1,-1
79,113,963.20,183.31,101.53,40.16,1,-1,-1,-1
79,139,1056.30,184.87,97.17,40.12,1,-1,-1,-1
79,119,1136.03,186.52,85.11,38.54,1,-1,-1,-1
79,153,293.59,158.49,19.47,51.26,1,-1,-1,-1
79,141,364.74,160.87,32.66,97.84,1,-1,-1,-1
79,154,393.83,159.62,28.35,86.94,1,-1,-1,-1
79,152,257.02,153.41,19.28,45.10,1,-1,-1,-1
79,142,354.22,160.37,28.65,87.97,1,-1,-1,-1
80,117,632.25,161.60,46.18,110.56,1,-1,-1,-1
80,116,590.94,155.90,50.10,122.87,1,-1,-1,-1
80,132,469.79,164.73,38.54,106.00,1,-1,-1,-1
80,114,422.11,157.68,45.26,117.34,1,-1,-1,-1
80,134,507.45,167.33,38.69,98.65,1,-1,-1,-1
80,113,963.14,183.28,101.64,40.15,1,-1,-1,-1
80,139,1056.10,184.88,97.47,40.14,1,-1,-1,-1
80,119,1136.13,186.59,85.02,38.41,1,-1,-1,-1
80,153,290.99,157.30,19.56,51.30,1,-1,-1,-1
80,141,367.98,159.94,33.72,99.14,1,-1,-1,-1
80,154,398.07,158.96,28.68,87.93,1,-1,-1,-1
80,152,256.33,153.77,19.32,45.26,1,-1,-1,-1
81,117,641.04,162.28,47.09,111.64,1,-1,-1,-1
81,116,599.75,156.51,51.69,123.35,1,-1,-1,-1
81,132,472.58,163.68,39.83,108.20,1,-1,-1,-1
81,114,427.47,159.94,45.09,117.46,1,-1,-1,-1
81,134,514.26,166.99,39.27,99.96,1,-1,-1,-1
81,113,963.10,183.20,101.80,40.16,1,-1,-1,-1
81,139,1056.08,184.86,97.74,40.15,1,-1,-1,-1
81,119,1136.10,186.55,85.31,38.45,1,-1,-1,-1
81,153,288.53,156.77,20.56,53.81,1,-1,-1,-1
81,141,369.91,159.21,34.01,100.11,1,-1,-1,-1
81,154,403.02,159.22,28.94,88.28,1,-1,-1,-1
82,117,647.98,162.27,48.04,113.04,1,-1,-1,-1
82,116,604.12,157.17,53.60,124.30,1,-1,-1,-1
82,132,477.81,162.69,40.02,109.75,1,-1,-1,-1
82,114,431.85,159.59,45.24,118.52,1,-1,-1,-1
82,134,519.96,167.84,40.18,99.83,1,-1,-1,-1
82,113,962.87,183.16,101.99,40.21,1,-1,-1,-1
82,139,1055.82,184.86,97.87,40.09,1,-1,-1,-1
82,119,1135.94,186.55,85.56,38.48,1,-1,-1,-1
82,153,287.24,156.89,20.79,54.09,1,-1,-1,-1
82,141,377.15,159.05,33.45,99.92,1,-1,-1,-1
82,154,406.55,160.39,29.21,88.30,1,-1,-1,-1
82,142,368.53,160.79,32.11,96.19,1,-1,-1,-1
83,117,653.59,161.68,47.86,113.92,1,-1,-1,-1
83,116,607.83,155.63,54.77,126.14,1,-1,-1,-1
83,132,485.01,162.82,39.93,110.38,1,-1,-1,-1
83,114,436.31,158.44,45.82,120.75,1,-1,-1,-1
83,134,523.12,167.51,41.01,100.72,1,-1,-1,-1
83,113,962.84,183.29,102.07,40.19,1,-1,-1,-1
83,139,1055.76,184.90,98.09,40.08,1,-1,-1,-1
83,119,1135.99,186.59,85.60,38.45,1,-1,-1,-1
83,153,285.24,156.63,21.22,55.04,1,-1,-1,-1
83,141,379.61,160.09,34.25,99.47,1,-1,-1,-1
83,154,409.69,160.27,29.65,88.55,1,-1,-1,-1
83,118,597.18,172.39,37.41,31.08,1,-1,-1,-1
84,117,661.40,160.13,47.11,115.31,1,-1,-1,-1
84,116,616.46,154.86,53.81,126.93,1,-1,-1,-1
84,132,489.54,162.50,40.95,112.11,1,-1,-1,-1
84,114,443.75,156.91,46.12,122.91,1,-1,-1,-1
84,134,528.74,167.54,40.54,100.62,1,-1,-1,-1
84,113,962.75,183.23,102.22,40.23,1,-1,-1,-1
84,139,1055.60,184.88,98.42,40.14,1,-1,-1,-1
84,119,1136.01,186.58,85.92,38.56,1,-1,-1,-1
84,153,283.09,156.47,21.65,56.04,1,-1,-1,-1
84,141,382.42,160.67,35.20,100.90,1,-1,-1,-1
84,154,413.70,161.23,29.49,87.33,1,-1,-1,-1
84,118,598.49,172.50,37.29,31.60,1,-1,-1,-1
84,152,252.73,154.28,19.02,44.40,1,-1,-1,-1
85,117,669.29,160.04,47.49,116.10,1,-1,-1,-1
85,116,628.46,154.57,53.89,128.93,1,-1,-1,-1
85,132,495.27,164.20,41.35,110.23,1,-1,-1,-1
85,114,450.40,157.63,46.08,123.01,1,-1,-1,-1
85,134,536.76,167.92,40.28,101.22,1,-1,-1,-1
85,113,962.79,183.23,102.21,40.20,1,-1,-1,-1
85,139,1055.47,184.86,98.61,40.13,1,-1,-1,-1
85,119,1135.75,186.53,86.14,38.61,1,-1,-1,-1
85,153,280.85,156.11,21.98,56.59,1,-1,-1,-1
85,141,385.16,158.94,36.19,103.74,1,-1,-1,-1
85,154,418.84,159.63,30.23,88.99,1,-1,-1,-1
85,118,599.86,172.45,35.91,30.38,1,-1,-1,-1
85,152,251.44,153.93,19.45,45.45,1,-1,-1,-1
86,117,678.25,161.73,48.71,115.56,1,-1,-1,-1
86,116,640.17,155.44,54.71,129.23,1,-1,-1,-1
86,132,500.70,165.05,42.68,112.40,1,-1,-1,-1
86,114,458.70,159.16,46.90,122.90,1,-1,-1,-1
86,134,544.42,167.66,40.98,102.20,1,-1,-1,-1
86,113,962.54,183.19,102.57,40.34,1,-1,-1,-1
86,139,1055.35,184.87,98.71,40.10,1,-1,-1,-1
86,119,1135.77,186.52,86.00,38.50,1,-1,-1,-1
86,153,279.40,155.88,22.32,57.33,1,-1,-1,-1
86,141,389.69,158.71,36.23,104.20,1,-1,-1,-1
86,154,422.51,159.20,30.97,90.61,1,-1,-1,-1
86,118,600.29,172.27,36.33,30.47,1,-1,-1,-1
86,152,250.69,154.00,19.77,46.22,1,-1,-1,-1
87,117,684.67,162.04,49.72,116.59,1,-1,-1,-1
87,116,648.35,156.25,56.25,130.25,1,-1,-1,-1
87,132,508.34,164.58,42.83,113.70,1,-1,-1,-1
87,114,464.03,160.78,47.92,123.23,1,-1,-1,-1
87,134,551.18,167.48,42.45,104.92,1,-1,-1,-1
87,113,962.50,183.18,102.63,40.35,1,-1,-1,-1
87,139,1055.26,184.89,99.01,40.15,1,-1,-1,-1
87,119,1136.02,186.57,85.91,38.42,1,-1,-1,-1
87,153,277.89,155.54,22.59,57.98,1,-1,-1,-1
87,141,404.05,158.27,32.39,93.84,1,-1,-1,-1
87,154,426.67,160.10,30.61,89.52,1,-1,-1,-1
87,118,600.74,172.26,35.92,29.72,1,-1,-1,-1
87,152,250.23,154.07,19.78,46.26,1,-1,-1,-1
87,142,386.27,160.89,34.55,101.61,1,-1,-1,-1
88,117,689.49,160.16,50.29,118.63,1,-1,-1,-1
88,116,654.83,155.78,57.57,131.94,1,-1,-1,-1
88,132,516.16,163.18,42.96,115.61,1,-1,-1,-1
88,114,468.52,160.81,48.45,123.75,1,-1,-1,-1
88,134,556.96,166.34,43.79,107.67,1,-1,-1,-1
88,113,962.48,183.14,102.58,40.33,1,-1,-1,-1
88,139,1055.24,184.86,99.19,40.20,1,-1,-1,-1
88,119,1135.54,186.53,86.14,38.49,1,-1,-1,-1
88,153,275.77,155.27,22.75,58.22,1,-1,-1,-1
88,141,403.24,159.13,34.88,101.15,1,-1,-1,-1
88,154,430.01,161.02,30.79,90.28,1,-1,-1,-1
88,118,601.34,172.34,36.27,29.91,1,-1,-1,-1
88,152,249.97,154.84,19.45,45.43,1,-1,-1,-1
88,142,387.12,160.21,32.84,95.74,1,-1,-1,-1
89,117,699.67,158.79,49.71,120.39,1,-1,-1,-1
89,116,662.90,154.78,57.29,133.54,1,-1,-1,-1
89,132,524.03,163.20,42.95,116.25,1,-1,-1,-1
89,114,475.57,159.42,48.64,125.72,1,-1,-1,-1
89,134,563.89,166.04,43.53,108.48,1,-1,-1,-1
89,113,962.57,183.19,102.34,40.22,1,-1,-1,-1
89,139,1055.35,184.87,99.11,40.12,1,-1,-1,-1
89,119,1135.41,186.51,86.07,38.42,1,-1,-1,-1
89,141,405.30,159.38,36.29,105.20,1,-1,-1,-1
89,154,434.04,161.50,30.78,90.47,1,-1,-1,-1
89,118,602.52,172.24,35.09,28.66,1,-1,-1,-1
89,155,463.77,157.70,31.39,100.12,1,-1,-1,-1
90,117,711.79,159.38,50.09,122.09,1,-1,-1,-1
90,116,671.25,152.97,56.37,135.75,1,-1,-1,-1
90,132,531.87,164.34,44.40,116.43,1,-1,-1,-1
90,114,482.78,158.08,48.66,127.70,1,-1,-1,-1
90,134,571.54,165.70,43.00,109.05,1,-1,-1,-1
90,113,962.53,183.19,102.85,40.43,1,-1,-1,-1
90,139,1055.23,184.87,99.26,40.14,1,-1,-1,-1
90,119,1135.28,186.48,86.22,38.46,1,-1,-1,-1
90,141,408.07,158.71,37.20,108.29,1,-1,-1,-1
90,154,437.17,160.75,30.69,91.16,1,-1,-1,-1
90,118,602.24,172.20,36.56,30.03,1,-1,-1,-1
90,155,468.52,157.17,32.03,102.33,1,-1,-1,-1
90,153,272.95,155.82,22.48,57.68,1,-1,-1,-1
90,152,250.25,154.35,19.49,45.92,1,-1,-1,-1
90,142,397.60,158.71,31.91,94.66,1,-1,-1,-1
91,117,722.86,161.05,50.44,121.15,1,-1,-1,-1
91,116,680.71,153.11,56.45,136.58,1,-1,-1,-1
91,132,535.77,164.72,46.41,118.11,1,-1,-1,-1
91,114,489.59,158.46,49.00,130.49,1,-1,-1,-1
91,134,579.58,166.45,43.23,109.12,1,-1,-1,-1
91,113,962.76,183.36,102.58,40.28,1,-1,-1,-1
91,139,1055.19,184.94,99.21,40.04,1,-1,-1,-1
91,119,1135.59,186.59,85.94,38.30,1,-1,-1,-1
91,141,414.02,158.85,37.31,109.14,1,-1,-1,-1
91,154,440.91,160.23,30.65,91.99,1,-1,-1,-1
91,155,475.16,158.42,31.90,101.65,1,-1,-1,-1
91,153,272.28,155.40,22.42,57.50,1,-1,-1,-1
91,152,249.39,153.38,19.66,46.87,1,-1,-1,-1
92,117,732.30,162.25,51.03,121.19,1,-1,-1,-1
92,116,690.21,154.36,58.12,136.98,1,-1,-1,-1
92,132,540.60,164.21,47.67,119.76,1,-1,-1,-1
92,114,496.94,159.96,48.93,130.64,1,-1,-1,-1
92,134,585.65,167.45,43.89,108.95,1,-1,-1,-1
92,113,962.73,183.24,102.58,40.28,1,-1,-1,-1
92,139,1055.02,184.95,99.35,40.03,1,-1,-1,-1
92,119,1135.56,186.58,86.16,38.36,1,-1,-1,-1
92,141,418.32,158.74,37.42,109.73,1,-1,-1,-1
92,154,446.69,159.81,30.98,92.99,1,-1,-1,-1
92,155,479.97,159.57,31.90,100.75,1,-1,-1,-1
92,153,272.19,155.15,21.10,53.71,1,-1,-1,-1
92,152,248.23,153.66,19.40,46.70,1,-1,-1,-1
92,142,406.97,159.34,32.11,96.03,1,-1,-1,-1
93,117,739.65,161.37,51.35,123.21,1,-1,-1,-1
93,116,695.38,154.75,60.00,137.85,1,-1,-1,-1
93,132,549.44,162.30,47.47,121.69,1,-1,-1,-1
93,114,502.58,159.56,49.72,132.81,1,-1,-1,-1
93,134,590.61,165.89,45.70,111.97,1,-1,-1,-1
93,113,962.92,183.28,102.19,40.07,1,-1,-1,-1
93,139,1055.14,184.93,99.37,40.01,1,-1,-1,-1
93,119,1135.39,186.57,86.21,38.37,1,-1,-1,-1
93,141,426.30,160.15,38.02,109.04,1,-1,-1,-1
93,154,450.87,161.57,30.86,92.54,1,-1,-1,-1
93,155,482.91,159.36,32.51,100.92,1,-1,-1,-1
93,153,267.65,154.70,22.95,58.43,1,-1,-1,-1
93,152,246.68,153.40,19.69,47.67,1,-1,-1,-1
93,142,411.96,160.64,31.61,93.78,1,-1,-1,-1
94,117,744.07,160.04,50.60,125.01,1,-1,-1,-1
94,116,701.23,155.24,60.28,137.82,1,-1,-1,-1
94,132,559.16,162.73,47.12,122.27,1,-1,-1,-1
94,114,509.71,158.49,49.60,134.97,1,-1,-1,-1
94,134,598.22,164.33,45.73,113.92,1,-1,-1,-1
94,113,963.03,183.38,101.94,39.93,1,-1,-1,-1
94,139,1055.07,184.95,99.31,39.94,1,-1,-1,-1
94,119,1135.66,186.56,86.36,38.43,1,-1,-1,-1
94,141,431.43,160.89,38.86,109.22,1,-1,-1,-1
94,154,454.95,163.56,29.96,91.19,1,-1,-1,-1
94,155,486.80,158.72,33.43,102.34,1,-1,-1,-1
94,152,245.94,153.76,19.66,47.85,1,-1,-1,-1
94,142,415.81,159.38,31.81,95.10,1,-1,-1,-1
95,117,750.26,158.68,50.82,127.34,1,-1,-1,-1
95,116,711.75,153.18,59.54,140.53,1,-1,-1,-1
95,132,566.96,162.26,48.70,125.44,1,-1,-1,-1
95,114,518.69,156.13,49.76,137.43,1,-1,-1,-1
95,134,608.19,162.47,45.95,116.85,1,-1,-1,-1
95,113,962.75,183.32,102.46,40.12,1,-1,-1,-1
95,139,1055.03,184.98,99.26,39.86,1,-1,-1,-1
95,119,1135.78,186.60,86.19,38.31,1,-1,-1,-1
95,141,435.71,161.26,39.30,109.30,1,-1,-1,-1
95,154,460.99,165.58,29.02,89.41,1,-1,-1,-1
95,155,492.85,156.89,34.13,104.37,1,-1,-1,-1
95,152,244.88,153.94,19.62,47.98,1,-1,-1,-1
95,142,419.65,157.81,31.67,95.57,1,-1,-1,-1
95,153,262.41,155.16,22.58,57.03,1,-1,-1,-1
96,117,761.48,159.55,51.84,128.06,1,-1,-1,-1
96,116,724.55,152.08,59.58,144.01,1,-1,-1,-1
96,132,573.74,163.16,49.66,126.22,1,-1,-1,-1
96,114,527.99,156.47,49.27,136.99,1,-1,-1,-1
96,134,617.73,164.79,45.40,115.66,1,-1,-1,-1
96,113,962.72,183.24,102.49,40.12,1,-1,-1,-1
96,139,1054.98,184.96,99.75,40.03,1,-1,-1,-1
96,119,1135.48,186.53,86.43,38.43,1,-1,-1,-1
96,141,440.62,159.19,40.07,112.14,1,-1,-1,-1
96,154,468.11,164.45,29.47,90.57,1,-1,-1,-1
96,155,499.48,156.17,34.73,106.49,1,-1,-1,-1
96,152,243.83,153.77,19.32,47.65,1,-1,-1,-1
96,142,423.63,156.98,32.04,98.28,1,-1,-1,-1
96,153,259.31,152.27,24.37,62.13,1,-1,-1,-1
97,117,765.26,161.49,53.52,128.42,1,-1,-1,-1
97,116,737.06,153.44,58.90,141.52,1,-1,-1,-1
97,132,580.82,163.26,50.17,127.56,1,-1,-1,-1
97,114,538.61,157.90,51.25,137.23,1,-1,-1,-1
97,134,624.66,166.91,45.69,114.87,1,-1,-1,-1
97,113,962.58,183.22,102.75,40.21,1,-1,-1,-1
97,139,1054.71,184.96,100.51,40.35,1,-1,-1,-1
97,119,1135.44,186.53,86.59,38.49,1,-1,-1,-1
97,141,446.53,157.88,40.31,114.17,1,-1,-1,-1
97,154,473.21,163.31,30.58,92.88,1,-1,-1,-1
97,155,504.46,156.30,34.97,106.71,1,-1,-1,-1
97,152,243.05,153.43,19.35,48.24,1,-1,-1,-1
97,142,428.71,157.42,32.45,99.40,1,-1,-1,-1
97,153,257.36,150.92,24.52,63.30,1,-1,-1,-1
98,117,776.09,160.91,53.32,130.22,1,-1,-1,-1
98,116,744.63,154.04,60.77,143.75,1,-1,-1,-1
98,132,589.41,162.88,49.22,127.91,1,-1,-1,-1
98,114,544.54,159.30,53.97,138.41,1,-1,-1,-1
98,134,630.27,166.47,46.91,117.27,1,-1,-1,-1
98,113,962.47,183.26,102.87,40.27,1,-1,-1,-1
98,139,1055.00,184.99,99.99,40.08,1,-1,-1,-1
98,119,1135.46,186.57,86.47,38.40,1,-1,-1,-1
98,141,452.63,159.19,39.75,114.01,1,-1,-1,-1
98,154,475.96,163.77,30.11,92.76,1,-1,-1,-1
98,155,510.89,157.51,35.72,106.91,1,-1,-1,-1
98,152,242.39,153.78,18.74,47.46,1,-1,-1,-1
98,142,433.58,158.09,32.97,100.00,1,-1,-1,-1
98,153,254.47,150.60,24.76,65.13,1,-1,-1,-1
99,117,787.42,159.38,52.25,131.75,1,-1,-1,-1
99,116,753.17,152.99,62.92,147.28,1,-1,-1,-1
99,132,598.53,161.56,48.78,129.55,1,-1,-1,-1
99,114,549.18,159.70,55.98,139.73,1,-1,-1,-1
99,134,638.31,165.39,46.88,119.38,1,-1,-1,-1
99,113,962.63,183.26,102.74,40.20,1,-1,-1,-1
99,139,1055.04,184.96,99.76,39.93,1,-1,-1,-1
99,119,1135.25,186.56,86.41,38.35,1,-1,-1,-1
99,141,459.11,160.93,39.65,113.39,1,-1,-1,-1
99,154,481.14,164.14,30.22,93.30,1,-1,-1,-1
99,155,516.26,157.56,37.12,108.26,1,-1,-1,-1
99,152,241.64,154.48,18.43,47.30,1,-1,-1,-1
99,142,436.56,159.19,33.11,100.06,1,-1,-1,-1
99,151,270.36,155.57,17.08,47.19,1,-1,-1,-1
100,117,802.30,158.73,53.54,134.37,1,-1,-1,-1
100,116,763.22,151.81,62.52,149.62,1,-1,-1,-1
100,132,608.89,161.77,49.61,131.18,1,-1,-1,-1
100,114,557.70,158.36,56.36,141.46,1,-1,-1,-1
100,134,646.54,163.49,46.76,121.61,1,-1,-1,-1
100,113,962.58,183.32,102.68,40.17,1,-1,-1,-1
100,139,1055.06,184.98,99.64,39.85,1,-1,-1,-1
100,119,1135.13,186.52,86.61,38.40,1,-1,-1,-1
100,141,465.34,160.44,40.88,115.31,1,-1,-1,-1
100,155,520.54,156.10,38.19,110.50,1,-1,-1,-1
100,152,240.95,154.79,18.07,47.21,1,-1,-1,-1
100,142,440.34,157.47,33.92,102.81,1,-1,-1,-1
100,151,269.70,155.56,17.20,48.05,1,-1,-1,-1
100,153,250.62,154.61,23.40,62.47,1,-1,-1,-1
101,117,817.17,160.36,54.66,135.47,1,-1,-1,-1
101,116,776.03,150.35,61.65,152.21,1,-1,-1,-1
101,132,617.70,162.08,51.91,132.14,1,-1,-1,-1
101,114,569.02,155.44,56.63,145.23,1,-1,-1,-1
101,134,658.05,163.69,47.48,122.20,1,-1,-1,-1
101,113,962.55,183.29,102.97,40.27,1,-1,-1,-1
101,139,1055.03,184.99,99.77,39.88,1,-1,-1,-1
101,119,1135.41,186.61,86.64,38.40,1,-1,-1,-1
101,141,469.44,160.49,40.41,115.40,1,-1,-1,-1
101,155,523.49,155.30,38.45,111.64,1,-1,-1,-1
101,142,444.47,156.50,34.22,105.02,1,-1,-1,-1
101,151,268.99,155.29,17.39,48.71,1,-1,-1,-1
101,153,248.22,155.96,22.99,61.40,1,-1,-1,-1
102,117,822.70,161.91,58.07,137.01,1,-1,-1,-1
102,116,789.57,151.74,61.96,151.72,1,-1,-1,-1
102,132,623.98,162.10,53.46,133.54,1,-1,-1,-1
102,114,581.02,155.01,56.63,147.47,1,-1,-1,-1
102,134,668.14,164.39,49.02,124.04,1,-1,-1,-1
102,113,962.50,183.30,103.02,40.28,1,-1,-1,-1
102,139,1054.43,184.94,101.03,40.44,1,-1,-1,-1
102,119,1135.49,186.64,86.83,38.50,1,-1,-1,-1
102,141,474.82,159.24,40.46,116.95,1,-1,-1,-1
102,155,528.96,156.41,38.48,110.65,1,-1,-1,-1
102,142,448.16,156.41,34.77,107.58,1,-1,-1,-1
102,151,268.31,154.62,17.55,49.10,1,-1,-1,-1
102,153,245.31,156.47,22.45,60.25,1,-1,-1,-1
102,154,494.64,161.45,30.39,95.92,1,-1,-1,-1
103,117,831.22,161.76,56.75,129.82,1,-1,-1,-1
103,116,801.87,153.49,64.75,151.50,1,-1,-1,-1
103,132,630.77,161.39,53.72,134.87,1,-1,-1,-1
103,114,591.92,156.50,57.29,147.00,1,-1,-1,-1
103,134,674.24,163.88,49.70,125.16,1,-1,-1,-1
103,113,962.66,183.32,102.71,40.14,1,-1,-1,-1
103,139,1054.79,184.95,100.25,40.11,1,-1,-1,-1
103,119,1135.75,186.76,86.43,38.32,1,-1,-1,-1
103,141,481.92,159.13,41.06,117.75,1,-1,-1,-1
103,155,536.75,156.67,39.93,110.95,1,-1,-1,-1
103,142,452.89,157.09,34.32,106.57,1,-1,-1,-1
103,151,267.45,153.95,17.95,49.91,1,-1,-1,-1
103,153,243.14,155.82,22.76,60.95,1,-1,-1,-1
104,117,840.55,160.64,54.40,127.54,1,-1,-1,-1
104,116,807.38,153.48,68.16,153.91,1,-1,-1,-1
104,132,640.48,160.65,53.00,135.95,1,-1,-1,-1
104,114,598.00,157.29,59.01,149.28,1,-1,-1,-1
104,134,680.75,162.97,49.48,126.29,1,-1,-1,-1
104,113,962.41,183.31,102.81,40.20,1,-1,-1,-1
104,139,1054.92,184.98,99.94,39.96,1,-1,-1,-1
104,119,1135.91,186.72,86.36,38.30,1,-1,-1,-1
104,141,489.58,159.74,42.24,118.17,1,-1,-1,-1
104,155,539.92,157.06,41.46,111.56,1,-1,-1,-1
104,142,456.93,158.38,34.07,105.99,1,-1,-1,-1
104,151,266.42,154.57,17.91,49.38,1,-1,-1,-1
104,153,241.47,156.14,20.62,54.05,1,-1,-1,-1
105,117,851.90,158.62,56.75,138.19,1,-1,-1,-1
105,116,815.45,152.32,69.41,155.56,1,-1,-1,-1
105,132,651.06,160.32,53.06,138.40,1,-1,-1,-1
105,114,605.92,155.82,59.36,151.58,1,-1,-1,-1
105,134,691.66,161.85,49.58,129.16,1,-1,-1,-1
105,113,962.69,183.40,102.34,39.98,1,-1,-1,-1
105,139,1055.12,185.03,99.68,39.83,1,-1,-1,-1
105,119,1135.92,186.78,86.21,38.22,1,-1,-1,-1
105,141,493.66,160.54,43.12,118.97,1,-1,-1,-1
105,155,541.45,157.26,42.77,112.25,1,-1,-1,-1
105,142,460.77,157.27,34.51,107.56,1,-1,-1,-1
105,151,265.66,155.25,17.81,48.74,1,-1,-1,-1
105,153,238.99,158.02,19.02,48.87,1,-1,-1,-1
106,117,869.29,158.13,58.76,143.32,1,-1,-1,-1
106,116,828.08,150.23,68.39,158.35,1,-1,-1,-1
106,132,660.40,160.58,53.45,139.62,1,-1,-1,-1
106,114,617.92,154.21,58.70,153.25,1,-1,-1,-1
106,134,702.38,162.85,49.78,129.61,1,-1,-1,-1
106,113,962.68,183.33,102.80,40.15,1,-1,-1,-1
106,139,1055.13,185.01,99.85,39.88,1,-1,-1,-1
106,119,1136.30,186.74,86.27,38.27,1,-1,-1,-1
106,141,498.09,160.15,43.81,120.02,1,-1,-1,-1
106,155,545.85,156.78,43.02,112.74,1,-1,-1,-1
106,142,464.43,155.53,35.28,109.59,1,-1,-1,-1
106,151,264.23,154.76,18.21,49.69,1,-1,-1,-1
106,153,235.17,156.30,23.11,59.24,1,-1,-1,-1
106,118,599.93,172.46,36.52,30.59,1,-1,-1,-1
107,117,883.08,160.06,59.32,145.18,1,-1,-1,-1
107,116,841.45,149.43,68.20,162.35,1,-1,-1,-1
107,132,670.92,161.78,54.43,141.37,1,-1,-1,-1
107,114,629.88,153.69,58.24,154.16,1,-1,-1,-1
107,134,713.03,165.08,50.53,129.98,1,-1,-1,-1
107,113,962.67,183.31,102.84,40.17,1,-1,-1,-1
107,139,1055.29,185.04,99.58,39.73,1,-1,-1,-1
107,119,1136.15,186.78,86.09,38.17,1,-1,-1,-1
107,141,506.44,159.23,44.80,121.51,1,-1,-1,-1
107,155,555.35,154.23,44.03,115.53,1,-1,-1,-1
107,142,468.64,155.10,35.68,110.26,1,-1,-1,-1
107,151,263.30,154.71,18.24,49.34,1,-1,-1,-1
107,153,232.04,154.91,24.11,62.09,1,-1,-1,-1
107,118,599.40,172.17,36.85,30.55,1,-1,-1,-1
108,116,857.58,151.29,69.04,161.78,1,-1,-1,-1
108,132,679.45,161.60,54.86,142.51,1,-1,-1,-1
108,114,644.65,154.36,60.27,154.68,1,-1,-1,-1
108,134,721.49,164.57,51.42,132.11,1,-1,-1,-1
108,113,962.53,183.27,103.28,40.35,1,-1,-1,-1
108,139,1055.21,185.02,99.85,39.80,1,-1,-1,-1
108,119,1135.89,186.74,86.41,38.31,1,-1,-1,-1
108,141,511.90,158.56,46.04,123.68,1,-1,-1,-1
108,155,563.86,154.09,45.04,116.58,1,-1,-1,-1
108,142,473.90,156.21,36.09,109.99,1,-1,-1,-1
108,151,261.96,153.98,18.82,50.55,1,-1,-1,-1
108,153,228.83,154.23,25.05,64.97,1,-1,-1,-1
108,118,600.22,172.30,35.34,28.54,1,-1,-1,-1
109,116,867.68,152.71,72.06,164.12,1,-1,-1,-1
109,132,693.34,160.11,54.23,143.86,1,-1,-1,-1
109,114,653.57,156.72,63.45,155.85,1,-1,-1,-1
109,134,730.29,163.21,51.02,133.99,1,-1,-1,-1
109,113,962.77,183.33,102.84,40.16,1,-1,-1,-1
109,139,1055.04,185.00,99.85,39.75,1,-1,-1,-1
109,119,1135.72,186.72,86.40,38.26,1,-1,-1,-1
109,141,518.60,160.26,46.02,122.68,1,-1,-1,-1
109,155,570.88,154.64,46.53,117.70,1,-1,-1,-1
109,142,478.73,157.36,36.72,109.76,1,-1,-1,-1
109,151,260.96,153.15,19.17,51.23,1,-1,-1,-1
109,153,226.42,154.14,25.18,65.43,1,-1,-1,-1
109,117,891.97,157.53,59.16,145.33,1,-1,-1,-1
110,116,875.14,151.09,74.72,168.74,1,-1,-1,-1
110,132,706.06,159.13,53.72,145.06,1,-1,-1,-1
110,114,658.46,158.00,66.14,157.76,1,-1,-1,-1
110,134,739.95,161.80,50.37,135.37,1,-1,-1,-1
110,113,961.09,183.34,104.94,41.01,1,-1,-1,-1
110,139,1054.96,184.99,100.05,39.79,1,-1,-1,-1
110,119,1135.62,186.69,86.56,38.30,1,-1,-1,-1
110,141,523.65,159.64,47.79,126.18,1,-1,-1,-1
110,155,575.58,155.37,47.97,118.46,1,-1,-1,-1
110,142,481.34,157.79,37.36,110.16,1,-1,-1,-1
110,151,260.55,153.29,19.43,51.48,1,-1,-1,-1
110,153,223.66,154.13,25.60,66.40,1,-1,-1,-1
111,116,886.81,149.84,73.41,169.98,1,-1,-1,-1
111,132,719.77,159.90,55.17,147.36,1,-1,-1,-1
111,114,666.93,155.23,67.46,161.34,1,-1,-1,-1
111,134,753.57,162.76,51.18,135.83,1,-1,-1,-1
111,113,963.76,183.18,103.51,40.63,1,-1,-1,-1
111,139,1054.76,185.08,99.95,39.70,1,-1,-1,-1
111,119,1135.25,186.68,86.62,38.33,1,-1,-1,-1
111,141,528.04,158.39,48.80,128.58,1,-1,-1,-1
111,155,579.40,155.08,48.88,119.55,1,-1,-1,-1
111,142,485.03,156.55,37.83,111.53,1,-1,-1,-1
111,151,260.51,153.74,19.50,51.36,1,-1,-1,-1
111,153,220.72,154.40,26.11,67.99,1,-1,-1,-1
111,117,923.76,156.97,65.59,155.46,1,-1,-1,-1
112,116,905.29,148.54,72.50,172.55,1,-1,-1,-1
112,132,729.64,161.55,57.55,148.86,1,-1,-1,-1
112,114,680.67,152.33,66.96,164.61,1,-1,-1,-1
112,134,762.78,163.89,53.51,137.12,1,-1,-1,-1
112,113,969.18,183.25,102.86,41.10,1,-1,-1,-1
112,139,1054.40,185.06,100.46,39.86,1,-1,-1,-1
112,119,1135.49,186.75,86.64,38.37,1,-1,-1,-1
112,141,532.39,157.30,48.63,130.22,1,-1,-1,-1
112,155,583.64,153.92,48.69,121.02,1,-1,-1,-1
112,142,490.63,155.55,38.08,113.09,1,-1,-1,-1
112,151,260.21,153.60,19.73,51.76,1,-1,-1,-1
112,153,217.14,154.39,25.68,67.55,1,-1,-1,-1
112,117,939.88,158.36,68.06,157.09,1,-1,-1,-1
113,116,923.35,148.74,73.96,173.41,1,-1,-1,-1
113,132,740.52,161.58,58.57,149.32,1,-1,-1,-1
113,114,694.15,151.69,66.76,167.82,1,-1,-1,-1
113,134,776.43,163.27,53.25,138.38,1,-1,-1,-1
113,113,975.40,183.19,102.12,42.05,1,-1,-1,-1
113,139,1054.19,185.12,100.87,40.01,1,-1,-1,-1
113,119,1135.67,186.75,86.60,38.38,1,-1,-1,-1
113,141,538.92,157.39,47.65,130.04,1,-1,-1,-1
113,155,587.61,152.86,48.30,122.26,1,-1,-1,-1
113,142,495.76,156.17,37.65,113.04,1,-1,-1,-1
113,151,259.79,152.73,20.21,52.67,1,-1,-1,-1
113,153,213.24,154.35,25.82,68.29,1,-1,-1,-1
114,116,937.09,150.49,78.04,174.41,1,-1,-1,-1
114,132,748.50,159.69,59.13,151.95,1,-1,-1,-1
114,114,707.62,152.95,67.72,168.46,1,-1,-1,-1
114,134,784.75,162.21,52.45,139.79,1,-1,-1,-1
114,113,979.68,183.25,102.49,43.84,1,-1,-1,-1
114,139,1053.85,185.10,101.50,40.28,1,-1,-1,-1
114,119,1135.44,186.72,86.98,38.60,1,-1,-1,-1
114,141,549.11,157.84,48.74,130.86,1,-1,-1,-1
114,155,596.66,153.17,48.93,122.37,1,-1,-1,-1
114,142,503.53,157.25,38.02,112.47,1,-1,-1,-1
114,151,259.11,152.10,20.44,53.24,1,-1,-1,-1
114,153,209.19,155.13,25.79,68.23,1,-1,-1,-1
114,152,228.34,153.93,18.96,50.11,1,-1,-1,-1
115,116,943.96,150.86,82.81,177.84,1,-1,-1,-1
115,132,759.83,157.50,57.52,152.04,1,-1,-1,-1
115,114,714.20,155.10,68.90,169.62,1,-1,-1,-1
115,134,793.89,161.61,51.54,141.55,1,-1,-1,-1
115,113,991.22,184.49,92.67,41.34,1,-1,-1,-1
115,139,1053.62,185.18,101.52,40.26,1,-1,-1,-1
115,141,555.33,159.63,50.02,130.82,1,-1,-1,-1
115,155,601.83,153.72,50.17,123.22,1,-1,-1,-1
115,142,507.66,158.07,38.84,112.73,1,-1,-1,-1
115,151,258.17,152.00,20.69,53.65,1,-1,-1,-1
115,153,204.90,155.16,26.54,68.81,1,-1,-1,-1
115,152,227.30,154.47,18.52,49.87,1,-1,-1,-1
115,117,982.66,157.12,68.60,156.63,1,-1,-1,-1
116,116,952.81,149.07,84.24,180.15,1,-1,-1,-1
116,132,772.88,157.67,58.49,157.31,1,-1,-1,-1
116,114,722.89,154.85,69.48,171.43,1,-1,-1,-1
116,134,807.69,162.89,51.72,143.14,1,-1,-1,-1
116,113,975.84,183.77,93.33,41.20,1,-1,-1,-1
116,139,1054.02,185.19,101.10,40.08,1,-1,-1,-1
116,141,559.17,158.78,51.45,132.58,1,-1,-1,-1
116,155,605.12,153.85,51.32,124.57,1,-1,-1,-1
116,142,512.78,157.30,39.92,114.19,1,-1,-1,-1
116,151,257.80,152.96,20.55,52.96,1,-1,-1,-1
116,153,202.13,155.22,27.14,70.05,1,-1,-1,-1
116,152,226.24,154.38,18.70,50.69,1,-1,-1,-1
116,119,1135.38,186.72,86.87,38.55,1,-1,-1,-1
117,116,968.92,147.96,82.14,180.98,1,-1,-1,-1
117,132,787.68,159.10,59.31,157.70,1,-1,-1,-1
117,114,737.20,152.00,69.19,174.78,1,-1,-1,-1
117,134,818.71,163.60,54.09,144.90,1,-1,-1,-1
117,139,1052.57,185.31,101.20,39.96,1,-1,-1,-1
117,141,565.66,157.57,51.29,134.11,1,-1,-1,-1
117,155,608.42,153.40,51.56,125.19,1,-1,-1,-1
117,142,518.18,156.28,39.94,115.61,1,-1,-1,-1
117,151,257.45,153.71,20.36,52.35,1,-1,-1,-1
117,153,199.40,154.68,27.51,70.81,1,-1,-1,-1
117,152,225.77,154.07,18.79,50.63,1,-1,-1,-1
118,116,989.02,147.04,82.52,185.89,1,-1,-1,-1
118,132,802.90,159.42,60.87,161.75,1,-1,-1,-1
118,114,753.15,150.22,68.97,177.76,1,-1,-1,-1
118,134,833.35,164.02,54.31,146.38,1,-1,-1,-1
118,139,1056.34,185.58,100.13,39.80,1,-1,-1,-1
118,141,577.50,157.16,51.51,135.56,1,-1,-1,-1
118,155,616.64,152.08,51.48,126.64,1,-1,-1,-1
118,142,524.67,155.12,40.32,117.29,1,-1,-1,-1
118,151,256.94,153.58,20.59,52.67,1,-1,-1,-1
118,153,195.75,153.55,27.74,72.01,1,-1,-1,-1
118,152,224.67,154.24,19.00,50.72,1,-1,-1,-1
118,154,565.31,156.43,35.07,111.36,1,-1,-1,-1
119,116,1010.55,148.78,86.66,188.65,1,-1,-1,-1
119,132,807.43,159.37,62.36,164.65,1,-1,-1,-1
119,114,770.18,150.13,71.50,181.09,1,-1,-1,-1
119,134,844.67,162.59,53.89,148.76,1,-1,-1,-1
119,139,1064.36,186.04,97.44,39.57,1,-1,-1,-1
119,141,588.54,157.74,52.66,137.28,1,-1,-1,-1
119,155,627.24,151.30,52.09,128.24,1,-1,-1,-1
119,142,533.23,155.47,40.70,117.32,1,-1,-1,-1
119,151,256.34,153.55,20.77,52.95,1,-1,-1,-1
119,153,192.34,153.19,27.84,72.98,1,-1,-1,-1
119,152,223.85,154.25,19.12,50.70,1,-1,-1,-1
119,154,569.48,157.49,35.44,110.01,1,-1,-1,-1
120,116,1022.44,150.50,92.38,193.26,1,-1,-1,-1
120,132,824.28,157.86,59.75,158.56,1,-1,-1,-1
120,114,784.07,154.04,75.36,180.92,1,-1,-1,-1
120,134,856.43,161.39,53.10,149.32,1,-1,-1,-1
120,141,595.54,159.74,53.20,136.83,1,-1,-1,-1
120,155,635.91,152.28,52.80,128.36,1,-1,-1,-1
120,142,539.64,156.38,41.84,117.55,1,-1,-1,-1
120,151,256.02,153.77,20.92,53.04,1,-1,-1,-1
120,153,189.36,153.76,27.80,72.98,1,-1,-1,-1
120,152,222.41,153.91,19.39,51.51,1,-1,-1,-1
120,154,574.49,158.66,36.46,109.95,1,-1,-1,-1
120,113,963.39,183.78,86.70,38.42,1,-1,-1,-1
120,119,1114.17,186.28,92.79,39.75,1,-1,-1,-1
121,116,1034.79,150.03,95.73,196.80,1,-1,-1,-1
121,132,837.21,157.41,60.53,164.24,1,-1,-1,-1
121,114,790.49,155.73,79.48,182.85,1,-1,-1,-1
121,134,871.91,162.59,53.93,151.83,1,-1,-1,-1
121,141,600.70,160.23,54.47,138.14,1,-1,-1,-1
121,155,641.99,153.55,53.96,128.97,1,-1,-1,-1
121,142,543.13,156.85,42.89,118.14,1,-1,-1,-1
121,151,255.54,154.10,21.03,52.96,1,-1,-1,-1
121,153,186.28,153.68,28.06,73.83,1,-1,-1,-1
121,152,221.35,153.42,19.63,52.40,1,-1,-1,-1
121,154,581.90,157.67,36.18,109.86,1,-1,-1,-1
121,113,966.06,183.33,89.15,38.90,1,-1,-1,-1
122,141,606.29,158.18,54.84,140.53,1,-1,-1,-1
122,155,645.97,153.41,55.26,130.72,1,-1,-1,-1
122,142,547.14,156.43,43.16,119.16,1,-1,-1,-1
122,151,255.73,153.83,21.31,53.52,1,-1,-1,-1
122,153,182.88,152.30,28.25,74.97,1,-1,-1,-1
122,152,221.01,153.15,19.83,53.55,1,-1,-1,-1
122,154,588.89,156.29,36.22,112.93,1,-1,-1,-1
122,113,967.13,183.33,91.71,39.40,1,-1,-1,-1
123,141,615.48,156.16,54.25,142.56,1,-1,-1,-1
123,155,651.87,152.95,54.58,131.57,1,-1,-1,-1
123,142,554.07,154.94,43.04,120.91,1,-1,-1,-1
123,151,255.98,152.74,21.85,54.74,1,-1,-1,-1
123,154,595.58,155.71,36.52,114.91,1,-1,-1,-1
123,113,965.90,183.49,94.88,40.24,1,-1,-1,-1
123,116,1084.61,147.24,95.89,197.60,1,-1,-1,-1
123,114,817.03,152.07,79.93,187.73,1,-1,-1,-1
123,134,883.38,161.01,61.37,167.33,1,-1,-1,-1
124,141,626.82,156.05,54.54,143.71,1,-1,-1,-1
124,155,657.59,150.83,53.59,132.98,1,-1,-1,-1
124,142,560.95,154.03,42.97,122.42,1,-1,-1,-1
124,151,256.14,152.15,22.13,55.28,1,-1,-1,-1
124,113,973.48,183.15,93.99,40.44,1,-1,-1,-1
124,116,1101.32,147.93,99.51,199.76,1,-1,-1,-1
124,114,833.73,150.66,80.02,193.25,1,-1,-1,-1
124,134,891.41,160.25,63.14,171.83,1,-1,-1,-1
124,139,1044.20,185.40,92.21,38.92,1,-1,-1,-1
124,153,174.32,152.42,28.41,75.37,1,-1,-1,-1
124,152,220.26,154.66,19.30,52.41,1,-1,-1,-1
125,141,638.22,157.08,56.31,144.20,1,-1,-1,-1
125,155,667.50,151.73,53.10,133.24,1,-1,-1,-1
125,142,568.75,155.59,42.92,122.34,1,-1,-1,-1
125,151,256.13,151.82,22.38,55.67,1,-1,-1,-1
125,113,980.05,183.38,93.27,41.15,1,-1,-1,-1
125,116,1109.28,150.76,103.60,202.11,1,-1,-1,-1
125,114,850.98,151.81,81.22,194.40,1,-1,-1,-1
125,139,1049.49,185.31,92.68,39.40,1,-1,-1,-1
125,153,167.16,153.29,29.46,75.70,1,-1,-1,-1
125,152,219.92,154.13,19.43,53.25,1,-1,-1,-1
125,154,609.25,157.15,38.57,114.17,1,-1,-1,-1
126,141,643.73,157.87,58.15,145.10,1,-1,-1,-1
126,155,676.30,152.39,54.85,134.12,1,-1,-1,-1
126,142,574.54,156.91,43.56,122.82,1,-1,-1,-1
126,151,255.91,152.30,22.39,55.45,1,-1,-1,-1
126,113,991.04,185.03,87.86,40.35,1,-1,-1,-1
126,116,1115.36,151.48,106.60,205.86,1,-1,-1,-1
126,114,865.50,153.72,86.11,198.58,1,-1,-1,-1
126,139,1054.34,185.18,95.43,40.25,1,-1,-1,-1
126,153,163.22,153.57,30.57,76.55,1,-1,-1,-1
126,152,219.72,153.62,19.49,53.72,1,-1,-1,-1
126,154,611.60,156.50,40.17,116.58,1,-1,-1,-1
126,134,934.86,162.06,58.99,163.32,1,-1,-1,-1
127,141,649.49,157.02,59.19,146.39,1,-1,-1,-1
127,155,682.98,153.21,56.00,135.79,1,-1,-1,-1
127,142,579.13,155.60,44.02,124.96,1,-1,-1,-1
127,151,254.75,153.25,22.22,55.05,1,-1,-1,-1
127,116,1131.16,151.42,104.69,207.62,1,-1,-1,-1
127,114,873.90,153.94,89.96,202.81,1,-1,-1,-1
127,139,1054.11,185.42,97.71,40.91,1,-1,-1,-1
127,153,160.07,152.97,31.52,78.14,1,-1,-1,-1
127,152,219.81,153.37,19.45,53.73,1,-1,-1,-1
127,154,618.92,155.77,40.94,117.80,1,-1,-1,-1
127,134,959.48,163.61,59.65,163.10,1,-1,-1,-1
127,119,1119.72,186.82,80.20,36.94,1,-1,-1,-1
127,132,924.68,155.63,67.42,184.05,1,-1,-1,-1
128,141,659.18,155.37,58.82,148.40,1,-1,-1,-1
128,155,692.64,152.79,55.00,136.67,1,-1,-1,-1
128,142,586.45,153.91,43.99,126.99,1,-1,-1,-1
128,151,253.91,153.99,21.94,54.53,1,-1,-1,-1
128,114,886.99,151.62,90.57,206.92,1,-1,-1,-1
128,139,1066.94,186.37,92.07,39.42,1,-1,-1,-1
128,153,155.08,151.80,31.70,79.29,1,-1,-1,-1
128,152,218.86,151.90,20.06,55.46,1,-1,-1,-1
128,154,627.62,154.83,41.30,120.03,1,-1,-1,-1
128,134,976.05,164.19,60.03,164.34,1,-1,-1,-1
128,119,1126.33,186.95,79.74,37.95,1,-1,-1,-1
129,141,667.91,154.50,58.55,151.35,1,-1,-1,-1
129,155,699.18,151.13,53.69,138.37,1,-1,-1,-1
129,142,593.47,153.23,44.08,128.25,1,-1,-1,-1
129,151,252.97,154.12,21.80,54.34,1,-1,-1,-1
129,114,909.10,149.15,88.66,209.42,1,-1,-1,-1
129,153,150.50,151.20,31.64,80.14,1,-1,-1,-1
129,152,217.87,152.06,19.96,55.13,1,-1,-1,-1
129,154,634.02,155.02,41.98,121.03,1,-1,-1,-1
129,119,1124.67,187.05,85.42,39.19,1,-1,-1,-1
129,113,1000.59,184.78,80.16,38.82,1,-1,-1,-1
129,132,966.36,157.98,66.07,181.81,1,-1,-1,-1
130,141,682.41,155.77,59.04,151.01,1,-1,-1,-1
130,155,708.85,150.27,52.70,138.63,1,-1,-1,-1
130,142,602.44,153.77,44.72,128.41,1,-1,-1,-1
130,151,251.40,152.83,22.30,55.71,1,-1,-1,-1
130,114,930.72,148.81,89.81,211.09,1,-1,-1,-1
130,153,146.03,151.61,31.54,80.21,1,-1,-1,-1
130,152,217.07,153.15,19.81,54.36,1,-1,-1,-1
130,154,640.45,156.10,43.08,121.49,1,-1,-1,-1
130,113,1009.48,184.99,74.39,38.48,1,-1,-1,-1
130,139,1046.15,185.77,87.66,39.06,1,-1,-1,-1
131,141,689.72,157.33,60.36,152.39,1,-1,-1,-1
131,155,718.25,150.21,53.94,141.57,1,-1,-1,-1
131,142,608.60,155.19,45.89,128.59,1,-1,-1,-1
131,151,250.57,152.43,22.36,56.22,1,-1,-1,-1
131,114,952.71,152.87,94.33,209.00,1,-1,-1,-1
131,153,141.54,152.17,31.77,80.61,1,-1,-1,-1
131,152,216.60,154.81,19.44,52.84,1,-1,-1,-1
131,154,646.51,156.17,44.26,123.22,1,-1,-1,-1
131,139,1052.14,185.52,91.36,40.09,1,-1,-1,-1
132,141,696.34,157.25,61.83,154.32,1,-1,-1,-1
132,155,725.56,152.08,55.31,141.56,1,-1,-1,-1
132,142,613.44,155.26,47.35,129.54,1,-1,-1,-1
132,151,250.07,153.77,21.87,55.09,1,-1,-1,-1
132,114,962.62,155.21,100.06,209.35,1,-1,-1,-1
132,153,137.36,152.39,31.87,81.43,1,-1,-1,-1
132,152,215.79,155.74,19.40,52.22,1,-1,-1,-1
132,154,654.08,155.18,44.98,124.73,1,-1,-1,-1
132,139,1061.05,185.63,90.91,39.96,1,-1,-1,-1
132,118,596.52,172.02,37.66,31.35,1,-1,-1,-1
132,119,1129.63,187.06,78.21,37.72,1,-1,-1,-1
132,132,1024.93,160.95,71.01,177.81,1,-1,-1,-1
133,141,704.45,156.12,61.43,156.51,1,-1,-1,-1
133,155,739.07,152.88,55.40,143.46,1,-1,-1,-1
133,142,618.77,153.90,48.05,131.27,1,-1,-1,-1
133,151,249.54,154.39,21.70,54.59,1,-1,-1,-1
133,114,972.69,151.65,105.27,214.79,1,-1,-1,-1
133,153,132.05,151.83,31.94,82.43,1,-1,-1,-1
133,152,214.93,156.31,19.34,51.61,1,-1,-1,-1
133,154,660.55,153.88,44.80,126.15,1,-1,-1,-1
133,139,1070.56,185.82,90.58,40.88,1,-1,-1,-1
133,118,597.60,172.27,37.04,31.55,1,-1,-1,-1
134,141,716.25,154.79,61.38,158.04,1,-1,-1,-1
134,155,744.16,151.63,55.34,145.15,1,-1,-1,-1
134,142,626.09,152.15,47.68,133.11,1,-1,-1,-1
134,151,248.84,154.41,21.81,54.64,1,-1,-1,-1
134,114,990.79,149.44,106.02,218.48,1,-1,-1,-1
134,153,126.01,151.81,32.09,83.01,1,-1,-1,-1
134,152,213.69,154.46,20.12,53.87,1,-1,-1,-1
134,154,669.34,153.70,45.81,127.00,1,-1,-1,-1
134,139,1083.24,187.04,83.78,39.38,1,-1,-1,-1
134,118,598.04,172.15,36.68,31.09,1,-1,-1,-1
135,141,726.57,154.99,61.15,158.52,1,-1,-1,-1
135,155,748.48,150.96,53.16,142.78,1,-1,-1,-1
135,142,633.45,152.14,47.15,134.19,1,-1,-1,-1
135,151,247.94,153.62,22.29,55.58,1,-1,-1,-1
135,114,1014.31,147.61,105.32,220.67,1,-1,-1,-1
135,153,116.90,151.34,33.63,84.15,1,-1,-1,-1
135,152,213.05,153.28,20.35,54.48,1,-1,-1,-1
135,154,676.65,155.46,47.36,125.94,1,-1,-1,-1
135,118,600.06,172.30,35.65,29.59,1,-1,-1,-1
136,141,738.65,156.80,62.79,158.66,1,-1,-1,-1
136,155,755.00,150.05,52.21,143.18,1,-1,-1,-1
136,142,642.95,153.43,47.06,133.92,1,-1,-1,-1
136,151,246.69,153.27,22.69,56.14,1,-1,-1,-1
136,114,1040.32,147.63,105.97,221.01,1,-1,-1,-1
136,153,111.02,151.51,35.03,84.93,1,-1,-1,-1
136,152,211.57,153.55,20.65,54.75,1,-1,-1,-1
136,154,681.40,155.70,48.94,126.83,1,-1,-1,-1
136,118,600.83,172.49,35.24,28.78,1,-1,-1,-1
136,113,976.44,183.31,80.95,39.97,1,-1,-1,-1
136,119,1138.63,187.89,79.50,37.73,1,-1,-1,-1
137,141,744.06,154.66,64.89,161.25,1,-1,-1,-1
137,155,765.27,149.49,54.21,146.85,1,-1,-1,-1
137,142,649.02,154.04,48.42,136.36,1,-1,-1,-1
137,151,245.02,153.53,22.90,55.97,1,-1,-1,-1
137,114,1064.03,150.13,110.21,218.18,1,-1,-1,-1
137,153,107.87,150.66,36.23,86.54,1,-1,-1,-1
137,152,210.69,153.68,21.03,54.65,1,-1,-1,-1
137,154,686.44,155.54,49.29,127.20,1,-1,-1,-1
137,118,603.42,172.40,33.84,27.70,1,-1,-1,-1
137,113,972.57,183.21,83.91,39.92,1,-1,-1,-1
137,132,1118.82,166.65,80.94,188.30,1,-1,-1,-1
138,141,751.21,153.80,65.60,163.24,1,-1,-1,-1
138,142,653.69,152.74,49.12,138.95,1,-1,-1,-1
138,151,242.39,154.26,23.35,56.05,1,-1,-1,-1
138,114,1076.87,151.19,115.32,216.86,1,-1,-1,-1
138,153,103.40,149.27,36.69,88.17,1,-1,-1,-1
138,152,209.33,153.97,21.28,54.23,1,-1,-1,-1
138,154,696.26,153.57,50.27,129.59,1,-1,-1,-1
138,113,970.05,183.22,86.51,40.06,1,-1,-1,-1
138,132,1126.95,168.35,86.00,189.38,1,-1,-1,-1
138,139,1055.12,185.53,81.46,38.80,1,-1,-1,-1
139,141,761.11,152.83,65.27,165.92,1,-1,-1,-1
139,142,661.52,151.69,48.51,140.17,1,-1,-1,-1
139,151,240.62,154.94,23.44,55.79,1,-1,-1,-1
139,114,1090.99,149.52,117.13,218.35,1,-1,-1,-1
139,153,97.18,148.22,37.11,89.56,1,-1,-1,-1
139,152,208.05,154.28,21.68,54.72,1,-1,-1,-1
139,154,705.80,153.13,52.47,131.78,1,-1,-1,-1
139,113,968.72,183.36,88.42,40.04,1,-1,-1,-1
139,139,1055.97,185.23,84.32,39.80,1,-1,-1,-1
140,142,670.31,150.91,48.28,141.29,1,-1,-1,-1
140,151,238.14,152.75,24.41,58.23,1,-1,-1,-1
140,114,1112.19,147.37,116.68,220.57,1,-1,-1,-1
140,153,92.82,148.55,37.26,90.15,1,-1,-1,-1
140,152,206.36,153.48,22.38,56.43,1,-1,-1,-1
140,154,714.09,153.85,54.14,132.03,1,-1,-1,-1
140,113,967.79,183.23,90.39,40.20,1,-1,-1,-1
140,139,1059.41,184.96,86.93,40.14,1,-1,-1,-1
140,165,593.71,158.56,35.40,83.40,1,-1,-1,-1
140,155,785.70,152.18,61.94,165.61,1,-1,-1,-1
141,142,680.49,151.44,49.08,141.84,1,-1,-1,-1
141,151,236.23,152.38,24.24,58.10,1,-1,-1,-1
141,153,87.13,149.45,37.45,89.94,1,-1,-1,-1
141,152,204.94,154.02,21.99,55.22,1,-1,-1,-1
141,154,720.45,154.46,55.97,133.53,1,-1,-1,-1
141,113,967.12,183.12,91.80,40.21,1,-1,-1,-1
141,139,1060.08,184.93,88.22,39.98,1,-1,-1,-1
141,165,599.13,158.13,35.39,83.28,1,-1,-1,-1
141,155,793.96,153.35,64.85,169.34,1,-1,-1,-1
141,134,1150.38,150.04,77.10,217.14,1,-1,-1,-1
141,119,1126.81,186.51,75.48,37.65,1,-1,-1,-1
142,142,688.70,153.05,51.02,142.23,1,-1,-1,-1
142,151,233.76,152.86,24.26,57.98,1,-1,-1,-1
142,153,81.30,149.77,38.01,91.08,1,-1,-1,-1
142,152,203.25,154.11,22.15,55.63,1,-1,-1,-1
142,154,726.07,153.94,57.17,135.87,1,-1,-1,-1
142,113,966.62,183.18,93.05,40.24,1,-1,-1,-1
142,139,1059.97,184.90,89.43,39.90,1,-1,-1,-1
142,165,603.36,157.84,37.31,87.70,1,-1,-1,-1
142,155,800.23,155.19,67.36,171.22,1,-1,-1,-1
142,119,1131.82,186.46,76.14,38.06,1,-1,-1,-1
143,142,692.17,153.34,52.88,143.52,1,-1,-1,-1
143,151,231.73,153.66,24.17,57.58,1,-1,-1,-1
143,153,75.50,149.63,37.71,91.56,1,-1,-1,-1
143,152,201.76,154.16,22.32,56.15,1,-1,-1,-1
143,154,731.76,152.68,56.18,137.59,1,-1,-1,-1
143,113,966.26,183.18,94.10,40.25,1,-1,-1,-1
143,139,1059.72,184.86,90.60,39.87,1,-1,-1,-1
143,165,610.24,157.69,37.98,89.14,1,-1,-1,-1
143,155,806.34,155.85,69.24,171.93,1,-1,-1,-1
143,119,1136.43,186.44,77.97,38.24,1,-1,-1,-1
144,142,697.02,152.06,53.73,145.17,1,-1,-1,-1
144,151,230.11,153.83,24.12,57.38,1,-1,-1,-1
144,153,68.87,148.71,37.90,92.56,1,-1,-1,-1
144,152,200.17,153.73,22.67,57.09,1,-1,-1,-1
144,154,740.32,151.85,55.31,138.22,1,-1,-1,-1
144,113,965.90,183.20,95.04,40.22,1,-1,-1,-1
144,139,1059.31,184.84,91.74,39.91,1,-1,-1,-1
144,165,617.69,157.91,37.67,88.23,1,-1,-1,-1
144,155,821.27,154.36,70.06,173.34,1,-1,-1,-1
144,119,1138.03,186.46,79.23,38.34,1,-1,-1,-1
144,118,596.43,172.56,36.19,31.45,1,-1,-1,-1
145,142,706.93,150.76,53.24,146.88,1,-1,-1,-1
145,151,228.52,154.10,23.85,57.12,1,-1,-1,-1
145,153,59.38,147.93,39.44,94.64,1,-1,-1,-1
145,152,198.44,152.91,23.04,58.24,1,-1,-1,-1
145,154,751.87,152.27,56.74,139.00,1,-1,-1,-1
145,113,965.46,183.17,95.95,40.26,1,-1,-1,-1
145,139,1058.77,184.85,92.74,39.93,1,-1,-1,-1
145,165,624.85,158.00,38.04,88.73,1,-1,-1,-1
145,155,832.85,153.65,69.60,175.08,1,-1,-1,-1
145,119,1138.33,186.46,80.50,38.52,1,-1,-1,-1
145,118,597.94,172.50,36.15,31.79,1,-1,-1,-1
146,142,715.89,150.74,52.73,148.36,1,-1,-1,-1
146,151,226.77,154.38,23.43,56.41,1,-1,-1,-1
146,153,51.39,148.32,40.84,95.29,1,-1,-1,-1
146,152,196.61,151.19,23.69,60.16,1,-1,-1,-1
146,154,758.37,152.38,58.47,140.20,1,-1,-1,-1
146,113,965.34,183.20,96.50,40.18,1,-1,-1,-1
146,139,1058.32,184.90,93.46,39.87,1,-1,-1,-1
146,165,632.41,157.72,38.60,89.49,1,-1,-1,-1
146,155,848.83,153.74,72.05,177.70,1,-1,-1,-1
146,119,1138.33,186.55,80.99,38.37,1,-1,-1,-1
146,118,600.34,172.57,36.49,32.43,1,-1,-1,-1
146,141,829.67,148.60,64.25,160.55,1,-1,-1,-1
147,142,726.83,152.04,53.53,149.56,1,-1,-1,-1
147,151,224.15,153.96,23.18,56.26,1,-1,-1,-1
147,153,47.41,148.00,42.17,97.35,1,-1,-1,-1
147,152,194.58,151.36,23.36,59.76,1,-1,-1,-1
147,154,764.22,153.30,58.93,140.13,1,-1,-1,-1
147,113,965.06,183.22,97.14,40.17,1,-1,-1,-1
147,139,1058.02,184.94,94.08,39.84,1,-1,-1,-1
147,165,640.60,157.44,38.85,89.26,1,-1,-1,-1
147,155,858.63,154.97,75.51,179.87,1,-1,-1,-1
147,119,1138.08,186.53,81.75,38.42,1,-1,-1,-1
147,141,841.80,146.89,63.21,163.51,1,-1,-1,-1
148,142,735.34,153.41,55.37,149.63,1,-1,-1,-1
148,151,222.56,153.78,23.67,57.19,1,-1,-1,-1
148,153,42.63,146.99,42.65,99.08,1,-1,-1,-1
148,152,192.79,152.28,23.01,59.22,1,-1,-1,-1
148,154,772.49,152.07,58.33,141.31,1,-1,-1,-1
148,113,964.87,183.26,97.72,40.16,1,-1,-1,-1
148,139,1057.86,184.96,94.69,39.82,1,-1,-1,-1
148,165,648.96,157.02,39.77,90.58,1,-1,-1,-1
148,155,865.22,155.17,78.14,181.88,1,-1,-1,-1
148,119,1137.35,186.45,82.68,38.55,1,-1,-1,-1
148,141,854.46,146.14,61.81,164.15,1,-1,-1,-1
148,118,574.81,167.85,76.81,73.65,1,-1,-1,-1
149,142,741.33,152.17,57.35,152.38,1,-1,-1,-1
149,151,219.42,153.85,24.26,58.03,1,-1,-1,-1
149,153,35.44,145.81,43.18,101.37,1,-1,-1,-1
149,152,191.50,153.17,22.60,58.40,1,-1,-1,-1
149,154,785.16,150.23,59.30,144.19,1,-1,-1,-1
149,113,964.30,183.30,98.99,40.50,1,-1,-1,-1
149,139,1057.49,184.95,95.32,39.85,1,-1,-1,-1
149,165,656.80,156.73,41.37,93.21,1,-1,-1,-1
149,155,876.12,153.90,78.20,183.67,1,-1,-1,-1
149,119,1137.46,186.53,82.96,38.46,1,-1,-1,-1
149,141,861.70,146.25,59.59,163.57,1,-1,-1,-1
150,142,749.39,150.61,55.74,151.06,1,-1,-1,-1
150,151,217.41,153.85,24.67,58.88,1,-1,-1,-1
150,153,29.46,145.71,43.42,102.49,1,-1,-1,-1
150,152,190.62,152.12,22.68,59.15,1,-1,-1,-1
150,154,796.46,150.86,60.80,145.46,1,-1,-1,-1
150,113,965.14,183.21,99.01,40.43,1,-1,-1,-1
150,139,1057.07,184.98,95.89,39.88,1,-1,-1,-1
150,165,665.26,156.20,43.30,96.85,1,-1,-1,-1
150,155,895.96,152.34,78.61,185.70,1,-1,-1,-1
150,119,1136.91,186.50,83.54,38.51,1,-1,-1,-1
150,141,869.22,146.94,59.80,164.75,1,-1,-1,-1
150,118,581.49,167.42,84.15,86.22,1,-1,-1,-1
151,142,762.69,149.22,55.80,155.16,1,-1,-1,-1
151,151,215.80,153.87,24.83,59.23,1,-1,-1,-1
151,153,24.57,146.68,43.01,101.61,1,-1,-1,-1
151,152,187.31,150.41,23.46,61.09,1,-1,-1,-1
151,154,805.15,152.24,62.87,147.60,1,-1,-1,-1
151,113,966.31,183.05,99.28,40.62,1,-1,-1,-1
151,139,1056.52,185.01,96.57,39.96,1,-1,-1,-1
151,165,673.91,156.01,45.25,100.26,1,-1,-1,-1
151,155,910.45,152.50,80.03,190.15,1,-1,-1,-1
151,119,1136.70,186.60,83.87,38.47,1,-1,-1,-1
151,141,879.90,148.08,62.66,164.84,1,-1,-1,-1
151,118,591.43,167.23,83.81,91.43,1,-1,-1,-1
152,142,775.03,149.59,56.30,156.11,1,-1,-1,-1
152,151,213.75,153.74,24.63,59.00,1,-1,-1,-1
152,153,18.58,147.02,43.12,102.27,1,-1,-1,-1
152,152,185.14,150.57,23.52,61.38,1,-1,-1,-1
152,154,812.05,152.56,64.01,149.51,1,-1,-1,-1
152,113,975.90,183.33,96.29,40.36,1,-1,-1,-1
152,139,1056.27,185.03,97.18,40.04,1,-1,-1,-1
152,165,685.17,155.72,45.92,100.84,1,-1,-1,-1
152,155,924.36,153.43,82.96,192.44,1,-1,-1,-1
152,119,1136.75,186.67,84.05,38.47,1,-1,-1,-1
152,141,889.41,147.39,66.65,167.22,1,-1,-1,-1
152,118,600.63,167.11,82.56,94.64,1,-1,-1,-1
153,142,784.62,151.24,58.37,156.79,1,-1,-1,-1
153,151,211.30,153.38,24.91,60.24,1,-1,-1,-1
153,153,12.06,147.00,42.61,102.32,1,-1,-1,-1
153,152,182.78,150.86,24.01,61.82,1,-1,-1,-1
153,154,819.52,151.83,63.47,150.85,1,-1,-1,-1
153,113,982.48,183.64,93.29,40.17,1,-1,-1,-1
153,139,1056.13,185.04,97.59,40.07,1,-1,-1,-1
153,165,696.33,155.85,47.61,103.69,1,-1,-1,-1
153,155,931.14,153.58,86.12,195.86,1,-1,-1,-1
153,119,1136.18,186.64,84.38,38.54,1,-1,-1,-1
153,141,899.91,145.44,68.48,171.05,1,-1,-1,-1
153,118,611.71,166.34,80.43,96.68,1,-1,-1,-1
154,142,790.10,152.12,61.19,159.09,1,-1,-1,-1
154,151,208.74,153.53,24.78,60.10,1,-1,-1,-1
154,153,5.18,145.79,43.34,104.78,1,-1,-1,-1
154,152,181.49,151.86,24.03,60.89,1,-1,-1,-1
154,154,826.46,150.90,61.63,151.20,1,-1,-1,-1
154,113,990.77,184.43,88.51,39.50,1,-1,-1,-1
154,139,1055.69,184.99,98.27,40.25,1,-1,-1,-1
154,165,708.51,156.11,48.35,104.47,1,-1,-1,-1
154,155,939.40,152.34,87.33,198.67,1,-1,-1,-1
154,119,1136.24,186.62,84.45,38.53,1,-1,-1,-1
154,141,915.49,144.01,65.95,170.73,1,-1,-1,-1
154,118,622.53,166.12,78.44,98.12,1,-1,-1,-1
155,142,795.62,150.63,62.82,161.58,1,-1,-1,-1
155,151,207.33,153.66,25.15,60.44,1,-1,-1,-1
155,153,-1.53,144.66,43.53,106.49,1,-1,-1,-1
155,152,179.68,150.69,24.70,62.35,1,-1,-1,-1
155,154,839.59,150.89,61.62,151.99,1,-1,-1,-1
155,113,997.44,184.21,88.95,41.87,1,-1,-1,-1
155,139,1054.79,185.05,99.20,40.51,1,-1,-1,-1
155,165,721.55,155.18,50.11,106.99,1,-1,-1,-1
155,155,958.68,150.61,86.58,200.67,1,-1,-1,-1
155,119,1136.55,186.64,84.84,38.70,1,-1,-1,-1
155,141,927.63,144.11,65.49,173.56,1,-1,-1,-1
156,142,806.83,148.86,62.17,163.32,1,-1,-1,-1
156,151,206.21,154.06,25.16,60.15,1,-1,-1,-1
156,153,-4.22,145.28,42.63,105.80,1,-1,-1,-1
156,152,177.61,150.58,24.89,62.60,1,-1,-1,-1
156,154,852.30,151.97,63.91,152.93,1,-1,-1,-1
156,139,1054.44,185.21,99.71,40.64,1,-1,-1,-1
156,165,735.47,153.60,50.63,106.37,1,-1,-1,-1
156,155,975.88,151.19,84.93,200.58,1,-1,-1,-1
156,119,1136.67,186.62,85.15,38.82,1,-1,-1,-1
156,141,937.06,145.68,65.65,173.08,1,-1,-1,-1
156,118,639.95,164.59,78.31,101.55,1,-1,-1,-1
157,142,819.67,148.22,61.80,166.60,1,-1,-1,-1
157,151,204.69,153.69,25.54,61.27,1,-1,-1,-1
157,152,174.36,150.73,25.22,63.15,1,-1,-1,-1
157,154,863.64,152.93,64.04,153.08,1,-1,-1,-1
157,139,1054.89,185.21,100.21,40.92,1,-1,-1,-1
157,165,749.87,152.60,51.36,106.63,1,-1,-1,-1
157,155,995.24,151.96,88.19,201.86,1,-1,-1,-1
157,119,1136.37,186.59,85.50,38.92,1,-1,-1,-1
157,141,949.69,146.05,70.67,178.32,1,-1,-1,-1
157,118,650.03,164.17,77.79,104.31,1,-1,-1,-1
158,142,835.49,149.46,63.90,168.97,1,-1,-1,-1
158,151,202.91,153.32,25.79,62.10,1,-1,-1,-1
158,152,171.86,149.92,25.75,63.92,1,-1,-1,-1
158,154,865.47,152.45,64.42,153.21,1,-1,-1,-1
158,139,1059.97,185.72,98.21,40.51,1,-1,-1,-1
158,165,766.12,151.93,53.45,109.18,1,-1,-1,-1
158,155,1004.28,151.70,92.54,205.09,1,-1,-1,-1
158,119,1130.65,186.67,82.28,38.28,1,-1,-1,-1
158,141,958.98,145.29,73.13,182.28,1,-1,-1,-1
158,118,660.24,164.18,76.78,106.11,1,-1,-1,-1
159,142,845.03,151.17,66.52,169.94,1,-1,-1,-1
159,151,200.59,152.76,26.04,62.85,1,-1,-1,-1
159,152,168.96,149.47,26.23,64.65,1,-1,-1,-1
159,154,880.62,151.57,64.07,154.96,1,-1,-1,-1
159,139,1071.64,186.66,92.53,39.26,1,-1,-1,-1
159,165,783.19,151.06,56.02,112.58,1,-1,-1,-1
159,155,1015.01,151.32,94.56,207.93,1,-1,-1,-1
159,141,972.91,143.62,72.52,185.04,1,-1,-1,-1
159,118,671.59,164.14,75.60,106.99,1,-1,-1,-1
160,142,851.59,150.29,68.64,172.57,1,-1,-1,-1
160,151,197.83,152.85,26.42,62.84,1,-1,-1,-1
160,152,167.04,150.08,26.06,63.96,1,-1,-1,-1
160,154,895.83,151.54,65.09,158.19,1,-1,-1,-1
160,139,1082.33,187.66,86.90,38.38,1,-1,-1,-1
160,165,801.82,150.49,58.25,116.06,1,-1,-1,-1
160,155,1032.46,149.75,94.63,210.31,1,-1,-1,-1
160,141,987.99,142.81,72.32,187.61,1,-1,-1,-1
160,119,1135.46,186.72,83.30,38.70,1,-1,-1,-1
161,142,862.86,148.78,68.27,174.68,1,-1,-1,-1
161,151,196.13,152.94,26.63,62.84,1,-1,-1,-1
161,152,164.34,149.66,26.47,64.63,1,-1,-1,-1
161,154,908.47,153.26,66.50,160.59,1,-1,-1,-1
161,165,819.19,150.33,59.84,119.60,1,-1,-1,-1
161,155,1049.25,148.76,93.76,214.01,1,-1,-1,-1
161,141,1001.75,143.45,73.53,188.75,1,-1,-1,-1
161,119,1128.56,186.79,86.61,39.29,1,-1,-1,-1
161,118,692.91,164.05,76.56,110.97,1,-1,-1,-1
162,142,878.75,147.67,67.30,176.20,1,-1,-1,-1
162,151,194.40,153.25,26.49,62.37,1,-1,-1,-1
162,152,161.78,150.05,26.30,64.16,1,-1,-1,-1
162,154,921.04,155.64,66.98,162.02,1,-1,-1,-1
162,165,837.48,150.13,58.81,118.27,1,-1,-1,-1
162,155,1071.93,150.18,96.26,215.57,1,-1,-1,-1
162,141,1017.58,145.36,77.90,188.26,1,-1,-1,-1
162,119,1132.20,187.43,85.52,38.56,1,-1,-1,-1
163,142,894.43,147.70,68.61,178.38,1,-1,-1,-1
163,151,192.02,153.03,26.53,62.61,1,-1,-1,-1
163,152,159.73,149.16,26.71,65.81,1,-1,-1,-1
163,154,930.99,157.96,65.68,160.77,1,-1,-1,-1
163,165,858.12,149.50,55.87,113.61,1,-1,-1,-1
163,155,1086.90,151.69,100.41,215.75,1,-1,-1,-1
163,141,1024.40,146.16,82.84,190.67,1,-1,-1,-1
163,118,716.04,164.40,75.97,112.56,1,-1,-1,-1
164,142,908.09,149.42,72.15,179.45,1,-1,-1,-1
164,151,188.65,152.09,26.69,63.80,1,-1,-1,-1
164,152,156.99,148.54,27.01,66.68,1,-1,-1,-1
164,154,945.07,157.11,60.27,148.25,1,-1,-1,-1
164,155,1094.73,151.63,104.23,216.25,1,-1,-1,-1
164,141,1030.49,144.75,85.35,192.63,1,-1,-1,-1
164,118,727.97,164.34,74.92,113.35,1,-1,-1,-1
164,113,982.98,183.01,85.51,41.21,1,-1,-1,-1
165,142,914.11,150.11,75.83,182.41,1,-1,-1,-1
165,151,185.02,151.77,26.87,64.88,1,-1,-1,-1
165,152,154.14,148.84,27.34,67.13,1,-1,-1,-1
165,154,958.87,155.50,63.40,156.19,1,-1,-1,-1
165,155,1105.04,149.99,105.41,218.16,1,-1,-1,-1
165,141,1045.99,142.57,85.55,194.14,1,-1,-1,-1
165,118,740.43,164.13,75.91,116.88,1,-1,-1,-1
165,167,600.25,172.08,38.30,30.08,1,-1,-1,-1
165,113,984.13,183.19,90.29,45.12,1,-1,-1,-1
166,142,922.30,148.77,77.32,185.01,1,-1,-1,-1
166,151,183.66,153.08,26.08,63.53,1,-1,-1,-1
166,152,152.53,149.59,27.08,66.35,1,-1,-1,-1
166,154,976.38,156.28,66.51,159.56,1,-1,-1,-1
166,155,1126.77,148.58,102.42,219.41,1,-1,-1,-1
166,141,1068.12,141.40,86.94,200.07,1,-1,-1,-1
166,167,600.48,172.25,38.15,29.99,1,-1,-1,-1
166,113,992.50,183.85,79.92,41.18,1,-1,-1,-1
167,142,936.60,146.61,75.94,187.40,1,-1,-1,-1
167,151,182.00,152.93,26.10,63.82,1,-1,-1,-1
167,152,150.55,149.70,27.11,66.41,1,-1,-1,-1
167,154,989.79,157.38,68.56,162.48,1,-1,-1,-1
167,155,1144.11,147.90,98.64,220.36,1,-1,-1,-1
167,141,1083.41,141.94,89.26,204.55,1,-1,-1,-1
167,167,600.05,172.15,38.29,30.11,1,-1,-1,-1
168,142,951.69,145.69,76.08,192.29,1,-1,-1,-1
168,151,179.18,152.16,26.50,65.08,1,-1,-1,-1
168,152,147.48,149.16,27.36,67.15,1,-1,-1,-1
168,154,1003.28,152.50,71.60,169.65,1,-1,-1,-1
168,155,1150.84,149.86,94.41,218.77,1,-1,-1,-1
168,141,1091.65,143.59,90.98,205.26,1,-1,-1,-1
168,167,600.48,172.22,38.17,30.07,1,-1,-1,-1
169,142,972.18,147.58,79.06,192.98,1,-1,-1,-1
169,151,176.96,151.51,26.79,66.07,1,-1,-1,-1
169,152,143.81,147.97,28.06,68.77,1,-1,-1,-1
169,154,1036.61,150.15,65.31,154.43,1,-1,-1,-1
169,141,1102.83,143.89,94.44,206.90,1,-1,-1,-1
169,167,600.32,172.21,38.57,30.44,1,-1,-1,-1
169,118,795.26,160.55,85.98,134.66,1,-1,-1,-1
170,142,981.83,150.15,83.32,196.23,1,-1,-1,-1
170,151,172.84,150.84,27.45,67.29,1,-1,-1,-1
170,152,139.62,147.39,28.54,69.73,1,-1,-1,-1
170,154,1066.33,148.77,66.39,154.61,1,-1,-1,-1
170,141,1114.81,143.33,95.00,209.68,1,-1,-1,-1
170,167,600.19,172.11,38.93,30.83,1,-1,-1,-1
171,142,989.20,149.21,87.23,201.11,1,-1,-1,-1
171,151,169.20,151.43,27.80,67.08,1,-1,-1,-1
171,152,137.50,149.46,27.96,67.73,1,-1,-1,-1
171,154,1094.25,148.20,68.07,159.74,1,-1,-1,-1
171,141,1136.76,141.79,94.08,213.50,1,-1,-1,-1
171,167,600.52,172.14,38.48,30.56,1,-1,-1,-1
172,142,1001.70,146.70,87.54,204.95,1,-1,-1,-1
172,151,166.38,152.46,28.27,66.72,1,-1,-1,-1
172,152,134.66,150.09,28.30,68.07,1,-1,-1,-1
172,154,1125.43,149.05,68.65,162.40,1,-1,-1,-1
172,141,1150.11,141.32,90.64,213.55,1,-1,-1,-1
172,167,600.37,172.08,38.45,30.61,1,-1,-1,-1
172,113,964.70,183.05,75.98,39.11,1,-1,-1,-1
172,118,843.32,159.96,86.49,136.77,1,-1,-1,-1
173,142,1021.80,144.68,86.00,206.83,1,-1,-1,-1
173,151,164.46,152.32,28.68,66.92,1,-1,-1,-1
173,152,132.54,150.77,28.16,67.32,1,-1,-1,-1
173,141,1155.42,143.80,87.23,212.55,1,-1,-1,-1
173,167,600.43,172.11,38.07,30.38,1,-1,-1,-1
173,113,967.17,183.32,77.64,38.70,1,-1,-1,-1
173,118,862.75,157.83,85.27,134.81,1,-1,-1,-1
173,139,1089.92,187.12,78.88,37.67,1,-1,-1,-1
174,142,1043.17,144.79,86.52,206.78,1,-1,-1,-1
174,151,161.32,152.06,28.75,67.25,1,-1,-1,-1
174,152,130.11,150.85,27.90,67.24,1,-1,-1,-1
174,167,600.77,172.16,37.57,30.01,1,-1,-1,-1
174,113,969.98,183.15,81.68,39.23,1,-1,-1,-1
174,119,1123.91,186.68,86.13,39.28,1,-1,-1,-1
174,154,1159.26,170.92,71.85,174.25,1,-1,-1,-1
175,142,1062.48,146.81,91.30,207.76,1,-1,-1,-1
175,151,156.36,151.79,28.64,67.36,1,-1,-1,-1
175,152,127.10,148.37,28.56,69.98,1,-1,-1,-1
175,167,600.59,172.06,37.72,30.19,1,-1,-1,-1
175,113,974.71,183.07,82.48,38.85,1,-1,-1,-1
175,119,1130.56,186.23,86.61,39.44,1,-1,-1,-1
176,142,1071.60,148.15,96.23,209.50,1,-1,-1,-1
176,151,152.82,151.82,29.12,68.60,1,-1,-1,-1
176,152,122.75,145.83,29.55,73.23,1,-1,-1,-1
176,167,600.53,172.10,37.79,30.27,1,-1,-1,-1
176,113,983.59,183.07,82.45,39.36,1,-1,-1,-1
177,142,1083.35,147.12,98.41,210.69,1,-1,-1,-1
177,152,117.62,146.49,29.68,72.87,1,-1,-1,-1
177,167,600.79,172.14,37.53,30.14,1,-1,-1,-1
177,113,988.09,183.48,82.31,40.00,1,-1,-1,-1
177,165,1074.82,184.52,30.11,40.18,1,-1,-1,-1
177,118,943.01,155.92,85.78,134.07,1,-1,-1,-1
178,142,1107.79,144.87,101.40,214.22,1,-1,-1,-1
178,167,601.01,172.21,37.27,29.92,1,-1,-1,-1
178,113,998.55,185.37,74.57,37.47,1,-1,-1,-1
178,118,968.14,156.49,86.42,135.47,1,-1,-1,-1
178,139,1060.15,185.42,82.97,39.06,1,-1,-1,-1
178,151,150.46,152.48,23.05,52.04,1,-1,-1,-1
179,142,1122.79,143.41,101.59,215.12,1,-1,-1,-1
179,167,600.83,172.18,37.20,29.86,1,-1,-1,-1
179,118,994.41,157.55,85.98,134.43,1,-1,-1,-1
179,139,1049.53,185.23,94.06,42.19,1,-1,-1,-1
179,151,144.98,151.50,28.54,64.78,1,-1,-1,-1
179,152,114.20,148.25,28.53,69.98,1,-1,-1,-1
180,142,1135.73,144.97,99.20,214.42,1,-1,-1,-1
180,167,600.43,172.18,37.40,30.07,1,-1,-1,-1
180,139,1060.10,185.82,90.84,40.60,1,-1,-1,-1
180,151,140.76,150.05,30.29,69.51,1,-1,-1,-1
180,152,109.50,147.22,29.66,72.73,1,-1,-1,-1
181,142,1142.09,146.47,95.84,211.28,1,-1,-1,-1
181,167,600.59,172.14,37.32,30.01,1,-1,-1,-1
181,139,1071.92,186.91,84.82,39.40,1,-1,-1,-1
181,151,137.21,148.93,30.86,71.74,1,-1,-1,-1
181,152,104.35,146.35,30.11,73.90,1,-1,-1,-1
181,119,1126.57,186.84,77.70,38.13,1,-1,-1,-1
181,113,988.89,183.16,76.99,39.86,1,-1,-1,-1
182,142,1154.16,166.58,85.07,192.57,1,-1,-1,-1
182,167,600.38,172.07,37.60,30.27,1,-1,-1,-1
182,151,131.52,150.16,31.28,71.32,1,-1,-1,-1
182,152,99.22,146.36,30.88,75.03,1,-1,-1,-1
182,113,975.97,182.77,84.38,42.61,1,-1,-1,-1
182,118,1080.03,158.74,89.91,139.22,1,-1,-1,-1
183,167,600.47,172.10,37.47,30.20,1,-1,-1,-1
183,151,128.27,150.31,31.76,71.81,1,-1,-1,-1
183,152,93.96,146.93,31.19,74.60,1,-1,-1,-1
183,113,971.78,183.78,87.05,42.97,1,-1,-1,-1
183,139,1053.97,185.39,82.65,39.04,1,-1,-1,-1
184,167,600.20,171.97,37.73,30.39,1,-1,-1,-1
184,151,126.01,150.53,31.88,72.00,1,-1,-1,-1
184,152,89.19,147.91,31.50,74.01,1,-1,-1,-1
184,113,971.13,183.71,85.27,40.87,1,-1,-1,-1
184,139,1055.64,185.00,86.07,39.95,1,-1,-1,-1
185,167,599.95,171.98,37.84,30.42,1,-1,-1,-1
185,151,122.24,150.21,31.80,72.50,1,-1,-1,-1
185,152,84.60,147.55,32.11,75.03,1,-1,-1,-1
185,139,1058.72,185.13,87.60,39.93,1,-1,-1,-1
185,119,1128.66,186.56,72.82,37.41,1,-1,-1,-1
186,167,600.26,172.00,37.77,30.35,1,-1,-1,-1
186,151,117.15,149.28,32.19,73.73,1,-1,-1,-1
186,152,80.49,148.01,30.94,72.94,1,-1,-1,-1
186,139,1065.17,185.40,87.69,40.14,1,-1,-1,-1
186,119,1137.62,186.72,75.44,37.90,1,-1,-1,-1
186,113,967.12,183.27,82.08,38.81,1,-1,-1,-1
187,167,600.37,172.03,37.66,30.25,1,-1,-1,-1
187,151,113.78,149.50,32.46,74.54,1,-1,-1,-1
187,152,75.64,145.26,31.98,76.25,1,-1,-1,-1
187,139,1071.91,185.73,85.87,39.96,1,-1,-1,-1
187,119,1139.09,186.60,77.72,38.32,1,-1,-1,-1
187,113,968.29,183.16,84.66,39.20,1,-1,-1,-1
188,167,600.29,171.96,37.84,30.37,1,-1,-1,-1
188,151,110.58,149.89,32.49,74.17,1,-1,-1,-1
188,152,68.83,145.47,32.71,77.17,1,-1,-1,-1
188,139,1064.31,185.32,89.31,41.11,1,-1,-1,-1
188,119,1139.80,186.52,79.01,38.47,1,-1,-1,-1
188,113,967.49,183.11,88.21,40.27,1,-1,-1,-1
189,167,600.89,172.16,37.73,30.38,1,-1,-1,-1
189,151,108.12,149.85,32.33,73.79,1,-1,-1,-1
189,152,61.25,146.12,34.24,77.35,1,-1,-1,-1
189,139,1062.56,185.68,87.01,39.26,1,-1,-1,-1
189,119,1138.98,186.49,80.60,38.82,1,-1,-1,-1
189,113,967.69,183.26,89.36,40.12,1,-1,-1,-1
190,167,600.61,172.02,37.64,30.30,1,-1,-1,-1
190,151,105.05,149.05,33.08,75.59,1,-1,-1,-1
190,152,57.31,146.28,35.82,77.99,1,-1,-1,-1
190,139,1061.67,185.66,86.61,38.37,1,-1,-1,-1
190,119,1136.79,186.68,82.42,39.14,1,-1,-1,-1
190,113,967.66,183.24,90.83,40.18,1,-1,-1,-1
191,167,600.81,172.11,37.56,30.26,1,-1,-1,-1
191,151,101.43,148.75,33.40,76.75,1,-1,-1,-1
191,152,53.96,145.43,36.34,78.51,1,-1,-1,-1
191,139,1053.46,185.24,86.86,38.97,1,-1,-1,-1
191,113,967.34,183.07,91.98,40.19,1,-1,-1,-1
192,167,601.41,172.18,37.18,30.04,1,-1,-1,-1
192,151,97.92,148.87,33.33,76.50,1,-1,-1,-1
192,152,48.40,144.16,36.74,80.19,1,-1,-1,-1
192,139,1054.07,184.98,88.32,39.63,1,-1,-1,-1
192,113,966.94,183.09,92.61,40.00,1,-1,-1,-1
193,167,601.34,172.21,37.17,30.10,1,-1,-1,-1
193,151,91.05,148.97,34.51,77.30,1,-1,-1,-1
193,152,42.48,143.55,36.57,80.19,1,-1,-1,-1
193,139,1056.34,184.85,91.17,40.53,1,-1,-1,-1
193,113,966.37,183.11,94.28,40.32,1,-1,-1,-1
194,167,601.78,172.32,37.03,30.04,1,-1,-1,-1
194,151,87.52,149.84,35.07,77.06,1,-1,-1,-1
194,152,36.38,143.74,37.02,81.20,1,-1,-1,-1
194,139,1057.08,184.85,92.91,40.94,1,-1,-1,-1
194,113,966.15,183.17,94.86,40.20,1,-1,-1,-1
194,119,1130.45,182.37,115.08,60.39,1,-1,-1,-1
195,167,601.57,172.25,36.90,29.96,1,-1,-1,-1
195,151,85.52,148.99,35.53,77.76,1,-1,-1,-1
195,152,30.72,144.30,37.52,81.50,1,-1,-1,-1
195,139,1057.92,184.93,92.84,40.53,1,-1,-1,-1
195,113,965.68,183.16,95.47,40.15,1,-1,-1,-1
195,119,1129.88,184.57,89.00,47.80,1,-1,-1,-1
196,167,601.52,172.29,37.13,30.25,1,-1,-1,-1
196,151,80.19,147.99,36.05,79.54,1,-1,-1,-1
196,152,26.00,143.83,38.18,82.61,1,-1,-1,-1
196,139,1058.01,184.90,93.09,40.24,1,-1,-1,-1
196,113,965.40,183.16,96.31,40.21,1,-1,-1,-1
196,119,1132.15,185.77,77.31,41.68,1,-1,-1,-1
197,167,601.13,172.24,37.00,30.15,1,-1,-1,-1
197,151,74.62,147.45,36.52,80.71,1,-1,-1,-1
197,152,22.45,143.91,37.48,81.97,1,-1,-1,-1
197,139,1058.08,184.88,93.74,40.19,1,-1,-1,-1
197,113,965.30,183.18,96.63,40.06,1,-1,-1,-1
197,119,1136.39,186.22,75.10,39.90,1,-1,-1,-1
198,167,601.48,172.34,36.79,30.02,1,-1,-1,-1
198,151,70.14,147.60,36.93,81.35,1,-1,-1,-1
198,152,17.32,143.41,37.20,82.73,1,-1,-1,-1
198,139,1057.81,184.88,94.32,40.14,1,-1,-1,-1
198,113,964.86,183.17,97.36,40.14,1,-1,-1,-1
198,119,1139.50,186.43,75.09,39.02,1,-1,-1,-1
199,167,601.22,172.28,37.00,30.19,1,-1,-1,-1
199,151,66.35,148.26,37.10,81.55,1,-1,-1,-1
199,152,12.21,143.24,37.03,83.23,1,-1,-1,-1
199,139,1057.76,184.87,94.67,40.01,1,-1,-1,-1
199,113,964.87,183.14,97.74,40.07,1,-1,-1,-1
199,119,1140.33,186.53,75.60,38.57,1,-1,-1,-1
200,167,600.89,172.26,36.96,30.08,1,-1,-1,-1
200,151,62.90,148.22,37.40,81.91,1,-1,-1,-1
200,152,10.90,143.28,36.01,82.87,1,-1,-1,-1
200,139,1057.63,184.89,95.16,39.96,1,-1,-1,-1
200,113,964.62,183.16,98.03,39.98,1,-1,-1,-1
200,119,1140.12,186.53,76.40,38.37,1,-1,-1,-1
201,167,600.83,172.14,37.05,30.12,1,-1,-1,-1
201,151,58.36,147.49,37.98,83.10,1,-1,-1,-1
201,152,2.04,145.73,39.19,90.46,1,-1,-1,-1
201,139,1057.42,184.89,95.58,39.89,1,-1,-1,-1
201,113,964.24,183.07,98.80,40.14,1,-1,-1,-1
201,119,1139.76,186.54,77.35,38.29,1,-1,-1,-1
202,167,600.70,172.07,37.21,30.23,1,-1,-1,-1
202,151,55.30,146.41,38.12,84.50,1,-1,-1,-1
202,152,0.15,146.95,40.85,93.95,1,-1,-1,-1
202,139,1057.19,184.88,96.09,39.90,1,-1,-1,-1
202,113,964.16,183.17,98.99,40.04,1,-1,-1,-1
202,119,1139.96,186.57,78.24,38.26,1,-1,-1,-1
203,167,600.96,172.20,37.18,30.24,1,-1,-1,-1
203,151,50.07,145.99,38.34,85.22,1,-1,-1,-1
203,152,4.56,148.20,39.78,93.10,1,-1,-1,-1
203,139,1057.08,184.90,96.40,39.83,1,-1,-1,-1
203,113,964.10,183.25,99.20,39.97,1,-1,-1,-1
203,119,1139.52,186.64,78.90,38.21,1,-1,-1,-1
204,167,601.17,172.29,37.15,30.31,1,-1,-1,-1
204,151,43.90,146.47,38.89,84.90,1,-1,-1,-1
204,152,12.21,147.06,39.68,94.08,1,-1,-1,-1
204,139,1056.56,184.89,96.96,39.89,1,-1,-1,-1
204,113,963.97,183.24,99.84,40.09,1,-1,-1,-1
204,119,1138.91,186.64,79.75,38.25,1,-1,-1,-1
204,172,420.39,162.48,14.85,33.40,1,-1,-1,-1
205,167,601.33,172.35,36.99,30.17,1,-1,-1,-1
205,151,43.99,147.14,37.89,82.92,1,-1,-1,-1
205,152,21.48,147.42,39.99,93.83,1,-1,-1,-1
205,139,1056.28,184.89,97.49,39.96,1,-1,-1,-1
205,113,963.72,183.20,100.08,40.07,1,-1,-1,-1
205,119,1138.56,186.63,80.55,38.31,1,-1,-1,-1
205,172,420.18,162.57,14.81,33.30,1,-1,-1,-1
206,167,601.01,172.29,37.02,30.22,1,-1,-1,-1
206,151,35.02,147.76,42.04,89.54,1,-1,-1,-1
206,139,1056.20,184.95,97.66,39.88,1,-1,-1,-1
206,113,963.52,183.23,100.18,40.00,1,-1,-1,-1
206,119,1138.12,186.62,81.48,38.47,1,-1,-1,-1
206,172,420.10,162.91,14.80,33.29,1,-1,-1,-1
207,167,600.68,172.14,37.14,30.29,1,-1,-1,-1
207,151,32.59,147.43,44.15,92.26,1,-1,-1,-1
207,139,1055.90,184.92,98.03,39.92,1,-1,-1,-1
207,113,963.16,183.19,100.73,40.16,1,-1,-1,-1
207,119,1133.89,186.58,77.96,37.09,1,-1,-1,-1
207,172,419.82,163.39,14.66,32.97,1,-1,-1,-1
208,167,600.75,172.14,36.76,29.94,1,-1,-1,-1
208,151,37.22,148.43,43.52,91.27,1,-1,-1,-1
208,139,1055.31,184.92,99.02,40.29,1,-1,-1,-1
208,113,963.27,183.19,100.83,40.10,1,-1,-1,-1
208,119,1129.19,186.60,75.53,36.75,1,-1,-1,-1
208,172,419.50,163.36,14.76,33.15,1,-1,-1,-1
208,173,1146.63,155.88,70.16,163.36,1,-1,-1,-1
208,152,21.13,145.53,37.07,88.97,1,-1,-1,-1
