0,2,565.60,169.37,18.91,16.10,1,-1,-1,-1
0,3,638.07,166.41,9.25,16.04,1,-1,-1,-1
1,2,564.57,169.35,19.36,16.47,1,-1,-1,-1
1,4,760.27,158.48,33.55,18.76,1,-1,-1,-1
2,2,563.54,168.95,19.98,17.00,1,-1,-1,-1
2,4,763.59,157.87,34.42,19.25,1,-1,-1,-1
3,2,562.51,168.69,20.47,17.42,1,-1,-1,-1
3,4,760.08,157.91,37.94,20.98,1,-1,-1,-1
4,2,561.60,168.74,20.64,17.57,1,-1,-1,-1
4,4,768.21,157.17,39.55,21.85,1,-1,-1,-1
4,6,538.85,168.47,19.07,13.96,1,-1,-1,-1
5,2,561.68,168.46,19.97,16.92,1,-1,-1,-1
5,4,774.23,156.44,40.40,22.24,1,-1,-1,-1
5,8,631.34,163.58,9.47,18.61,1,-1,-1,-1
5,9,583.72,164.27,9.15,18.46,1,-1,-1,-1
5,10,486.32,170.58,8.20,17.05,1,-1,-1,-1
6,2,560.61,167.08,20.43,17.24,1,-1,-1,-1
6,4,781.18,154.97,40.93,22.44,1,-1,-1,-1
6,8,630.21,161.54,9.81,19.33,1,-1,-1,-1
7,2,559.46,165.79,21.17,17.78,1,-1,-1,-1
7,4,790.01,153.97,39.93,22.04,1,-1,-1,-1
7,8,629.68,160.99,9.82,19.41,1,-1,-1,-1
8,2,558.27,165.21,21.93,18.34,1,-1,-1,-1
8,4,802.29,153.55,38.46,21.83,1,-1,-1,-1
8,8,628.46,159.34,10.47,20.70,1,-1,-1,-1
8,11,616.58,160.18,12.44,9.95,1,-1,-1,-1
9,2,557.22,166.08,21.67,17.97,1,-1,-1,-1
9,8,626.88,160.23,10.78,21.12,1,-1,-1,-1
10,2,556.10,164.36,22.99,18.93,1,-1,-1,-1
10,8,625.31,158.86,11.19,21.80,1,-1,-1,-1
10,12,481.37,164.53,9.48,21.75,1,-1,-1,-1
10,13,508.67,163.41,10.69,19.34,1,-1,-1,-1
11,2,555.11,162.02,23.85,19.47,1,-1,-1,-1
11,8,624.02,158.11,10.22,20.00,1,-1,-1,-1
12,2,553.73,161.67,24.08,19.47,1,-1,-1,-1
12,8,622.20,158.38,9.73,19.25,1,-1,-1,-1
13,2,551.80,162.85,24.88,20.07,1,-1,-1,-1
14,2,550.36,164.91,25.16,20.19,1,-1,-1,-1
14,8,618.92,160.41,10.97,21.46,1,-1,-1,-1
15,2,549.01,166.10,25.34,20.26,1,-1,-1,-1
15,8,617.32,160.64,11.66,22.55,1,-1,-1,-1
15,15,475.93,167.91,12.04,21.75,1,-1,-1,-1
15,6,525.81,167.14,19.79,14.44,1,-1,-1,-1
16,2,547.61,165.59,26.21,20.95,1,-1,-1,-1
16,15,474.69,167.27,11.63,21.08,1,-1,-1,-1
17,2,545.47,164.84,27.43,21.94,1,-1,-1,-1
17,8,613.76,161.63,10.39,20.36,1,-1,-1,-1
18,2,543.99,164.86,28.33,22.66,1,-1,-1,-1
18,8,611.82,161.77,10.57,20.97,1,-1,-1,-1
18,17,818.83,149.65,38.73,26.47,1,-1,-1,-1
18,15,473.49,166.67,12.34,22.49,1,-1,-1,-1
19,2,542.30,166.03,28.42,22.60,1,-1,-1,-1
19,8,609.26,162.39,11.10,22.03,1,-1,-1,-1
19,17,830.93,149.01,42.97,29.18,1,-1,-1,-1
19,15,470.52,166.00,13.59,24.91,1,-1,-1,-1
19,19,419.70,172.16,16.26,27.16,1,-1,-1,-1
20,2,540.47,167.28,29.39,23.48,1,-1,-1,-1
20,17,844.82,148.34,47.68,31.76,1,-1,-1,-1
20,15,468.69,169.52,13.11,23.98,1,-1,-1,-1
21,2,538.96,169.42,29.14,23.13,1,-1,-1,-1
21,17,857.22,148.30,50.76,32.83,1,-1,-1,-1
21,15,467.26,170.99,13.29,24.40,1,-1,-1,-1
22,2,537.31,170.27,29.94,23.65,1,-1,-1,-1
22,17,866.53,147.84,54.74,34.26,1,-1,-1,-1
22,15,466.62,172.84,12.61,23.36,1,-1,-1,-1
22,20,795.15,157.44,34.95,19.42,1,-1,-1,-1
23,2,535.14,170.27,30.61,24.06,1,-1,-1,-1
23,17,874.46,146.69,58.61,35.37,1,-1,-1,-1
23,15,464.55,171.39,13.69,25.44,1,-1,-1,-1
23,8,596.89,164.18,12.20,24.54,1,-1,-1,-1
24,2,532.75,170.22,31.47,24.59,1,-1,-1,-1
24,17,881.91,145.57,62.31,36.14,1,-1,-1,-1
24,15,462.12,169.82,14.69,27.24,1,-1,-1,-1
24,8,593.52,163.36,13.24,26.10,1,-1,-1,-1
25,2,530.41,170.88,32.53,25.30,1,-1,-1,-1
25,17,891.78,145.52,67.15,37.28,1,-1,-1,-1
25,15,460.12,170.44,15.21,27.98,1,-1,-1,-1
25,8,589.57,164.43,13.10,25.65,1,-1,-1,-1
25,22,405.95,176.27,16.79,31.59,1,-1,-1,-1
26,2,528.59,173.11,33.44,25.95,1,-1,-1,-1
26,17,901.07,147.23,72.77,38.77,1,-1,-1,-1
26,15,458.27,172.61,15.85,29.03,1,-1,-1,-1
27,2,525.49,175.63,34.76,26.79,1,-1,-1,-1
27,17,910.25,149.05,78.54,40.45,1,-1,-1,-1
27,15,456.66,173.39,16.84,30.94,1,-1,-1,-1
27,22,398.97,180.42,17.97,33.89,1,-1,-1,-1
28,2,523.04,176.03,35.96,27.65,1,-1,-1,-1
28,17,921.16,149.57,84.13,41.94,1,-1,-1,-1
28,15,455.77,173.97,16.73,31.04,1,-1,-1,-1
28,22,395.23,180.78,17.79,33.73,1,-1,-1,-1
29,2,520.25,175.57,37.02,28.35,1,-1,-1,-1
29,17,928.21,148.35,88.95,43.57,1,-1,-1,-1
29,15,454.20,173.08,17.11,31.89,1,-1,-1,-1
29,22,391.31,180.46,17.65,33.51,1,-1,-1,-1
29,25,588.79,166.18,14.61,27.12,1,-1,-1,-1
29,8,573.00,168.27,14.32,28.03,1,-1,-1,-1
30,2,518.02,175.81,37.63,28.64,1,-1,-1,-1
30,17,942.58,147.40,94.11,44.86,1,-1,-1,-1
30,15,452.16,173.03,17.70,33.00,1,-1,-1,-1
30,22,387.56,180.19,18.00,34.31,1,-1,-1,-1
30,8,568.76,168.98,14.66,29.32,1,-1,-1,-1
30,26,878.24,154.14,52.98,23.81,1,-1,-1,-1
30,27,611.39,167.99,26.93,12.28,1,-1,-1,-1
30,20,823.51,159.71,40.23,21.94,1,-1,-1,-1
31,2,515.88,175.61,38.93,29.41,1,-1,-1,-1
31,17,958.05,145.84,99.96,46.19,1,-1,-1,-1
31,15,449.53,172.90,17.80,33.14,1,-1,-1,-1
31,8,563.68,169.30,14.87,29.89,1,-1,-1,-1
31,26,885.67,151.31,57.22,25.70,1,-1,-1,-1
31,20,830.26,158.86,42.11,22.29,1,-1,-1,-1
32,2,512.83,174.55,40.24,30.40,1,-1,-1,-1
32,17,974.36,144.21,106.87,47.78,1,-1,-1,-1
32,15,447.44,171.67,18.13,34.15,1,-1,-1,-1
32,8,558.14,167.95,15.04,30.24,1,-1,-1,-1
32,26,894.25,150.74,56.39,25.27,1,-1,-1,-1
32,28,355.49,178.55,12.58,29.26,1,-1,-1,-1
33,2,509.82,173.97,41.08,30.94,1,-1,-1,-1
33,17,990.99,142.06,115.14,49.96,1,-1,-1,-1
33,26,900.06,149.93,56.93,25.37,1,-1,-1,-1
33,22,375.99,177.76,17.64,33.54,1,-1,-1,-1
33,20,838.37,159.79,39.31,20.01,1,-1,-1,-1
34,2,507.54,174.81,42.28,31.78,1,-1,-1,-1
34,17,1009.75,141.00,123.74,52.19,1,-1,-1,-1
34,26,906.03,150.27,58.33,25.83,1,-1,-1,-1
34,22,371.60,178.67,18.61,35.57,1,-1,-1,-1
34,20,842.80,160.20,41.19,20.37,1,-1,-1,-1
34,10,486.00,170.56,13.82,28.70,1,-1,-1,-1
34,15,446.43,173.53,19.72,37.28,1,-1,-1,-1
35,2,504.46,175.22,43.58,32.88,1,-1,-1,-1
35,17,1031.23,139.72,135.03,55.52,1,-1,-1,-1
35,26,913.09,150.32,60.67,26.72,1,-1,-1,-1
35,20,847.73,159.50,45.34,21.88,1,-1,-1,-1
35,15,444.07,173.89,19.36,36.68,1,-1,-1,-1
35,31,340.95,179.89,13.63,31.71,1,-1,-1,-1
35,8,542.00,168.23,15.46,31.88,1,-1,-1,-1
36,2,500.93,174.53,45.64,34.35,1,-1,-1,-1
36,17,1053.73,137.59,144.90,58.24,1,-1,-1,-1
36,20,853.31,158.27,47.36,22.18,1,-1,-1,-1
36,15,438.81,173.78,21.00,39.62,1,-1,-1,-1
37,2,497.99,173.64,47.63,35.74,1,-1,-1,-1
37,17,1067.60,135.37,153.69,61.82,1,-1,-1,-1
37,20,859.13,158.05,47.92,21.82,1,-1,-1,-1
37,15,440.45,172.12,18.33,35.28,1,-1,-1,-1
37,32,470.92,169.92,11.92,29.57,1,-1,-1,-1
37,33,330.71,178.51,12.84,33.30,1,-1,-1,-1
38,2,494.11,173.31,49.47,37.05,1,-1,-1,-1
38,17,1081.06,134.09,159.60,65.72,1,-1,-1,-1
38,20,864.94,158.59,48.44,21.55,1,-1,-1,-1
38,15,438.36,172.39,18.04,35.23,1,-1,-1,-1
38,32,465.69,169.39,12.76,31.60,1,-1,-1,-1
39,2,490.66,173.18,51.19,38.32,1,-1,-1,-1
39,17,1103.02,138.67,146.97,62.53,1,-1,-1,-1
39,20,872.17,157.98,50.91,22.20,1,-1,-1,-1
39,15,438.18,171.97,17.43,34.39,1,-1,-1,-1
39,32,461.57,170.37,12.30,30.36,1,-1,-1,-1
39,34,757.56,158.09,13.34,27.70,1,-1,-1,-1
40,2,487.08,173.87,53.24,39.78,1,-1,-1,-1
40,17,1136.22,151.31,118.56,53.05,1,-1,-1,-1
40,20,877.85,158.55,53.69,22.95,1,-1,-1,-1
40,15,436.59,170.39,17.60,35.11,1,-1,-1,-1
40,32,454.43,170.36,13.05,32.07,1,-1,-1,-1
41,2,482.77,174.17,55.97,41.79,1,-1,-1,-1
41,20,884.32,159.46,54.83,22.97,1,-1,-1,-1
41,15,434.06,170.04,18.06,36.59,1,-1,-1,-1
41,32,446.67,170.33,13.81,33.93,1,-1,-1,-1
41,36,682.28,160.18,18.13,35.08,1,-1,-1,-1
42,2,479.18,174.76,57.85,43.23,1,-1,-1,-1
42,20,891.56,160.78,56.61,23.11,1,-1,-1,-1
42,15,433.37,169.49,19.14,38.68,1,-1,-1,-1
42,32,437.40,169.59,15.74,38.17,1,-1,-1,-1
42,36,691.89,161.22,19.05,36.94,1,-1,-1,-1
42,26,966.58,150.58,72.17,31.30,1,-1,-1,-1
43,2,474.86,174.05,59.95,44.62,1,-1,-1,-1
43,20,899.51,160.70,57.45,22.90,1,-1,-1,-1
43,15,430.34,167.12,19.93,40.77,1,-1,-1,-1
43,32,431.17,167.12,16.96,41.03,1,-1,-1,-1
43,26,974.70,149.50,75.37,32.31,1,-1,-1,-1
43,27,590.29,163.76,56.49,28.36,1,-1,-1,-1
44,2,469.90,172.28,63.25,47.00,1,-1,-1,-1
44,20,907.76,160.35,59.54,23.33,1,-1,-1,-1
44,15,429.34,165.21,19.71,41.64,1,-1,-1,-1
44,26,983.99,148.84,76.14,32.39,1,-1,-1,-1
44,19,417.29,166.60,22.04,40.38,1,-1,-1,-1
45,2,464.84,171.49,66.23,49.23,1,-1,-1,-1
45,20,915.20,159.92,62.75,24.26,1,-1,-1,-1
45,15,428.19,163.61,20.01,43.14,1,-1,-1,-1
45,26,995.46,148.66,79.13,33.11,1,-1,-1,-1
45,19,413.25,166.24,22.38,41.90,1,-1,-1,-1
45,39,522.80,163.08,14.81,40.26,1,-1,-1,-1
46,2,460.23,171.90,68.88,51.14,1,-1,-1,-1
46,20,923.65,160.83,65.03,24.74,1,-1,-1,-1
46,15,426.10,162.70,20.86,45.14,1,-1,-1,-1
46,26,1006.76,149.69,80.83,33.18,1,-1,-1,-1
46,39,524.83,162.28,16.57,44.90,1,-1,-1,-1
46,34,747.60,155.97,19.69,40.75,1,-1,-1,-1
46,32,406.31,167.25,18.55,44.11,1,-1,-1,-1
47,2,455.60,172.88,70.90,52.46,1,-1,-1,-1
47,20,929.70,161.63,69.17,25.95,1,-1,-1,-1
47,15,424.52,162.75,21.73,46.81,1,-1,-1,-1
47,39,526.59,163.08,17.55,46.97,1,-1,-1,-1
47,32,396.80,167.56,19.08,44.72,1,-1,-1,-1
48,2,449.76,172.50,74.60,55.02,1,-1,-1,-1
48,20,939.77,160.43,72.04,26.93,1,-1,-1,-1
48,15,422.63,162.27,22.02,47.33,1,-1,-1,-1
48,39,526.91,162.24,18.26,48.11,1,-1,-1,-1
48,32,386.49,166.06,20.27,46.77,1,-1,-1,-1
48,26,1024.65,147.47,88.62,35.80,1,-1,-1,-1
49,2,444.10,172.21,76.78,56.28,1,-1,-1,-1
49,20,948.73,158.29,74.80,27.82,1,-1,-1,-1
49,15,420.73,160.39,22.10,47.85,1,-1,-1,-1
49,39,528.63,159.91,19.06,50.15,1,-1,-1,-1
49,32,374.58,164.91,21.07,48.21,1,-1,-1,-1
49,26,1037.37,145.83,91.58,36.85,1,-1,-1,-1
49,45,667.21,159.02,16.08,33.40,1,-1,-1,-1
50,2,436.91,171.77,81.06,59.17,1,-1,-1,-1
50,20,958.29,156.89,77.63,28.83,1,-1,-1,-1
50,15,418.24,158.66,24.72,54.16,1,-1,-1,-1
50,39,532.45,157.95,19.85,52.27,1,-1,-1,-1
50,32,361.16,164.95,22.98,51.28,1,-1,-1,-1
50,26,1045.94,144.73,95.94,37.83,1,-1,-1,-1
51,2,430.27,173.76,84.09,60.90,1,-1,-1,-1
51,20,967.63,158.12,79.56,29.35,1,-1,-1,-1
51,15,415.71,159.56,24.66,54.72,1,-1,-1,-1
51,39,535.87,159.46,20.72,53.68,1,-1,-1,-1
51,32,355.51,168.99,21.52,48.97,1,-1,-1,-1
51,26,1060.44,144.86,97.67,38.19,1,-1,-1,-1
51,31,343.10,169.22,21.86,51.84,1,-1,-1,-1
52,2,422.05,175.84,89.31,64.34,1,-1,-1,-1
52,20,974.43,158.71,83.00,30.26,1,-1,-1,-1
52,15,413.70,161.16,23.51,52.15,1,-1,-1,-1
52,39,538.92,161.02,22.04,55.38,1,-1,-1,-1
52,32,345.51,172.17,21.85,50.00,1,-1,-1,-1
52,26,1073.81,144.92,99.98,38.69,1,-1,-1,-1
52,31,344.15,171.51,21.63,51.44,1,-1,-1,-1
52,22,311.99,172.39,25.27,50.57,1,-1,-1,-1
52,33,331.39,169.60,19.99,52.44,1,-1,-1,-1
53,2,413.42,176.87,95.34,68.50,1,-1,-1,-1
53,20,983.29,159.79,83.82,29.95,1,-1,-1,-1
53,39,541.65,161.83,22.75,56.77,1,-1,-1,-1
53,26,1087.94,145.28,102.72,39.58,1,-1,-1,-1
53,47,945.97,143.86,25.98,55.74,1,-1,-1,-1
53,10,486.30,170.39,14.03,19.93,1,-1,-1,-1
53,36,716.25,160.40,18.13,34.90,1,-1,-1,-1
54,2,404.49,177.09,100.80,72.09,1,-1,-1,-1
54,20,1003.12,159.46,83.40,30.08,1,-1,-1,-1
54,39,544.70,161.51,23.06,58.40,1,-1,-1,-1
54,10,484.49,170.27,16.06,19.19,1,-1,-1,-1
54,36,725.00,159.63,18.68,36.09,1,-1,-1,-1
54,48,621.16,165.78,16.59,12.10,1,-1,-1,-1
54,49,970.42,142.09,21.82,55.05,1,-1,-1,-1
55,2,393.79,177.45,106.40,75.50,1,-1,-1,-1
55,20,1016.43,158.40,84.40,30.69,1,-1,-1,-1
55,39,548.65,159.77,24.92,62.28,1,-1,-1,-1
55,10,482.35,170.12,17.96,19.29,1,-1,-1,-1
55,48,621.82,165.81,16.04,11.70,1,-1,-1,-1
55,51,233.53,179.46,18.96,48.90,1,-1,-1,-1
55,52,843.59,155.46,16.87,40.84,1,-1,-1,-1
56,2,383.14,177.56,112.60,79.28,1,-1,-1,-1
56,39,551.57,159.11,26.88,65.02,1,-1,-1,-1
56,10,480.31,169.84,19.72,19.61,1,-1,-1,-1
56,51,228.06,179.12,19.48,50.20,1,-1,-1,-1
56,52,848.88,154.28,17.04,41.24,1,-1,-1,-1
56,54,266.90,170.04,30.87,66.96,1,-1,-1,-1
56,55,211.25,180.00,26.88,54.38,1,-1,-1,-1
56,22,302.24,170.31,29.86,59.69,1,-1,-1,-1
57,2,371.35,178.34,119.61,83.53,1,-1,-1,-1
57,39,554.50,160.21,27.29,64.79,1,-1,-1,-1
57,10,478.18,169.23,21.38,20.25,1,-1,-1,-1
57,52,854.00,153.08,17.59,42.58,1,-1,-1,-1
57,54,272.63,174.73,27.79,60.47,1,-1,-1,-1
57,55,213.70,178.81,26.97,54.75,1,-1,-1,-1
57,22,301.19,169.98,30.76,61.72,1,-1,-1,-1
57,58,769.44,156.33,18.48,35.14,1,-1,-1,-1
57,32,256.55,170.71,29.08,67.75,1,-1,-1,-1
57,48,622.75,164.32,16.10,11.77,1,-1,-1,-1
58,2,359.06,178.43,127.09,88.13,1,-1,-1,-1
58,39,560.34,158.40,27.92,67.43,1,-1,-1,-1
58,10,476.45,168.65,22.58,20.70,1,-1,-1,-1
58,54,263.40,176.59,27.53,59.73,1,-1,-1,-1
58,55,208.39,177.87,27.42,56.09,1,-1,-1,-1
58,22,301.23,169.42,31.06,61.81,1,-1,-1,-1
58,32,237.58,170.17,29.07,69.81,1,-1,-1,-1
58,48,623.00,163.92,15.99,11.70,1,-1,-1,-1
58,61,197.23,178.62,19.98,56.33,1,-1,-1,-1
59,2,346.16,178.77,135.28,93.12,1,-1,-1,-1
59,39,565.85,157.96,28.29,68.84,1,-1,-1,-1
59,10,474.55,168.45,23.95,21.38,1,-1,-1,-1
59,54,246.91,176.18,28.89,62.85,1,-1,-1,-1
59,22,300.30,168.97,30.92,61.47,1,-1,-1,-1
59,32,217.87,169.99,30.08,72.87,1,-1,-1,-1
59,61,191.38,178.14,21.00,59.21,1,-1,-1,-1
59,63,1014.44,139.29,23.47,53.88,1,-1,-1,-1
59,52,866.09,151.60,19.11,46.29,1,-1,-1,-1
60,2,331.87,179.31,144.27,98.55,1,-1,-1,-1
60,39,571.97,158.47,29.63,70.27,1,-1,-1,-1
60,10,472.75,168.53,24.91,21.82,1,-1,-1,-1
60,32,198.82,170.97,31.44,73.91,1,-1,-1,-1
60,61,183.01,179.73,21.64,60.84,1,-1,-1,-1
60,20,1068.76,156.14,90.33,33.42,1,-1,-1,-1
60,51,227.33,175.44,24.64,64.05,1,-1,-1,-1
61,2,316.54,179.81,153.36,103.80,1,-1,-1,-1
61,39,576.21,157.57,31.44,73.12,1,-1,-1,-1
61,10,471.07,167.78,25.98,22.45,1,-1,-1,-1
61,32,177.53,171.48,33.42,75.96,1,-1,-1,-1
61,55,207.26,176.29,32.04,65.95,1,-1,-1,-1
61,48,624.23,163.02,15.87,11.67,1,-1,-1,-1
61,52,879.57,150.04,19.91,48.28,1,-1,-1,-1
62,2,300.14,180.51,163.34,109.50,1,-1,-1,-1
62,39,582.01,156.54,32.07,75.51,1,-1,-1,-1
62,10,468.85,166.68,27.40,23.57,1,-1,-1,-1
62,32,155.77,171.01,35.23,80.27,1,-1,-1,-1
62,55,197.37,177.43,32.43,66.67,1,-1,-1,-1
62,48,624.39,162.62,16.04,11.85,1,-1,-1,-1
62,52,886.32,148.66,20.15,49.02,1,-1,-1,-1
62,19,407.85,156.04,17.48,28.96,1,-1,-1,-1
63,2,281.92,181.68,174.20,115.53,1,-1,-1,-1
63,39,589.09,155.38,32.71,78.38,1,-1,-1,-1
63,10,467.53,166.51,27.80,23.72,1,-1,-1,-1
63,32,130.64,170.69,36.53,84.98,1,-1,-1,-1
63,52,892.89,148.86,20.09,48.89,1,-1,-1,-1
63,67,273.94,162.22,24.57,60.43,1,-1,-1,-1
63,68,158.04,178.46,21.35,66.81,1,-1,-1,-1
63,61,178.21,178.60,24.61,67.17,1,-1,-1,-1
64,2,261.76,182.87,186.36,122.13,1,-1,-1,-1
64,39,597.60,156.06,34.14,79.81,1,-1,-1,-1
64,10,466.13,166.94,27.96,23.56,1,-1,-1,-1
64,32,106.27,171.58,37.62,86.99,1,-1,-1,-1
64,67,261.68,163.88,20.76,50.76,1,-1,-1,-1
64,68,157.56,178.44,22.56,69.97,1,-1,-1,-1
64,61,172.87,178.41,22.27,61.06,1,-1,-1,-1
64,71,314.67,165.41,29.16,26.38,1,-1,-1,-1
64,20,1107.16,153.45,91.39,36.58,1,-1,-1,-1
64,19,403.85,157.08,22.83,37.87,1,-1,-1,-1
65,2,239.48,183.67,201.92,130.88,1,-1,-1,-1
65,39,603.17,156.30,36.59,82.44,1,-1,-1,-1
65,10,464.85,167.56,28.25,23.62,1,-1,-1,-1
65,32,79.12,173.67,40.54,88.69,1,-1,-1,-1
65,68,162.00,178.59,22.24,68.50,1,-1,-1,-1
65,61,164.29,178.64,24.16,65.80,1,-1,-1,-1
65,20,1105.86,152.93,97.52,37.88,1,-1,-1,-1
65,19,401.01,157.24,27.96,47.95,1,-1,-1,-1
65,75,133.28,179.37,28.04,72.52,1,-1,-1,-1
65,51,237.91,167.16,21.64,54.09,1,-1,-1,-1
66,2,215.49,185.13,217.94,139.56,1,-1,-1,-1
66,39,608.40,156.65,37.98,84.27,1,-1,-1,-1
66,10,463.88,168.29,28.39,23.53,1,-1,-1,-1
66,32,56.14,175.86,43.93,92.11,1,-1,-1,-1
66,68,159.56,179.34,22.53,68.49,1,-1,-1,-1
66,61,158.00,179.32,25.25,67.83,1,-1,-1,-1
66,19,398.19,156.69,33.81,59.31,1,-1,-1,-1
66,75,138.14,182.22,27.17,70.09,1,-1,-1,-1
66,51,226.22,166.54,20.91,49.44,1,-1,-1,-1
66,54,111.45,182.20,34.73,74.69,1,-1,-1,-1
66,71,323.60,164.54,26.98,24.30,1,-1,-1,-1
67,2,189.57,186.97,235.24,148.64,1,-1,-1,-1
67,39,620.88,155.64,39.98,87.99,1,-1,-1,-1
67,10,462.84,169.16,28.62,23.53,1,-1,-1,-1
67,32,31.44,176.94,46.51,96.08,1,-1,-1,-1
67,61,149.96,179.70,26.32,70.20,1,-1,-1,-1
67,19,395.84,155.48,47.49,85.00,1,-1,-1,-1
67,75,129.99,182.67,28.01,72.35,1,-1,-1,-1
67,54,90.52,184.18,37.97,78.19,1,-1,-1,-1
67,71,329.35,165.89,27.07,24.20,1,-1,-1,-1
67,55,202.09,166.00,23.22,46.06,1,-1,-1,-1
67,52,918.18,148.91,22.29,54.55,1,-1,-1,-1
68,2,160.45,188.52,254.82,158.83,1,-1,-1,-1
68,39,633.87,155.26,42.15,90.70,1,-1,-1,-1
68,10,461.29,169.54,29.10,23.78,1,-1,-1,-1
68,32,2.43,177.52,47.27,99.70,1,-1,-1,-1
68,61,142.37,179.72,26.00,69.19,1,-1,-1,-1
68,19,395.40,154.87,53.53,99.06,1,-1,-1,-1
68,75,120.46,182.85,28.61,73.94,1,-1,-1,-1
68,54,66.63,185.46,39.90,79.71,1,-1,-1,-1
68,71,334.52,166.42,30.95,27.51,1,-1,-1,-1
68,55,186.63,166.28,22.15,42.46,1,-1,-1,-1
68,52,924.70,149.35,22.40,55.42,1,-1,-1,-1
69,2,129.50,190.06,275.25,168.98,1,-1,-1,-1
69,39,638.50,155.96,42.98,92.58,1,-1,-1,-1
69,10,460.11,169.53,29.51,24.03,1,-1,-1,-1
69,61,136.51,178.95,21.86,56.44,1,-1,-1,-1
69,19,399.01,155.03,58.14,108.69,1,-1,-1,-1
69,75,115.54,182.62,22.97,58.70,1,-1,-1,-1
69,54,43.69,185.53,40.14,81.71,1,-1,-1,-1
69,52,931.60,149.07,22.40,56.13,1,-1,-1,-1
69,63,994.19,147.37,21.60,48.18,1,-1,-1,-1
69,48,625.86,163.76,16.99,12.54,1,-1,-1,-1
69,68,168.26,169.82,14.58,40.69,1,-1,-1,-1
70,2,99.86,192.26,289.21,173.47,1,-1,-1,-1
70,39,649.85,157.14,46.02,94.64,1,-1,-1,-1
70,10,459.04,169.82,29.93,24.29,1,-1,-1,-1
70,19,403.83,156.07,59.43,113.68,1,-1,-1,-1
70,75,111.10,183.17,18.07,44.49,1,-1,-1,-1
70,54,19.57,186.30,41.29,84.93,1,-1,-1,-1
70,52,937.05,149.18,22.85,57.10,1,-1,-1,-1
70,85,1013.01,146.58,26.18,49.96,1,-1,-1,-1
70,31,354.06,164.92,33.48,65.66,1,-1,-1,-1
71,2,69.29,194.14,300.75,174.69,1,-1,-1,-1
71,39,660.56,156.35,47.61,97.32,1,-1,-1,-1
71,10,458.13,169.88,30.47,24.64,1,-1,-1,-1
71,19,400.66,155.70,61.17,118.94,1,-1,-1,-1
71,54,0.43,187.85,41.28,85.01,1,-1,-1,-1
71,31,356.60,164.99,39.72,71.86,1,-1,-1,-1
72,2,46.64,196.43,309.21,173.97,1,-1,-1,-1
72,39,666.88,154.26,48.42,102.34,1,-1,-1,-1
72,10,456.90,169.97,30.78,24.75,1,-1,-1,-1
72,19,403.04,153.70,62.87,124.00,1,-1,-1,-1
72,31,361.55,164.69,44.33,80.42,1,-1,-1,-1
73,2,33.99,198.14,314.99,172.63,1,-1,-1,-1
73,39,678.58,154.53,50.24,104.64,1,-1,-1,-1
73,10,456.06,169.88,31.12,24.90,1,-1,-1,-1
73,19,407.35,151.84,63.14,128.95,1,-1,-1,-1
73,31,369.30,164.35,46.48,86.08,1,-1,-1,-1
73,20,1152.97,162.50,86.38,35.94,1,-1,-1,-1
73,75,87.53,169.30,17.76,40.68,1,-1,-1,-1
74,2,26.16,200.13,318.35,170.69,1,-1,-1,-1
74,39,687.60,155.77,52.68,106.45,1,-1,-1,-1
74,10,455.48,169.83,30.95,24.62,1,-1,-1,-1
74,19,412.02,151.60,63.83,133.05,1,-1,-1,-1
74,31,379.12,164.22,46.78,88.37,1,-1,-1,-1
74,20,1159.17,163.57,78.75,35.25,1,-1,-1,-1
74,75,90.06,176.99,14.13,29.85,1,-1,-1,-1
74,86,59.27,171.49,30.20,38.52,1,-1,-1,-1
74,36,795.05,155.61,14.90,28.64,1,-1,-1,-1
74,61,116.13,178.29,13.00,28.72,1,-1,-1,-1
74,52,960.41,149.03,23.62,58.55,1,-1,-1,-1
75,2,19.98,201.50,320.88,169.10,1,-1,-1,-1
75,39,696.01,155.07,54.72,109.45,1,-1,-1,-1
75,10,455.00,169.46,30.67,24.20,1,-1,-1,-1
75,19,416.50,152.75,66.02,136.20,1,-1,-1,-1
75,75,88.26,180.72,13.08,25.20,1,-1,-1,-1
75,86,39.70,171.59,31.60,40.24,1,-1,-1,-1
75,61,112.48,178.26,13.54,26.39,1,-1,-1,-1
76,2,15.42,203.10,321.73,167.16,1,-1,-1,-1
76,39,711.29,153.30,55.80,113.82,1,-1,-1,-1
76,10,456.44,169.23,30.31,24.22,1,-1,-1,-1
76,19,417.43,152.75,67.83,139.57,1,-1,-1,-1
76,75,86.35,181.75,13.69,24.23,1,-1,-1,-1
76,86,20.35,170.94,33.63,42.67,1,-1,-1,-1
76,61,109.29,178.62,14.56,26.19,1,-1,-1,-1
77,2,11.70,204.82,321.61,165.22,1,-1,-1,-1
77,39,730.41,151.65,57.45,118.04,1,-1,-1,-1
77,19,423.29,151.32,68.67,143.89,1,-1,-1,-1
77,75,83.54,181.72,15.23,25.17,1,-1,-1,-1
77,86,3.42,169.88,34.73,44.00,1,-1,-1,-1
77,61,105.86,178.86,16.17,27.07,1,-1,-1,-1
77,52,977.42,148.63,23.87,60.64,1,-1,-1,-1
78,2,8.66,206.67,320.33,163.12,1,-1,-1,-1
78,39,743.35,152.14,59.31,120.17,1,-1,-1,-1
78,19,437.99,149.56,69.01,146.46,1,-1,-1,-1
78,75,79.88,181.33,17.29,26.88,1,-1,-1,-1
78,61,102.81,178.15,18.43,29.41,1,-1,-1,-1
79,2,5.95,208.41,318.52,161.14,1,-1,-1,-1
79,39,754.28,152.54,61.34,122.63,1,-1,-1,-1
79,19,444.57,149.55,69.55,149.28,1,-1,-1,-1
80,2,3.81,210.43,315.98,159.06,1,-1,-1,-1
80,39,769.03,149.89,62.43,126.53,1,-1,-1,-1
80,19,451.53,150.93,71.60,152.66,1,-1,-1,-1
80,89,494.49,163.06,51.62,91.96,1,-1,-1,-1
80,10,449.82,168.78,31.89,25.61,1,-1,-1,-1
80,75,76.83,181.97,20.61,29.77,1,-1,-1,-1
80,61,100.62,177.91,22.08,34.08,1,-1,-1,-1
81,2,2.21,212.67,312.43,156.69,1,-1,-1,-1
81,39,786.79,148.11,62.55,130.10,1,-1,-1,-1
81,19,456.30,152.25,73.85,153.94,1,-1,-1,-1
81,10,448.86,168.41,32.51,26.14,1,-1,-1,-1
81,61,100.37,178.11,24.19,36.40,1,-1,-1,-1
82,2,0.32,214.11,309.97,155.14,1,-1,-1,-1
82,39,802.81,148.48,64.15,132.09,1,-1,-1,-1
82,19,462.55,151.21,75.63,157.48,1,-1,-1,-1
82,10,448.71,168.28,32.78,26.30,1,-1,-1,-1
82,89,529.66,162.26,52.41,92.86,1,-1,-1,-1
82,75,76.79,179.98,25.79,36.03,1,-1,-1,-1
83,2,-0.90,215.47,307.20,153.57,1,-1,-1,-1
83,39,815.65,149.81,66.29,132.85,1,-1,-1,-1
83,19,473.82,148.51,74.21,156.82,1,-1,-1,-1
83,10,448.77,168.16,33.29,26.56,1,-1,-1,-1
83,89,547.41,162.10,52.68,92.59,1,-1,-1,-1
83,75,77.44,179.45,28.97,39.17,1,-1,-1,-1
84,2,-1.55,217.00,304.04,151.88,1,-1,-1,-1
84,39,828.97,149.13,66.78,134.12,1,-1,-1,-1
84,19,487.90,147.84,72.46,159.53,1,-1,-1,-1
84,10,448.44,168.33,33.65,26.69,1,-1,-1,-1
84,89,567.71,161.77,52.76,92.06,1,-1,-1,-1
84,75,79.66,180.15,31.05,41.48,1,-1,-1,-1
85,2,-1.79,218.77,300.35,149.99,1,-1,-1,-1
85,39,846.96,146.76,65.65,137.59,1,-1,-1,-1
85,19,504.17,148.52,73.41,160.94,1,-1,-1,-1
85,10,448.20,168.70,34.00,26.81,1,-1,-1,-1
85,89,589.55,161.61,52.78,91.42,1,-1,-1,-1
86,2,-2.11,220.13,297.48,148.58,1,-1,-1,-1
86,39,866.71,146.06,66.65,139.99,1,-1,-1,-1
86,19,514.57,150.20,75.30,161.95,1,-1,-1,-1
86,10,447.94,169.09,34.17,26.81,1,-1,-1,-1
86,89,612.63,161.25,52.81,91.19,1,-1,-1,-1
86,91,515.73,156.12,43.33,138.40,1,-1,-1,-1
87,2,-2.33,221.19,295.05,147.43,1,-1,-1,-1
87,39,881.97,147.70,69.07,140.67,1,-1,-1,-1
87,19,520.32,150.92,75.85,160.99,1,-1,-1,-1
87,10,447.66,169.17,34.42,26.94,1,-1,-1,-1
87,89,633.58,160.76,54.68,93.86,1,-1,-1,-1
87,92,116.73,176.62,39.33,99.73,1,-1,-1,-1
88,2,-1.96,222.51,291.97,145.91,1,-1,-1,-1
88,39,892.62,147.64,70.72,142.72,1,-1,-1,-1
88,19,530.44,149.49,75.65,162.84,1,-1,-1,-1
88,10,447.41,169.26,34.65,27.08,1,-1,-1,-1
88,92,91.20,179.16,40.44,102.00,1,-1,-1,-1
88,91,525.76,161.43,42.37,134.85,1,-1,-1,-1
89,2,-2.00,223.31,290.17,145.10,1,-1,-1,-1
89,39,908.66,145.12,69.47,144.92,1,-1,-1,-1
89,19,535.75,147.71,74.69,161.01,1,-1,-1,-1
89,10,447.29,169.28,34.79,27.14,1,-1,-1,-1
89,94,133.29,173.69,29.05,80.82,1,-1,-1,-1
89,95,1091.09,146.16,124.60,43.49,1,-1,-1,-1
90,2,-1.78,223.67,289.05,144.61,1,-1,-1,-1
90,39,929.62,143.27,69.59,147.48,1,-1,-1,-1
90,19,559.47,147.94,74.36,162.32,1,-1,-1,-1
90,10,447.22,169.30,34.92,27.23,1,-1,-1,-1
90,94,136.97,175.73,28.46,79.43,1,-1,-1,-1
90,95,1078.80,148.09,120.62,42.11,1,-1,-1,-1
90,91,555.31,158.32,43.54,138.33,1,-1,-1,-1
91,2,-1.68,223.80,288.47,144.42,1,-1,-1,-1
91,39,945.84,144.83,70.53,146.32,1,-1,-1,-1
91,19,575.69,149.81,76.41,163.85,1,-1,-1,-1
91,10,447.22,169.32,34.98,27.26,1,-1,-1,-1
91,95,1063.42,148.76,120.02,41.91,1,-1,-1,-1
92,2,-1.22,223.88,287.95,144.20,1,-1,-1,-1
92,39,955.19,145.38,72.36,145.74,1,-1,-1,-1
92,19,584.10,151.45,77.12,162.13,1,-1,-1,-1
92,10,447.22,169.32,35.01,27.26,1,-1,-1,-1
92,95,1047.01,149.39,119.32,41.67,1,-1,-1,-1
92,94,128.16,177.55,27.77,76.80,1,-1,-1,-1
92,91,583.73,158.37,44.96,139.22,1,-1,-1,-1
93,2,-0.17,224.99,286.11,143.18,1,-1,-1,-1
93,39,969.24,143.86,72.17,145.54,1,-1,-1,-1
93,19,593.31,150.21,77.77,164.49,1,-1,-1,-1
93,10,447.55,170.11,34.86,27.05,1,-1,-1,-1
93,95,1034.05,151.26,117.53,41.15,1,-1,-1,-1
93,94,130.67,178.62,29.35,81.08,1,-1,-1,-1
93,91,585.34,160.25,45.29,139.64,1,-1,-1,-1
93,67,169.08,173.63,38.25,100.62,1,-1,-1,-1
94,2,1.12,226.38,283.97,141.88,1,-1,-1,-1
94,39,988.03,142.51,71.36,146.59,1,-1,-1,-1
94,19,606.45,150.07,74.64,163.17,1,-1,-1,-1
94,10,447.61,171.39,34.89,27.02,1,-1,-1,-1
94,94,134.54,179.94,29.90,83.38,1,-1,-1,-1
94,91,593.71,161.44,46.74,142.63,1,-1,-1,-1
94,67,169.58,173.26,37.26,103.36,1,-1,-1,-1
95,2,1.87,227.31,282.75,141.01,1,-1,-1,-1
95,39,1006.33,142.49,72.00,146.49,1,-1,-1,-1
95,19,622.74,149.64,72.75,164.61,1,-1,-1,-1
95,10,447.76,172.10,34.73,26.87,1,-1,-1,-1
95,91,607.20,161.30,45.49,141.16,1,-1,-1,-1
95,67,172.72,173.36,36.81,103.94,1,-1,-1,-1
96,2,1.53,226.99,283.76,141.36,1,-1,-1,-1
96,39,1019.36,142.99,74.25,145.31,1,-1,-1,-1
96,19,640.64,150.42,73.52,164.19,1,-1,-1,-1
96,10,447.73,172.14,34.89,26.94,1,-1,-1,-1
96,91,624.07,160.20,45.13,142.04,1,-1,-1,-1
96,67,179.44,173.78,37.55,103.72,1,-1,-1,-1
97,2,1.58,227.06,283.88,141.25,1,-1,-1,-1
97,39,1026.83,142.81,75.98,145.20,1,-1,-1,-1
97,19,650.59,152.14,74.82,163.44,1,-1,-1,-1
97,10,447.77,172.33,34.85,26.87,1,-1,-1,-1
97,91,639.80,161.07,46.41,141.01,1,-1,-1,-1
97,67,185.39,173.82,37.98,102.71,1,-1,-1,-1
97,49,976.31,164.52,26.22,31.83,1,-1,-1,-1
98,2,1.41,226.98,284.27,141.32,1,-1,-1,-1
98,39,1038.62,138.66,75.91,147.51,1,-1,-1,-1
98,19,655.67,152.45,76.39,164.23,1,-1,-1,-1
98,10,447.74,172.18,34.95,26.91,1,-1,-1,-1
98,91,648.87,162.08,48.20,139.75,1,-1,-1,-1
98,67,177.42,175.52,35.39,98.87,1,-1,-1,-1
98,22,193.37,172.14,46.00,103.53,1,-1,-1,-1
99,2,1.21,226.79,285.01,141.58,1,-1,-1,-1
99,39,1054.36,135.70,74.50,149.70,1,-1,-1,-1
99,19,665.06,150.67,75.96,165.91,1,-1,-1,-1
99,10,447.75,172.05,35.01,26.92,1,-1,-1,-1
99,91,653.58,162.16,49.79,140.42,1,-1,-1,-1
99,67,179.91,176.92,37.33,100.72,1,-1,-1,-1
99,22,198.99,171.58,43.41,102.27,1,-1,-1,-1
99,95,936.87,157.64,103.11,37.44,1,-1,-1,-1
100,2,1.33,226.90,284.92,141.40,1,-1,-1,-1
100,39,1074.14,135.71,75.00,150.55,1,-1,-1,-1
100,19,676.97,149.16,74.27,166.69,1,-1,-1,-1
100,10,447.74,172.22,34.99,26.88,1,-1,-1,-1
100,91,662.74,161.63,49.60,140.91,1,-1,-1,-1
100,67,183.00,177.59,38.70,101.85,1,-1,-1,-1
100,22,207.80,171.51,43.29,101.63,1,-1,-1,-1
100,95,865.76,153.93,207.77,81.47,1,-1,-1,-1
101,2,1.09,226.67,285.53,141.62,1,-1,-1,-1
101,39,1086.72,136.64,75.20,148.09,1,-1,-1,-1
101,19,696.89,148.86,73.52,166.79,1,-1,-1,-1
101,10,447.71,172.09,35.07,26.90,1,-1,-1,-1
101,67,186.80,176.82,39.75,102.95,1,-1,-1,-1
101,22,216.95,171.48,43.87,100.89,1,-1,-1,-1
101,95,862.77,152.41,219.00,92.71,1,-1,-1,-1
101,48,628.10,165.62,18.89,13.71,1,-1,-1,-1
101,89,919.79,159.20,33.99,39.73,1,-1,-1,-1
102,2,1.00,226.52,285.89,141.73,1,-1,-1,-1
102,39,1096.97,134.73,75.37,148.44,1,-1,-1,-1
102,19,712.87,151.31,74.44,164.99,1,-1,-1,-1
102,10,447.70,171.99,35.14,26.92,1,-1,-1,-1
102,67,193.20,175.39,39.82,104.81,1,-1,-1,-1
102,22,221.93,172.06,45.87,102.24,1,-1,-1,-1
102,48,628.00,165.60,19.07,13.74,1,-1,-1,-1
102,89,913.07,159.92,44.42,38.29,1,-1,-1,-1
102,91,693.64,159.94,51.03,142.98,1,-1,-1,-1
103,2,1.06,226.66,285.76,141.58,1,-1,-1,-1
103,39,1112.71,130.72,73.83,149.99,1,-1,-1,-1
103,19,720.69,152.37,75.86,163.99,1,-1,-1,-1
103,10,447.69,172.12,35.07,26.84,1,-1,-1,-1
103,67,200.63,174.87,39.08,104.53,1,-1,-1,-1
103,22,229.38,171.15,45.63,102.72,1,-1,-1,-1
103,48,627.94,165.91,19.01,13.58,1,-1,-1,-1
103,89,897.83,161.05,51.71,36.81,1,-1,-1,-1
103,91,704.20,160.67,53.36,142.69,1,-1,-1,-1
104,2,0.99,226.55,286.08,141.66,1,-1,-1,-1
104,39,1132.92,129.04,74.22,151.06,1,-1,-1,-1
104,19,730.58,150.93,75.15,162.76,1,-1,-1,-1
104,10,447.68,172.08,35.09,26.81,1,-1,-1,-1
104,67,209.13,175.00,39.56,105.03,1,-1,-1,-1
104,22,237.41,170.04,44.01,103.30,1,-1,-1,-1
104,48,627.95,165.91,18.99,13.48,1,-1,-1,-1
104,89,876.80,162.04,57.63,35.93,1,-1,-1,-1
104,91,708.00,160.72,53.93,141.37,1,-1,-1,-1
105,2,0.95,226.51,286.22,141.69,1,-1,-1,-1
105,39,1145.23,129.71,74.72,150.15,1,-1,-1,-1
105,19,743.77,148.25,73.61,164.27,1,-1,-1,-1
105,10,447.69,172.08,35.15,26.84,1,-1,-1,-1
105,67,214.67,175.32,39.90,104.59,1,-1,-1,-1
105,22,245.41,169.56,43.00,104.69,1,-1,-1,-1
105,48,627.74,165.84,19.09,13.56,1,-1,-1,-1
105,89,855.34,162.50,62.98,35.63,1,-1,-1,-1
105,91,717.56,159.65,53.72,142.57,1,-1,-1,-1
106,2,0.99,226.58,286.22,141.62,1,-1,-1,-1
106,39,1149.95,129.08,75.57,150.87,1,-1,-1,-1
106,19,760.73,147.29,73.11,166.62,1,-1,-1,-1
106,10,447.65,172.06,35.21,26.85,1,-1,-1,-1
106,67,221.66,174.69,39.58,105.11,1,-1,-1,-1
106,22,255.13,169.59,43.00,104.71,1,-1,-1,-1
106,48,627.69,165.77,19.13,13.59,1,-1,-1,-1
106,89,835.11,163.21,66.82,35.13,1,-1,-1,-1
106,91,732.62,157.93,53.04,144.93,1,-1,-1,-1
107,2,1.05,226.56,286.28,141.58,1,-1,-1,-1
107,39,1158.61,127.42,73.93,150.30,1,-1,-1,-1
107,19,778.62,148.55,74.48,165.57,1,-1,-1,-1
107,10,447.51,172.06,35.30,26.92,1,-1,-1,-1
107,67,229.25,173.52,38.98,105.35,1,-1,-1,-1
107,22,262.54,169.84,43.05,104.43,1,-1,-1,-1
107,48,627.71,165.81,19.04,13.56,1,-1,-1,-1
107,89,823.45,163.46,68.36,34.99,1,-1,-1,-1
107,91,749.12,157.76,53.97,145.72,1,-1,-1,-1
108,2,1.06,226.66,286.21,141.48,1,-1,-1,-1
108,19,787.23,150.49,76.43,164.17,1,-1,-1,-1
108,10,447.56,172.12,35.28,26.87,1,-1,-1,-1
108,67,236.35,173.11,39.32,107.25,1,-1,-1,-1
108,22,270.44,168.98,42.74,105.28,1,-1,-1,-1
108,91,761.95,158.82,56.51,145.05,1,-1,-1,-1
109,2,0.86,226.47,286.74,141.70,1,-1,-1,-1
109,19,793.54,150.37,77.90,164.14,1,-1,-1,-1
109,10,447.55,172.05,35.37,26.93,1,-1,-1,-1
109,67,246.36,173.56,39.81,105.78,1,-1,-1,-1
109,22,277.58,167.81,42.25,105.60,1,-1,-1,-1
109,91,768.21,159.52,58.65,143.62,1,-1,-1,-1
110,2,0.91,226.61,286.70,141.63,1,-1,-1,-1
110,19,804.42,148.41,77.47,165.68,1,-1,-1,-1
110,10,447.53,172.10,35.34,26.89,1,-1,-1,-1
110,67,250.80,174.01,40.77,105.76,1,-1,-1,-1
110,22,286.18,167.13,41.92,105.30,1,-1,-1,-1
110,91,776.30,159.80,57.54,140.04,1,-1,-1,-1
111,2,0.88,226.50,286.95,141.71,1,-1,-1,-1
111,19,820.49,146.85,74.88,166.04,1,-1,-1,-1
111,10,447.50,172.04,35.38,26.91,1,-1,-1,-1
111,67,254.94,173.13,41.81,107.40,1,-1,-1,-1
111,22,296.01,168.16,42.54,104.58,1,-1,-1,-1
111,91,789.54,158.28,57.21,143.93,1,-1,-1,-1
111,48,627.72,165.99,19.00,13.51,1,-1,-1,-1
111,89,748.67,165.34,67.15,33.75,1,-1,-1,-1
112,2,0.85,226.53,286.93,141.67,1,-1,-1,-1
112,19,838.87,147.93,73.57,164.49,1,-1,-1,-1
112,10,447.58,172.01,35.37,26.88,1,-1,-1,-1
112,67,264.46,171.44,41.51,107.67,1,-1,-1,-1
112,22,302.90,169.47,42.80,102.21,1,-1,-1,-1
112,91,802.00,157.03,57.01,147.50,1,-1,-1,-1
112,48,627.77,166.04,18.89,13.41,1,-1,-1,-1
112,89,737.09,166.28,68.36,33.07,1,-1,-1,-1
113,2,0.85,226.55,286.99,141.67,1,-1,-1,-1
113,19,852.40,150.00,74.36,162.57,1,-1,-1,-1
113,10,447.58,172.05,35.38,26.88,1,-1,-1,-1
113,67,274.84,171.03,40.13,105.84,1,-1,-1,-1
113,22,310.11,169.66,43.85,102.92,1,-1,-1,-1
113,91,818.30,157.76,58.77,147.36,1,-1,-1,-1
113,48,627.74,166.24,18.51,13.16,1,-1,-1,-1
113,89,726.24,166.75,69.19,32.32,1,-1,-1,-1
114,2,0.80,226.55,287.10,141.70,1,-1,-1,-1
114,19,859.25,149.98,76.14,162.84,1,-1,-1,-1
114,10,447.63,172.02,35.37,26.86,1,-1,-1,-1
114,67,283.32,171.65,40.54,106.57,1,-1,-1,-1
114,22,318.52,168.57,43.50,104.04,1,-1,-1,-1
114,91,827.17,157.74,60.74,146.19,1,-1,-1,-1
114,48,627.53,166.39,17.98,12.87,1,-1,-1,-1
114,89,714.45,167.10,69.91,31.92,1,-1,-1,-1
115,2,0.68,226.46,287.28,141.78,1,-1,-1,-1
115,19,869.15,148.13,76.11,163.71,1,-1,-1,-1
115,10,447.65,172.04,35.29,26.77,1,-1,-1,-1
115,67,292.95,172.62,40.67,106.86,1,-1,-1,-1
115,22,326.76,168.61,42.56,104.15,1,-1,-1,-1
115,91,836.39,156.61,60.78,146.55,1,-1,-1,-1
115,48,627.45,166.44,17.85,12.84,1,-1,-1,-1
115,89,703.49,167.18,69.78,31.35,1,-1,-1,-1
116,2,0.66,226.46,287.35,141.79,1,-1,-1,-1
116,19,884.10,145.54,74.57,164.90,1,-1,-1,-1
116,10,447.62,172.03,35.39,26.83,1,-1,-1,-1
116,67,301.62,172.97,39.95,107.21,1,-1,-1,-1
116,22,337.69,168.96,42.61,103.98,1,-1,-1,-1
116,91,850.80,155.41,58.88,146.12,1,-1,-1,-1
116,48,627.52,166.49,17.80,12.84,1,-1,-1,-1
116,89,693.07,167.05,70.07,31.30,1,-1,-1,-1
117,2,0.41,226.22,287.87,142.08,1,-1,-1,-1
117,19,901.30,145.03,73.80,165.04,1,-1,-1,-1
117,10,447.62,172.02,35.43,26.86,1,-1,-1,-1
117,67,312.93,172.37,33.80,91.24,1,-1,-1,-1
117,22,346.17,169.41,43.29,103.59,1,-1,-1,-1
117,91,863.58,154.72,58.11,147.38,1,-1,-1,-1
117,89,683.96,166.74,69.34,30.95,1,-1,-1,-1
118,2,0.43,226.24,287.86,142.07,1,-1,-1,-1
118,19,918.83,145.77,76.28,164.85,1,-1,-1,-1
118,10,447.59,172.05,35.43,26.84,1,-1,-1,-1
118,67,318.85,171.51,37.43,102.33,1,-1,-1,-1
118,22,353.98,169.71,43.52,104.58,1,-1,-1,-1
118,91,880.81,155.36,60.96,147.92,1,-1,-1,-1
118,89,676.35,166.97,67.27,30.09,1,-1,-1,-1
119,2,0.41,226.18,287.90,142.10,1,-1,-1,-1
119,19,926.94,147.95,78.42,163.14,1,-1,-1,-1
119,10,447.61,172.07,35.38,26.78,1,-1,-1,-1
119,67,328.29,171.84,39.54,104.80,1,-1,-1,-1
119,22,362.08,168.80,42.91,104.88,1,-1,-1,-1
119,91,889.95,156.56,63.90,146.74,1,-1,-1,-1
119,89,669.18,166.83,66.00,29.80,1,-1,-1,-1
120,2,0.40,226.20,287.85,142.09,1,-1,-1,-1
120,19,932.38,147.10,80.48,163.67,1,-1,-1,-1
120,10,447.60,172.10,35.40,26.79,1,-1,-1,-1
120,67,333.27,172.80,41.61,106.93,1,-1,-1,-1
120,22,372.55,168.38,42.54,103.63,1,-1,-1,-1
120,91,897.24,156.63,64.89,145.75,1,-1,-1,-1
120,89,663.11,166.99,63.94,29.17,1,-1,-1,-1
121,2,0.31,226.12,287.96,142.16,1,-1,-1,-1
121,19,942.43,144.56,80.36,165.22,1,-1,-1,-1
121,10,447.61,172.08,35.41,26.78,1,-1,-1,-1
121,67,339.84,172.68,42.01,107.44,1,-1,-1,-1
121,22,384.03,168.52,44.02,104.46,1,-1,-1,-1
121,91,909.90,154.65,61.38,140.23,1,-1,-1,-1
121,89,658.00,166.98,62.08,28.76,1,-1,-1,-1
122,2,0.36,226.12,287.88,142.14,1,-1,-1,-1
122,19,958.27,142.84,78.63,166.75,1,-1,-1,-1
122,10,447.58,172.08,35.45,26.81,1,-1,-1,-1
122,67,352.22,171.84,40.59,106.52,1,-1,-1,-1
122,22,390.70,169.09,44.82,103.45,1,-1,-1,-1
122,91,924.44,153.44,62.23,146.97,1,-1,-1,-1
122,89,653.82,167.18,59.72,28.22,1,-1,-1,-1
123,2,0.35,226.12,287.79,142.11,1,-1,-1,-1
123,19,979.38,142.58,78.19,167.01,1,-1,-1,-1
123,10,447.64,172.16,35.40,26.77,1,-1,-1,-1
123,67,363.08,172.19,40.43,106.96,1,-1,-1,-1
123,22,397.54,170.81,44.42,102.18,1,-1,-1,-1
123,91,938.82,153.37,62.23,148.90,1,-1,-1,-1
123,89,650.89,168.04,56.54,27.25,1,-1,-1,-1
124,2,0.36,226.05,287.82,142.14,1,-1,-1,-1
124,19,995.27,143.50,79.79,166.43,1,-1,-1,-1
124,10,447.62,172.09,35.52,26.89,1,-1,-1,-1
124,67,372.25,173.24,41.52,106.31,1,-1,-1,-1
124,22,404.96,169.28,43.94,103.18,1,-1,-1,-1
124,91,953.11,154.16,63.99,148.09,1,-1,-1,-1
124,89,648.54,168.05,53.95,26.58,1,-1,-1,-1
125,2,0.40,226.13,287.67,142.08,1,-1,-1,-1
125,19,1002.71,143.16,80.39,164.06,1,-1,-1,-1
125,10,447.81,172.11,35.13,26.56,1,-1,-1,-1
125,67,379.37,174.29,42.12,105.20,1,-1,-1,-1
125,22,412.52,168.18,43.50,104.34,1,-1,-1,-1
125,91,964.49,153.69,65.02,149.68,1,-1,-1,-1
125,89,646.56,168.05,51.56,25.98,1,-1,-1,-1
126,2,0.42,226.15,287.72,142.10,1,-1,-1,-1
126,19,1010.84,140.68,80.12,164.08,1,-1,-1,-1
126,10,447.95,172.13,34.61,26.07,1,-1,-1,-1
126,67,388.99,173.38,41.69,105.11,1,-1,-1,-1
126,22,424.48,169.36,43.26,102.61,1,-1,-1,-1
126,91,979.99,151.39,61.44,144.69,1,-1,-1,-1
126,89,644.89,168.12,49.51,25.54,1,-1,-1,-1
127,2,0.50,226.26,287.52,142.00,1,-1,-1,-1
127,19,1025.51,136.76,79.55,166.36,1,-1,-1,-1
127,10,450.06,171.91,33.92,25.91,1,-1,-1,-1
127,67,401.27,172.39,40.65,105.30,1,-1,-1,-1
127,22,433.20,169.74,43.68,102.42,1,-1,-1,-1
127,91,994.31,150.20,61.82,148.34,1,-1,-1,-1
127,89,644.04,168.32,46.66,24.63,1,-1,-1,-1
128,2,0.53,226.30,287.46,141.97,1,-1,-1,-1
128,19,1042.53,135.07,79.17,167.03,1,-1,-1,-1
128,67,411.72,172.38,41.90,107.30,1,-1,-1,-1
128,22,440.81,170.12,43.35,102.81,1,-1,-1,-1
128,91,1012.95,150.55,64.19,149.06,1,-1,-1,-1
128,89,642.63,167.83,45.67,24.73,1,-1,-1,-1
129,2,0.61,226.39,287.30,141.87,1,-1,-1,-1
129,19,1064.03,135.19,82.37,167.72,1,-1,-1,-1
129,67,418.39,173.12,43.12,106.84,1,-1,-1,-1
129,22,448.33,169.29,42.34,102.56,1,-1,-1,-1
129,91,1022.95,150.99,66.87,148.15,1,-1,-1,-1
129,89,641.06,167.21,45.11,25.19,1,-1,-1,-1
130,2,0.67,226.42,287.30,141.85,1,-1,-1,-1
130,19,1073.23,135.14,85.23,167.55,1,-1,-1,-1
130,67,424.28,172.44,43.83,107.48,1,-1,-1,-1
130,22,458.08,168.51,41.85,102.88,1,-1,-1,-1
130,91,1029.85,148.94,68.91,148.45,1,-1,-1,-1
130,89,640.81,167.04,43.22,24.88,1,-1,-1,-1
131,2,0.66,226.35,287.39,141.88,1,-1,-1,-1
131,19,1079.26,133.00,88.46,169.57,1,-1,-1,-1
131,67,437.59,172.21,41.61,104.47,1,-1,-1,-1
131,22,469.73,168.44,42.31,101.85,1,-1,-1,-1
131,91,1038.89,146.40,66.84,145.48,1,-1,-1,-1
131,89,641.19,167.54,40.21,23.73,1,-1,-1,-1
132,2,0.75,226.38,287.37,141.85,1,-1,-1,-1
132,19,1087.07,129.07,89.38,172.77,1,-1,-1,-1
132,67,448.02,172.04,40.81,104.91,1,-1,-1,-1
132,22,478.44,169.18,43.34,103.03,1,-1,-1,-1
132,91,1052.14,143.61,65.52,147.20,1,-1,-1,-1
132,89,641.84,168.09,37.37,22.52,1,-1,-1,-1
132,10,448.07,172.17,33.94,25.95,1,-1,-1,-1
133,2,0.95,226.54,287.09,141.66,1,-1,-1,-1
133,19,1104.70,127.04,86.97,173.88,1,-1,-1,-1
133,67,457.50,171.84,42.09,105.77,1,-1,-1,-1
133,22,485.33,168.38,42.62,102.54,1,-1,-1,-1
133,91,1067.27,142.63,65.60,149.61,1,-1,-1,-1
133,89,642.30,168.41,35.15,21.57,1,-1,-1,-1
133,10,446.19,172.19,33.77,26.28,1,-1,-1,-1
134,2,0.72,226.36,287.47,141.85,1,-1,-1,-1
134,19,1122.16,126.45,86.06,174.94,1,-1,-1,-1
134,67,463.92,172.65,42.82,105.05,1,-1,-1,-1
134,22,492.28,167.30,41.99,103.49,1,-1,-1,-1
134,91,1078.83,142.78,66.04,150.56,1,-1,-1,-1
134,89,641.11,167.80,34.42,21.61,1,-1,-1,-1
134,10,446.68,172.04,34.18,26.65,1,-1,-1,-1
135,2,0.68,226.40,287.54,141.87,1,-1,-1,-1
135,19,1137.24,126.99,85.96,175.14,1,-1,-1,-1
135,22,500.06,166.95,40.81,103.00,1,-1,-1,-1
135,91,1085.73,141.77,66.28,151.29,1,-1,-1,-1
135,89,640.22,167.30,33.78,21.67,1,-1,-1,-1
135,10,447.27,172.06,34.49,26.82,1,-1,-1,-1
136,2,0.64,226.37,287.58,141.88,1,-1,-1,-1
136,19,1143.85,127.34,85.18,174.40,1,-1,-1,-1
136,22,512.61,167.92,40.55,101.40,1,-1,-1,-1
136,91,1098.66,139.48,64.54,150.16,1,-1,-1,-1
136,89,639.81,167.10,32.77,21.46,1,-1,-1,-1
136,10,447.54,172.04,34.71,26.93,1,-1,-1,-1
136,67,486.56,171.31,41.45,104.16,1,-1,-1,-1
137,2,0.56,226.29,287.69,141.94,1,-1,-1,-1
137,19,1148.47,126.06,84.46,175.32,1,-1,-1,-1
137,22,522.69,168.80,40.63,101.60,1,-1,-1,-1
137,91,1114.96,136.40,63.39,149.57,1,-1,-1,-1
137,89,639.48,166.96,32.02,21.34,1,-1,-1,-1
137,10,447.59,172.03,34.83,26.96,1,-1,-1,-1
137,67,496.75,171.33,42.04,105.50,1,-1,-1,-1
138,2,0.61,226.36,287.56,141.86,1,-1,-1,-1
138,19,1164.88,135.84,73.85,159.44,1,-1,-1,-1
138,22,528.81,169.38,39.46,100.54,1,-1,-1,-1
138,91,1129.73,135.86,63.93,151.09,1,-1,-1,-1
138,89,639.24,166.82,31.36,21.24,1,-1,-1,-1
138,10,447.64,172.10,34.88,26.95,1,-1,-1,-1
138,67,502.98,172.30,42.60,104.31,1,-1,-1,-1
139,2,0.61,226.38,287.61,141.88,1,-1,-1,-1
139,22,535.82,168.07,39.07,102.09,1,-1,-1,-1
139,91,1143.78,136.65,66.18,150.55,1,-1,-1,-1
139,89,638.72,166.30,31.05,21.43,1,-1,-1,-1
139,10,447.65,172.08,34.93,26.93,1,-1,-1,-1
139,67,509.11,171.92,43.43,105.15,1,-1,-1,-1
139,100,881.87,153.46,15.71,40.22,1,-1,-1,-1
140,2,0.58,226.39,287.63,141.89,1,-1,-1,-1
140,22,545.67,168.18,37.94,99.84,1,-1,-1,-1
140,91,1148.63,136.72,68.54,151.46,1,-1,-1,-1
140,89,638.60,166.42,29.99,21.07,1,-1,-1,-1
140,10,447.70,172.15,34.90,26.86,1,-1,-1,-1
140,67,519.82,171.43,41.04,101.41,1,-1,-1,-1
141,2,0.62,226.42,287.59,141.86,1,-1,-1,-1
141,22,557.57,168.62,38.49,99.14,1,-1,-1,-1
141,91,1152.18,134.70,70.87,155.02,1,-1,-1,-1
141,89,638.05,166.17,29.55,21.20,1,-1,-1,-1
141,10,447.62,172.06,35.10,26.99,1,-1,-1,-1
141,67,530.68,171.00,40.06,101.92,1,-1,-1,-1
142,2,0.75,226.48,287.36,141.72,1,-1,-1,-1
142,22,566.07,171.05,38.66,98.29,1,-1,-1,-1
142,91,1162.51,132.10,69.34,155.30,1,-1,-1,-1
142,89,637.81,166.27,28.63,20.90,1,-1,-1,-1
142,10,447.56,172.03,35.17,27.01,1,-1,-1,-1
142,67,540.85,171.73,41.04,102.79,1,-1,-1,-1
143,2,0.61,226.39,287.57,141.83,1,-1,-1,-1
143,22,571.97,169.32,39.07,100.69,1,-1,-1,-1
143,89,637.57,166.11,27.96,20.76,1,-1,-1,-1
143,10,447.54,172.03,35.25,27.05,1,-1,-1,-1
143,67,546.42,172.54,42.06,103.08,1,-1,-1,-1
143,100,881.84,153.32,15.80,40.46,1,-1,-1,-1
144,2,0.50,226.22,287.83,141.98,1,-1,-1,-1
144,22,578.09,167.69,38.28,101.70,1,-1,-1,-1
144,89,637.41,166.06,27.26,20.58,1,-1,-1,-1
144,10,447.56,172.00,35.25,27.02,1,-1,-1,-1
144,67,553.37,172.32,42.30,102.86,1,-1,-1,-1
145,2,0.61,226.29,287.62,141.86,1,-1,-1,-1
145,89,637.61,166.27,26.04,19.92,1,-1,-1,-1
145,10,447.60,172.00,35.26,27.01,1,-1,-1,-1
145,67,564.87,171.26,40.20,101.42,1,-1,-1,-1
146,2,0.63,226.32,287.60,141.85,1,-1,-1,-1
146,89,637.75,166.51,24.81,19.21,1,-1,-1,-1
146,10,447.60,172.06,35.21,26.95,1,-1,-1,-1
146,67,575.18,170.76,39.59,102.39,1,-1,-1,-1
146,22,598.52,167.37,38.24,100.99,1,-1,-1,-1
147,2,0.64,226.35,287.61,141.84,1,-1,-1,-1
147,89,637.67,166.42,24.07,18.87,1,-1,-1,-1
147,10,447.60,172.06,35.24,26.94,1,-1,-1,-1
147,67,584.74,171.42,40.64,103.20,1,-1,-1,-1
147,22,607.73,168.26,37.90,99.83,1,-1,-1,-1
148,2,0.67,226.35,287.55,141.80,1,-1,-1,-1
148,89,637.72,166.27,23.26,18.42,1,-1,-1,-1
148,10,447.60,172.07,35.24,26.91,1,-1,-1,-1
148,67,589.61,171.17,41.51,103.84,1,-1,-1,-1
148,22,613.21,167.08,38.05,102.58,1,-1,-1,-1
149,2,0.55,226.23,287.75,141.91,1,-1,-1,-1
149,89,638.18,166.13,22.40,17.93,1,-1,-1,-1
149,10,447.58,172.01,35.29,26.94,1,-1,-1,-1
149,67,597.05,170.95,41.14,103.42,1,-1,-1,-1
150,2,0.66,226.37,287.39,141.71,1,-1,-1,-1
150,10,447.52,172.01,35.38,26.98,1,-1,-1,-1
151,2,0.77,226.54,287.23,141.61,1,-1,-1,-1
151,10,447.54,171.98,35.42,26.99,1,-1,-1,-1
151,22,638.56,166.45,37.26,100.54,1,-1,-1,-1
151,67,617.78,170.03,41.15,104.32,1,-1,-1,-1
152,2,0.78,226.57,287.25,141.60,1,-1,-1,-1
152,10,447.56,172.02,35.43,26.96,1,-1,-1,-1
152,67,627.35,168.86,43.41,105.76,1,-1,-1,-1
153,2,0.81,226.64,287.17,141.52,1,-1,-1,-1
153,10,447.53,172.00,35.45,26.96,1,-1,-1,-1
154,2,0.69,226.54,287.35,141.61,1,-1,-1,-1
154,10,447.48,171.93,35.55,27.03,1,-1,-1,-1
154,89,636.65,166.60,20.83,16.50,1,-1,-1,-1
154,67,643.78,168.17,43.57,105.30,1,-1,-1,-1
155,2,0.63,226.56,287.46,141.66,1,-1,-1,-1
155,10,447.51,171.97,35.50,26.99,1,-1,-1,-1
155,89,636.24,167.05,19.88,15.59,1,-1,-1,-1
155,67,653.56,167.95,42.54,103.98,1,-1,-1,-1
156,2,0.58,226.49,287.65,141.75,1,-1,-1,-1
156,10,447.45,171.92,35.60,27.06,1,-1,-1,-1
156,89,635.58,167.10,19.51,15.31,1,-1,-1,-1
156,67,663.15,169.54,43.43,104.28,1,-1,-1,-1
157,2,0.44,226.32,287.94,141.92,1,-1,-1,-1
157,10,447.45,171.97,35.53,26.98,1,-1,-1,-1
157,89,635.27,167.11,19.28,15.18,1,-1,-1,-1
157,67,670.73,170.52,44.92,103.54,1,-1,-1,-1
158,2,0.52,226.38,287.76,141.83,1,-1,-1,-1
158,10,447.31,171.96,35.59,27.01,1,-1,-1,-1
158,89,634.88,167.12,19.07,15.05,1,-1,-1,-1
158,67,677.23,170.64,45.73,103.46,1,-1,-1,-1
159,2,0.37,226.19,288.07,142.01,1,-1,-1,-1
159,10,447.17,171.95,35.65,27.02,1,-1,-1,-1
159,89,634.68,167.07,18.91,14.96,1,-1,-1,-1
159,67,685.02,169.44,45.05,103.54,1,-1,-1,-1
160,2,0.43,226.27,287.91,141.94,1,-1,-1,-1
160,10,447.01,171.96,35.71,27.03,1,-1,-1,-1
160,89,634.51,166.98,18.92,14.99,1,-1,-1,-1
160,67,692.45,167.77,44.97,105.45,1,-1,-1,-1
161,2,0.56,226.40,287.64,141.80,1,-1,-1,-1
161,10,446.79,171.96,35.79,27.04,1,-1,-1,-1
161,89,634.41,166.99,18.77,14.90,1,-1,-1,-1
161,67,701.74,168.66,45.30,104.99,1,-1,-1,-1
162,2,0.49,226.38,287.74,141.86,1,-1,-1,-1
162,10,446.63,171.97,35.83,27.02,1,-1,-1,-1
162,89,633.97,166.74,19.03,15.15,1,-1,-1,-1
162,67,707.68,167.90,46.17,105.17,1,-1,-1,-1
163,2,0.55,226.49,287.56,141.77,1,-1,-1,-1
163,10,446.34,172.00,35.94,27.05,1,-1,-1,-1
163,89,633.71,166.72,18.92,15.09,1,-1,-1,-1
163,67,715.33,168.72,45.62,102.63,1,-1,-1,-1
164,2,0.58,226.44,287.61,141.79,1,-1,-1,-1
164,10,446.08,171.98,36.16,27.19,1,-1,-1,-1
164,89,633.49,166.72,18.50,14.79,1,-1,-1,-1
164,67,722.77,168.21,45.13,102.67,1,-1,-1,-1
165,2,0.61,226.47,287.50,141.73,1,-1,-1,-1
165,10,445.63,171.99,36.57,27.50,1,-1,-1,-1
165,89,633.36,166.98,17.81,14.21,1,-1,-1,-1
165,67,731.68,168.23,44.41,103.23,1,-1,-1,-1
166,2,0.59,226.43,287.61,141.79,1,-1,-1,-1
166,10,445.16,171.97,36.79,27.68,1,-1,-1,-1
166,89,632.95,166.87,17.61,14.11,1,-1,-1,-1
166,67,741.65,169.15,44.44,102.92,1,-1,-1,-1
167,2,0.54,226.39,287.70,141.83,1,-1,-1,-1
167,10,444.75,172.07,36.87,27.78,1,-1,-1,-1
167,89,632.66,166.91,17.20,13.87,1,-1,-1,-1
167,67,747.90,168.27,45.19,103.77,1,-1,-1,-1
168,2,0.50,226.32,287.81,141.89,1,-1,-1,-1
168,10,444.10,172.20,36.94,27.88,1,-1,-1,-1
168,89,632.18,166.89,17.16,13.93,1,-1,-1,-1
168,67,754.37,167.36,45.54,103.69,1,-1,-1,-1
169,2,0.47,226.24,287.85,141.93,1,-1,-1,-1
169,10,443.63,172.28,37.09,28.03,1,-1,-1,-1
169,89,632.06,166.88,17.03,13.89,1,-1,-1,-1
169,67,760.73,166.92,45.74,104.11,1,-1,-1,-1
169,100,882.27,152.60,15.65,40.72,1,-1,-1,-1
170,2,0.54,226.32,287.59,141.79,1,-1,-1,-1
170,10,443.28,172.32,37.24,28.15,1,-1,-1,-1
170,89,631.96,166.98,16.79,13.69,1,-1,-1,-1
170,67,772.08,167.03,45.11,104.19,1,-1,-1,-1
171,2,0.42,226.17,287.82,141.93,1,-1,-1,-1
171,10,442.91,172.31,37.46,28.33,1,-1,-1,-1
171,89,631.74,166.95,16.77,13.67,1,-1,-1,-1
171,67,783.87,167.45,46.24,104.26,1,-1,-1,-1
172,2,0.48,226.23,287.70,141.88,1,-1,-1,-1
172,10,442.44,172.38,37.74,28.53,1,-1,-1,-1
172,89,631.29,166.99,16.77,13.67,1,-1,-1,-1
172,67,790.03,168.37,45.18,101.00,1,-1,-1,-1
172,100,882.15,152.52,15.72,41.10,1,-1,-1,-1
173,2,0.47,226.25,287.65,141.87,1,-1,-1,-1
173,10,441.95,172.38,38.11,28.82,1,-1,-1,-1
173,89,631.17,167.01,16.77,13.61,1,-1,-1,-1
173,67,794.97,167.24,45.84,101.86,1,-1,-1,-1
173,100,882.44,152.75,15.55,40.83,1,-1,-1,-1
174,2,0.52,226.24,287.57,141.83,1,-1,-1,-1
174,10,441.21,172.31,38.51,29.12,1,-1,-1,-1
174,67,800.14,166.69,46.57,102.66,1,-1,-1,-1
175,2,0.57,226.27,287.58,141.84,1,-1,-1,-1
175,10,440.33,172.27,39.10,29.62,1,-1,-1,-1
175,67,811.53,166.71,46.24,103.94,1,-1,-1,-1
176,2,0.62,226.33,287.47,141.78,1,-1,-1,-1
176,10,439.76,172.32,39.53,30.00,1,-1,-1,-1
176,67,820.79,167.74,45.39,103.21,1,-1,-1,-1
177,2,0.53,226.27,287.63,141.87,1,-1,-1,-1
177,10,439.32,172.28,39.89,30.36,1,-1,-1,-1
177,67,831.27,168.12,43.49,100.02,1,-1,-1,-1
177,101,829.29,163.79,27.22,91.33,1,-1,-1,-1
178,2,0.51,226.28,287.61,141.87,1,-1,-1,-1
178,10,439.01,172.31,40.16,30.68,1,-1,-1,-1
178,67,844.35,167.81,41.92,98.93,1,-1,-1,-1
178,101,834.35,164.87,29.28,98.26,1,-1,-1,-1
179,2,0.30,226.04,288.02,142.11,1,-1,-1,-1
179,10,438.72,172.25,40.55,31.14,1,-1,-1,-1
179,67,854.09,167.47,41.75,101.16,1,-1,-1,-1
179,101,838.33,166.66,29.47,98.25,1,-1,-1,-1
180,2,0.49,226.14,287.73,141.97,1,-1,-1,-1
180,10,438.48,172.23,40.89,31.57,1,-1,-1,-1
180,67,860.32,168.29,41.07,100.88,1,-1,-1,-1
181,2,0.47,226.15,287.75,141.99,1,-1,-1,-1
181,10,438.41,172.28,41.12,31.91,1,-1,-1,-1
181,67,869.15,167.83,42.36,101.79,1,-1,-1,-1
182,2,0.59,226.28,287.50,141.86,1,-1,-1,-1
182,10,438.51,172.27,41.44,32.30,1,-1,-1,-1
182,67,878.52,167.63,42.20,100.88,1,-1,-1,-1
183,2,0.72,226.43,287.26,141.72,1,-1,-1,-1
183,10,438.61,172.28,41.88,32.79,1,-1,-1,-1
183,67,879.35,165.45,41.20,100.95,1,-1,-1,-1
183,22,895.75,165.72,36.24,102.75,1,-1,-1,-1
184,2,0.61,226.36,287.40,141.80,1,-1,-1,-1
184,10,438.99,172.32,42.23,33.15,1,-1,-1,-1
184,67,883.16,164.01,40.68,100.88,1,-1,-1,-1
184,22,904.15,165.51,35.39,103.06,1,-1,-1,-1
185,2,0.65,226.35,287.42,141.80,1,-1,-1,-1
185,10,439.12,172.16,42.87,33.78,1,-1,-1,-1
185,67,895.53,163.10,40.25,99.97,1,-1,-1,-1
185,22,912.22,166.05,38.35,101.86,1,-1,-1,-1
186,2,0.55,226.29,287.55,141.88,1,-1,-1,-1
186,10,439.89,172.17,43.25,34.13,1,-1,-1,-1
186,67,902.94,160.99,38.12,96.38,1,-1,-1,-1
186,22,918.72,165.81,39.98,100.65,1,-1,-1,-1
187,2,0.54,226.31,287.56,141.89,1,-1,-1,-1
187,10,440.90,172.24,43.51,34.29,1,-1,-1,-1
187,67,908.95,159.80,38.23,98.51,1,-1,-1,-1
187,22,926.08,163.82,39.76,100.93,1,-1,-1,-1
188,2,0.52,226.31,287.55,141.89,1,-1,-1,-1
188,10,441.72,172.43,43.80,34.41,1,-1,-1,-1
188,67,915.96,160.30,37.89,99.17,1,-1,-1,-1
188,22,935.50,162.35,39.01,101.73,1,-1,-1,-1
189,2,0.46,226.19,287.69,141.98,1,-1,-1,-1
189,10,442.44,172.28,44.32,34.71,1,-1,-1,-1
189,67,924.24,160.29,38.68,99.61,1,-1,-1,-1
189,22,944.61,162.33,38.53,101.15,1,-1,-1,-1
190,2,0.60,226.31,287.51,141.87,1,-1,-1,-1
190,10,443.17,172.23,44.80,34.90,1,-1,-1,-1
190,67,932.39,158.65,39.38,100.29,1,-1,-1,-1
190,22,954.67,162.80,40.26,99.96,1,-1,-1,-1
191,2,0.62,226.36,287.41,141.81,1,-1,-1,-1
191,10,444.10,172.25,45.33,35.10,1,-1,-1,-1
191,67,941.17,156.99,37.65,96.61,1,-1,-1,-1
191,22,960.75,161.57,41.65,99.84,1,-1,-1,-1
192,2,0.64,226.44,287.27,141.74,1,-1,-1,-1
192,10,445.31,172.16,46.21,35.43,1,-1,-1,-1
192,67,949.43,156.78,37.51,96.78,1,-1,-1,-1
192,22,966.49,160.34,41.59,99.20,1,-1,-1,-1
192,89,631.43,166.96,14.13,11.67,1,-1,-1,-1
193,2,0.68,226.50,287.17,141.69,1,-1,-1,-1
193,10,446.54,172.25,47.33,35.85,1,-1,-1,-1
193,67,956.62,156.86,37.79,98.48,1,-1,-1,-1
193,22,977.39,159.11,41.19,99.70,1,-1,-1,-1
193,89,631.64,166.78,14.21,11.97,1,-1,-1,-1
194,2,0.69,226.49,287.17,141.68,1,-1,-1,-1
194,10,448.24,172.30,48.51,36.15,1,-1,-1,-1
194,67,964.33,156.54,38.51,99.57,1,-1,-1,-1
194,22,984.58,158.71,40.48,100.71,1,-1,-1,-1
194,89,631.75,166.73,14.19,12.11,1,-1,-1,-1
195,2,0.71,226.46,287.19,141.68,1,-1,-1,-1
195,10,449.68,171.95,50.01,36.74,1,-1,-1,-1
195,67,972.21,156.10,39.45,100.56,1,-1,-1,-1
195,22,988.36,154.98,40.78,103.87,1,-1,-1,-1
195,89,632.15,166.93,13.93,11.91,1,-1,-1,-1
196,2,0.68,226.42,287.21,141.69,1,-1,-1,-1
196,10,451.15,171.74,51.52,37.31,1,-1,-1,-1
196,67,980.37,154.97,38.17,98.35,1,-1,-1,-1
196,89,632.59,166.85,13.88,11.95,1,-1,-1,-1
196,100,882.39,152.49,15.50,40.98,1,-1,-1,-1
197,2,0.70,226.46,287.19,141.67,1,-1,-1,-1
197,10,453.44,171.51,52.95,37.69,1,-1,-1,-1
197,67,987.40,152.97,38.18,100.03,1,-1,-1,-1
197,100,882.54,152.64,15.43,40.86,1,-1,-1,-1
198,2,0.65,226.44,287.27,141.72,1,-1,-1,-1
198,10,455.87,171.47,54.32,37.90,1,-1,-1,-1
198,67,991.28,151.33,37.77,101.69,1,-1,-1,-1
198,100,882.74,152.69,15.29,40.68,1,-1,-1,-1
199,2,0.55,226.36,287.44,141.82,1,-1,-1,-1
199,10,458.80,171.39,55.74,38.10,1,-1,-1,-1
199,67,1002.54,153.31,38.02,99.81,1,-1,-1,-1
199,100,882.60,152.55,15.32,40.81,1,-1,-1,-1
199,22,1034.74,155.09,38.42,96.65,1,-1,-1,-1
200,2,0.59,226.39,287.31,141.76,1,-1,-1,-1
200,10,462.01,171.27,57.56,38.50,1,-1,-1,-1
200,67,1006.14,152.53,38.57,100.35,1,-1,-1,-1
200,100,882.69,152.55,15.31,40.82,1,-1,-1,-1
200,22,1038.41,155.02,37.56,94.67,1,-1,-1,-1
201,2,0.65,226.45,287.24,141.72,1,-1,-1,-1
201,10,465.10,171.14,59.46,38.92,1,-1,-1,-1
201,67,1015.03,151.72,37.21,96.44,1,-1,-1,-1
201,100,882.60,152.63,15.25,40.75,1,-1,-1,-1
201,22,1041.59,154.07,38.51,95.62,1,-1,-1,-1
201,103,1003.68,149.96,16.80,61.43,1,-1,-1,-1
202,2,0.61,226.44,287.26,141.74,1,-1,-1,-1
202,10,468.56,170.90,61.46,39.34,1,-1,-1,-1
202,67,1026.35,150.65,36.29,97.07,1,-1,-1,-1
202,22,1048.71,152.13,39.31,98.26,1,-1,-1,-1
202,103,1003.65,149.55,16.87,61.66,1,-1,-1,-1
203,2,0.63,226.48,287.28,141.74,1,-1,-1,-1
203,10,472.36,170.69,63.82,39.98,1,-1,-1,-1
203,67,1033.84,150.30,36.02,98.12,1,-1,-1,-1
203,22,1057.59,150.87,39.61,100.29,1,-1,-1,-1
203,89,636.32,167.05,13.38,11.49,1,-1,-1,-1
204,2,0.67,226.52,287.20,141.70,1,-1,-1,-1
204,10,477.13,170.58,65.88,40.29,1,-1,-1,-1
204,67,1039.39,150.58,35.80,97.83,1,-1,-1,-1
204,22,1066.79,151.22,39.72,100.21,1,-1,-1,-1
204,89,637.07,167.16,13.13,11.22,1,-1,-1,-1
205,2,0.67,226.48,287.20,141.70,1,-1,-1,-1
205,10,481.59,170.35,68.50,40.97,1,-1,-1,-1
205,67,1043.71,150.48,36.09,97.46,1,-1,-1,-1
205,22,1073.43,151.21,40.23,99.30,1,-1,-1,-1
205,103,1003.12,147.00,17.55,64.11,1,-1,-1,-1
206,2,0.53,226.39,287.46,141.83,1,-1,-1,-1
206,10,486.79,170.28,71.07,41.51,1,-1,-1,-1
206,67,1049.61,149.44,36.29,98.04,1,-1,-1,-1
206,22,1079.51,150.47,40.33,98.89,1,-1,-1,-1
206,103,1002.89,144.59,18.06,66.04,1,-1,-1,-1
206,100,883.14,152.78,15.27,40.70,1,-1,-1,-1
207,2,0.56,226.39,287.45,141.84,1,-1,-1,-1
207,10,492.25,170.20,73.71,42.00,1,-1,-1,-1
207,67,1057.14,147.43,36.07,97.38,1,-1,-1,-1
207,22,1087.40,149.15,39.86,98.53,1,-1,-1,-1
207,103,1002.57,142.68,18.50,67.73,1,-1,-1,-1
207,100,882.91,152.66,15.41,40.95,1,-1,-1,-1
207,89,639.11,166.80,12.41,10.46,1,-1,-1,-1
208,2,0.54,226.40,287.41,141.83,1,-1,-1,-1
208,10,498.67,170.13,76.36,42.43,1,-1,-1,-1
208,67,1064.64,146.90,36.18,97.55,1,-1,-1,-1
208,22,1096.31,148.16,40.50,99.15,1,-1,-1,-1
209,2,0.57,226.39,287.41,141.84,1,-1,-1,-1
209,10,505.89,170.25,78.84,42.71,1,-1,-1,-1
209,67,1074.11,146.64,37.47,97.89,1,-1,-1,-1
209,22,1106.86,148.17,41.73,98.58,1,-1,-1,-1
209,89,640.07,166.68,12.53,10.56,1,-1,-1,-1
210,2,0.64,226.43,287.33,141.80,1,-1,-1,-1
210,10,512.35,170.15,81.96,43.19,1,-1,-1,-1
210,67,1079.23,147.39,37.71,96.74,1,-1,-1,-1
210,22,1111.61,148.04,42.88,98.78,1,-1,-1,-1
211,2,0.61,226.45,287.37,141.82,1,-1,-1,-1
211,10,521.02,170.37,84.31,43.29,1,-1,-1,-1
211,67,1084.73,146.66,39.37,97.29,1,-1,-1,-1
211,22,1117.75,147.95,42.07,95.87,1,-1,-1,-1
212,2,0.52,226.32,287.57,141.94,1,-1,-1,-1
212,10,529.20,170.06,87.80,43.97,1,-1,-1,-1
212,67,1091.77,144.83,39.52,97.26,1,-1,-1,-1
212,22,1123.95,146.59,41.85,96.00,1,-1,-1,-1
212,100,882.86,152.89,15.33,40.63,1,-1,-1,-1
213,2,0.51,226.33,287.53,141.93,1,-1,-1,-1
213,10,538.27,170.01,90.84,44.35,1,-1,-1,-1
213,67,1098.83,143.26,39.26,96.93,1,-1,-1,-1
213,22,1131.00,146.59,42.01,96.32,1,-1,-1,-1
213,100,882.93,152.75,15.41,40.76,1,-1,-1,-1
214,2,0.52,226.32,287.49,141.92,1,-1,-1,-1
214,10,547.70,169.84,93.99,44.78,1,-1,-1,-1
214,67,1105.88,143.37,39.03,96.89,1,-1,-1,-1
214,22,1139.37,146.24,42.34,96.62,1,-1,-1,-1
214,100,882.90,152.73,15.46,40.80,1,-1,-1,-1
215,2,0.52,226.32,287.49,141.92,1,-1,-1,-1
215,10,557.64,169.67,96.94,45.04,1,-1,-1,-1
215,67,1112.63,143.00,39.10,97.11,1,-1,-1,-1
215,22,1145.36,145.52,42.59,96.93,1,-1,-1,-1
215,100,883.03,152.86,15.41,40.58,1,-1,-1,-1
216,2,0.61,226.42,287.33,141.83,1,-1,-1,-1
216,10,568.36,169.52,100.53,45.68,1,-1,-1,-1
216,67,1118.61,142.35,39.56,97.52,1,-1,-1,-1
216,22,1151.73,144.15,42.17,96.61,1,-1,-1,-1
216,100,882.89,152.86,15.42,40.67,1,-1,-1,-1
217,2,0.55,226.29,287.49,141.92,1,-1,-1,-1
217,10,579.11,169.21,104.10,46.33,1,-1,-1,-1
217,67,1125.19,140.66,39.85,98.19,1,-1,-1,-1
217,22,1159.17,141.91,41.95,96.64,1,-1,-1,-1
218,2,0.48,226.28,287.57,141.97,1,-1,-1,-1
218,10,590.83,169.24,106.59,46.46,1,-1,-1,-1
218,67,1132.01,139.34,38.79,96.12,1,-1,-1,-1
218,22,1167.83,140.77,42.56,96.98,1,-1,-1,-1
218,100,883.05,153.15,15.38,40.47,1,-1,-1,-1
219,2,0.54,226.34,287.39,141.88,1,-1,-1,-1
219,10,603.19,169.09,108.97,46.49,1,-1,-1,-1
219,67,1137.94,138.45,38.97,96.91,1,-1,-1,-1
219,22,1175.63,142.05,42.99,95.89,1,-1,-1,-1
219,100,882.86,152.98,15.43,40.57,1,-1,-1,-1
219,103,1003.10,147.82,17.12,61.88,1,-1,-1,-1
220,2,0.54,226.32,287.44,141.90,1,-1,-1,-1
220,10,615.89,168.78,111.77,46.74,1,-1,-1,-1
220,67,1144.81,138.86,39.21,96.48,1,-1,-1,-1
220,22,1178.42,143.24,42.68,94.31,1,-1,-1,-1
220,100,882.93,152.92,15.39,40.40,1,-1,-1,-1
221,2,0.59,226.39,287.32,141.84,1,-1,-1,-1
221,10,628.68,168.48,114.91,47.19,1,-1,-1,-1
221,67,1150.89,139.69,39.22,95.46,1,-1,-1,-1
221,22,1183.11,142.23,41.90,92.83,1,-1,-1,-1
221,100,882.99,152.98,15.41,40.31,1,-1,-1,-1
222,2,0.53,226.34,287.44,141.91,1,-1,-1,-1
222,10,642.17,168.05,117.43,47.40,1,-1,-1,-1
222,67,1156.97,139.03,40.15,95.59,1,-1,-1,-1
222,22,1189.55,140.38,41.05,94.43,1,-1,-1,-1
222,100,882.86,152.91,15.43,40.37,1,-1,-1,-1
223,2,0.55,226.37,287.36,141.87,1,-1,-1,-1
223,10,655.88,167.89,119.76,47.56,1,-1,-1,-1
223,67,1163.86,137.53,40.42,95.87,1,-1,-1,-1
223,100,883.05,152.93,15.46,40.33,1,-1,-1,-1
224,2,0.65,226.36,287.26,141.81,1,-1,-1,-1
224,10,669.95,167.18,122.86,48.12,1,-1,-1,-1
224,67,1169.80,135.79,40.54,96.69,1,-1,-1,-1
224,100,882.94,153.00,15.42,40.27,1,-1,-1,-1
224,103,1003.18,149.88,16.87,59.67,1,-1,-1,-1
225,2,0.58,226.28,287.37,141.89,1,-1,-1,-1
225,10,684.92,167.05,123.88,47.76,1,-1,-1,-1
225,67,1176.24,136.17,40.17,96.01,1,-1,-1,-1
225,100,883.17,153.07,15.43,40.21,1,-1,-1,-1
226,2,0.76,226.41,287.09,141.74,1,-1,-1,-1
226,10,700.14,166.93,125.47,47.61,1,-1,-1,-1
226,67,1182.10,137.28,39.67,94.75,1,-1,-1,-1
226,100,883.10,153.10,15.52,40.36,1,-1,-1,-1
227,2,0.70,226.40,287.14,141.77,1,-1,-1,-1
227,10,715.33,166.56,128.31,48.06,1,-1,-1,-1
227,67,1186.16,137.58,39.21,94.27,1,-1,-1,-1
227,100,883.06,153.20,15.43,40.11,1,-1,-1,-1
228,2,0.73,226.44,287.09,141.74,1,-1,-1,-1
228,10,731.60,166.06,130.45,48.27,1,-1,-1,-1
228,67,1190.07,137.38,37.62,91.92,1,-1,-1,-1
228,100,883.05,153.15,15.47,40.23,1,-1,-1,-1
229,2,0.76,226.40,287.07,141.72,1,-1,-1,-1
229,10,747.78,165.61,132.17,48.33,1,-1,-1,-1
229,67,1193.12,135.93,36.55,91.92,1,-1,-1,-1
229,100,883.61,153.48,15.00,39.12,1,-1,-1,-1
230,2,0.74,226.39,287.11,141.74,1,-1,-1,-1
230,10,764.09,164.86,134.72,48.77,1,-1,-1,-1
230,103,1001.26,149.70,17.45,58.95,1,-1,-1,-1
231,2,0.76,226.43,287.02,141.68,1,-1,-1,-1
231,10,781.77,164.66,135.59,48.58,1,-1,-1,-1
232,2,0.70,226.45,286.99,141.67,1,-1,-1,-1
232,10,798.75,164.20,137.18,48.70,1,-1,-1,-1
233,2,0.71,226.46,287.03,141.68,1,-1,-1,-1
233,10,816.40,163.53,138.80,48.84,1,-1,-1,-1
234,2,0.72,226.50,286.98,141.65,1,-1,-1,-1
234,10,834.13,162.88,140.96,49.30,1,-1,-1,-1
235,2,0.64,226.42,287.11,141.72,1,-1,-1,-1
235,10,852.50,162.38,141.59,49.14,1,-1,-1,-1
236,2,0.71,226.53,286.89,141.60,1,-1,-1,-1
236,10,868.79,161.83,141.70,49.11,1,-1,-1,-1
237,2,0.74,226.54,286.86,141.57,1,-1,-1,-1
237,10,883.81,161.34,140.40,48.96,1,-1,-1,-1
238,2,0.76,226.54,286.85,141.55,1,-1,-1,-1
238,10,905.95,160.15,144.03,49.95,1,-1,-1,-1
238,100,883.61,153.37,15.20,39.52,1,-1,-1,-1
239,2,0.79,226.57,286.84,141.53,1,-1,-1,-1
239,10,925.42,158.47,148.00,51.22,1,-1,-1,-1
239,100,883.60,153.25,15.22,39.55,1,-1,-1,-1
240,2,0.85,226.58,286.82,141.50,1,-1,-1,-1
240,10,946.43,158.19,146.43,50.32,1,-1,-1,-1
240,100,883.36,153.17,15.27,39.69,1,-1,-1,-1
241,2,0.85,226.64,286.76,141.44,1,-1,-1,-1
241,10,967.51,158.68,143.40,48.88,1,-1,-1,-1
241,100,883.39,153.26,15.09,39.25,1,-1,-1,-1
242,2,0.77,226.59,286.87,141.49,1,-1,-1,-1
242,10,990.05,158.80,144.04,48.93,1,-1,-1,-1
242,100,883.45,153.29,15.01,39.03,1,-1,-1,-1
243,2,0.73,226.54,286.96,141.53,1,-1,-1,-1
243,10,1007.94,157.97,146.18,49.43,1,-1,-1,-1
243,100,883.40,153.19,15.02,39.13,1,-1,-1,-1
244,2,0.82,226.63,286.79,141.42,1,-1,-1,-1
244,10,1030.77,157.19,146.27,49.54,1,-1,-1,-1
244,100,883.27,153.13,15.12,39.48,1,-1,-1,-1
244,103,1003.43,147.96,17.60,60.37,1,-1,-1,-1
245,2,0.73,226.58,286.91,141.48,1,-1,-1,-1
245,10,1048.97,156.15,146.73,49.40,1,-1,-1,-1
245,100,883.31,153.06,15.20,39.70,1,-1,-1,-1
245,103,1003.29,146.80,17.72,61.64,1,-1,-1,-1
246,2,0.75,226.57,286.92,141.47,1,-1,-1,-1
246,10,1069.27,155.13,145.35,48.49,1,-1,-1,-1
246,100,883.24,153.13,15.22,39.73,1,-1,-1,-1
246,103,1002.91,145.19,17.96,63.29,1,-1,-1,-1
246,106,555.61,166.95,16.43,12.67,1,-1,-1,-1
247,2,0.72,226.59,286.99,141.49,1,-1,-1,-1
247,10,1083.23,153.73,145.60,48.82,1,-1,-1,-1
247,100,883.48,153.21,15.15,39.48,1,-1,-1,-1
247,103,1002.98,145.68,17.75,62.88,1,-1,-1,-1
247,106,554.79,167.11,16.35,12.60,1,-1,-1,-1
248,2,0.78,226.68,286.87,141.42,1,-1,-1,-1
248,10,1095.98,153.10,142.47,48.59,1,-1,-1,-1
248,100,883.38,153.11,15.12,39.38,1,-1,-1,-1
248,103,1003.02,146.17,17.56,62.42,1,-1,-1,-1
248,106,553.59,167.23,16.82,12.95,1,-1,-1,-1
249,2,0.75,226.67,286.86,141.40,1,-1,-1,-1
249,10,1108.08,152.08,138.70,48.75,1,-1,-1,-1
249,100,883.36,152.95,15.19,39.56,1,-1,-1,-1
249,103,1003.01,146.44,17.49,62.25,1,-1,-1,-1
249,106,552.84,167.56,16.55,12.72,1,-1,-1,-1
250,2,0.69,226.59,287.00,141.47,1,-1,-1,-1
250,10,1121.98,151.67,130.96,47.96,1,-1,-1,-1
250,100,883.44,152.90,15.30,39.79,1,-1,-1,-1
250,103,1003.06,147.32,17.26,61.33,1,-1,-1,-1
250,106,551.65,167.49,16.68,12.80,1,-1,-1,-1
251,2,0.75,226.65,286.95,141.42,1,-1,-1,-1
251,10,1137.97,151.28,118.65,45.75,1,-1,-1,-1
251,100,883.32,152.94,15.29,39.75,1,-1,-1,-1
251,106,550.84,167.28,17.15,13.09,1,-1,-1,-1
252,2,0.74,226.66,286.90,141.38,1,-1,-1,-1
252,10,1161.97,156.75,90.78,37.03,1,-1,-1,-1
252,100,883.26,153.06,15.23,39.61,1,-1,-1,-1
252,106,550.09,167.51,16.97,12.84,1,-1,-1,-1
253,2,0.68,226.65,286.99,141.42,1,-1,-1,-1
253,100,883.33,152.99,15.22,39.58,1,-1,-1,-1
253,106,548.91,167.38,16.95,12.70,1,-1,-1,-1
253,108,574.37,167.62,15.14,12.35,1,-1,-1,-1
253,103,1002.98,147.04,17.34,61.72,1,-1,-1,-1
254,2,0.72,226.71,286.94,141.38,1,-1,-1,-1
254,100,883.41,152.97,15.17,39.45,1,-1,-1,-1
254,106,547.40,167.27,17.21,12.78,1,-1,-1,-1
255,2,0.65,226.61,287.16,141.49,1,-1,-1,-1
255,100,883.24,152.96,15.14,39.43,1,-1,-1,-1
255,106,546.38,167.24,17.30,12.74,1,-1,-1,-1
255,108,572.91,168.07,15.01,12.20,1,-1,-1,-1
256,2,0.63,226.62,287.15,141.48,1,-1,-1,-1
256,100,883.50,153.07,15.03,39.19,1,-1,-1,-1
256,106,544.76,166.97,17.71,12.97,1,-1,-1,-1
256,108,571.44,168.15,14.45,11.70,1,-1,-1,-1
257,2,0.68,226.67,287.04,141.42,1,-1,-1,-1
257,100,883.36,153.05,15.15,39.50,1,-1,-1,-1
257,106,542.03,166.67,18.83,13.66,1,-1,-1,-1
257,108,570.20,167.97,14.92,12.07,1,-1,-1,-1
258,2,0.65,226.68,287.08,141.43,1,-1,-1,-1
258,100,883.13,152.96,15.26,39.86,1,-1,-1,-1
258,106,539.70,166.56,19.62,14.00,1,-1,-1,-1
258,108,567.47,167.66,16.45,13.24,1,-1,-1,-1
259,2,0.70,226.71,286.99,141.37,1,-1,-1,-1
259,100,883.45,152.90,15.12,39.48,1,-1,-1,-1
259,106,537.48,166.51,20.31,14.22,1,-1,-1,-1
259,108,565.06,167.68,17.11,13.55,1,-1,-1,-1
260,2,0.59,226.58,287.21,141.49,1,-1,-1,-1
260,100,883.24,152.86,15.26,39.88,1,-1,-1,-1
260,106,535.23,166.44,21.48,14.85,1,-1,-1,-1
260,108,562.27,167.78,17.58,13.74,1,-1,-1,-1
261,2,0.65,226.66,287.09,141.42,1,-1,-1,-1
261,100,883.36,153.04,15.13,39.54,1,-1,-1,-1
261,106,534.05,166.65,21.39,14.71,1,-1,-1,-1
261,108,559.10,167.94,18.09,13.93,1,-1,-1,-1
262,2,0.61,226.65,287.11,141.43,1,-1,-1,-1
262,100,883.30,153.08,15.15,39.65,1,-1,-1,-1
262,106,532.43,166.73,21.50,14.59,1,-1,-1,-1
262,108,555.94,168.47,17.79,13.40,1,-1,-1,-1
263,2,0.56,226.59,287.26,141.51,1,-1,-1,-1
263,100,883.21,153.00,15.25,39.90,1,-1,-1,-1
263,106,530.12,166.35,21.98,14.91,1,-1,-1,-1
263,108,552.43,168.93,17.51,13.09,1,-1,-1,-1
264,2,0.63,226.61,287.16,141.45,1,-1,-1,-1
264,100,883.26,153.01,15.25,39.89,1,-1,-1,-1
264,106,527.60,166.81,22.51,15.27,1,-1,-1,-1
264,108,550.25,168.97,17.92,13.35,1,-1,-1,-1
265,2,0.59,226.59,287.18,141.47,1,-1,-1,-1
265,100,883.19,152.97,15.25,39.91,1,-1,-1,-1
266,2,0.56,226.58,287.23,141.50,1,-1,-1,-1
266,100,883.11,152.99,15.26,39.97,1,-1,-1,-1
266,108,539.96,168.60,19.42,14.03,1,-1,-1,-1
267,2,0.62,226.62,287.17,141.47,1,-1,-1,-1
267,100,883.18,153.02,15.25,39.88,1,-1,-1,-1
268,2,0.61,226.61,287.22,141.49,1,-1,-1,-1
268,100,883.21,152.86,15.41,40.24,1,-1,-1,-1
268,108,530.70,169.17,19.99,14.54,1,-1,-1,-1
269,2,0.55,226.58,287.35,141.56,1,-1,-1,-1
269,100,883.28,153.08,15.12,39.49,1,-1,-1,-1
270,2,0.64,226.64,287.19,141.48,1,-1,-1,-1
270,100,883.11,152.96,15.31,39.98,1,-1,-1,-1
271,2,0.63,226.66,287.14,141.45,1,-1,-1,-1
271,100,882.99,152.82,15.28,40.02,1,-1,-1,-1
271,106,505.26,167.34,27.37,17.61,1,-1,-1,-1
272,2,0.61,226.70,287.02,141.39,1,-1,-1,-1
272,100,883.14,153.07,15.14,39.69,1,-1,-1,-1
272,106,501.52,167.48,29.71,18.31,1,-1,-1,-1
272,110,568.87,167.44,16.29,12.40,1,-1,-1,-1
273,2,0.63,226.63,287.15,141.45,1,-1,-1,-1
273,100,883.17,153.08,15.24,39.90,1,-1,-1,-1
273,106,498.38,167.59,30.92,18.39,1,-1,-1,-1
274,2,0.60,226.59,287.17,141.46,1,-1,-1,-1
274,100,883.25,153.08,15.14,39.57,1,-1,-1,-1
274,106,493.68,167.34,31.35,18.56,1,-1,-1,-1
274,110,565.96,166.65,18.32,13.97,1,-1,-1,-1
275,2,0.52,226.56,287.29,141.54,1,-1,-1,-1
275,100,883.35,153.04,15.09,39.46,1,-1,-1,-1
275,106,489.68,168.22,30.44,17.94,1,-1,-1,-1
276,2,0.64,226.58,287.26,141.52,1,-1,-1,-1
276,100,883.29,153.07,15.11,39.55,1,-1,-1,-1
276,106,485.24,168.44,31.30,18.35,1,-1,-1,-1
277,2,0.57,226.57,287.27,141.53,1,-1,-1,-1
277,100,883.26,152.95,15.25,39.87,1,-1,-1,-1
277,106,480.54,168.72,32.15,18.90,1,-1,-1,-1
278,2,0.57,226.54,287.32,141.56,1,-1,-1,-1
278,100,883.35,152.92,15.19,39.68,1,-1,-1,-1
278,106,475.70,169.22,32.55,19.30,1,-1,-1,-1
278,110,559.75,167.48,18.34,13.95,1,-1,-1,-1
279,2,0.53,226.50,287.35,141.59,1,-1,-1,-1
279,100,883.36,152.89,15.22,39.76,1,-1,-1,-1
279,106,471.21,169.10,33.73,20.19,1,-1,-1,-1
279,110,557.53,167.62,18.74,14.24,1,-1,-1,-1
280,2,0.58,226.56,287.25,141.55,1,-1,-1,-1
280,100,883.15,152.87,15.27,39.94,1,-1,-1,-1
280,106,467.94,169.04,35.24,21.06,1,-1,-1,-1
280,110,556.00,168.35,17.97,13.57,1,-1,-1,-1
281,2,0.66,226.61,287.23,141.53,1,-1,-1,-1
281,100,883.18,152.86,15.31,40.04,1,-1,-1,-1
281,106,463.40,169.37,35.71,21.61,1,-1,-1,-1
281,110,553.06,168.04,19.08,14.40,1,-1,-1,-1
282,2,0.65,226.61,287.25,141.54,1,-1,-1,-1
282,100,883.15,153.06,15.23,39.89,1,-1,-1,-1
282,106,459.61,169.83,35.19,21.51,1,-1,-1,-1
282,110,550.52,168.24,19.17,14.41,1,-1,-1,-1
283,2,0.68,226.65,287.13,141.47,1,-1,-1,-1
283,100,883.45,153.06,15.16,39.73,1,-1,-1,-1
283,106,456.98,170.44,34.45,21.21,1,-1,-1,-1
283,110,548.37,167.98,19.38,14.35,1,-1,-1,-1
284,2,0.69,226.62,287.17,141.49,1,-1,-1,-1
284,100,883.44,152.98,15.18,39.78,1,-1,-1,-1
284,106,455.00,170.98,34.34,21.45,1,-1,-1,-1
285,2,0.68,226.69,287.05,141.42,1,-1,-1,-1
285,100,883.27,152.81,15.30,40.07,1,-1,-1,-1
285,106,452.37,170.97,35.15,22.32,1,-1,-1,-1
286,2,0.65,226.62,287.15,141.47,1,-1,-1,-1
286,100,883.41,152.91,15.14,39.63,1,-1,-1,-1
286,106,449.66,171.04,35.68,23.01,1,-1,-1,-1
286,112,445.00,170.25,19.06,17.56,1,-1,-1,-1
286,110,540.46,167.46,20.25,14.97,1,-1,-1,-1
287,2,0.68,226.70,287.04,141.41,1,-1,-1,-1
287,100,883.40,153.08,15.12,39.59,1,-1,-1,-1
287,106,447.11,170.96,36.45,23.92,1,-1,-1,-1
287,110,537.48,167.15,21.21,15.50,1,-1,-1,-1
288,2,0.64,226.63,287.19,141.49,1,-1,-1,-1
288,100,883.48,153.00,15.20,39.76,1,-1,-1,-1
288,106,444.68,171.39,36.43,24.21,1,-1,-1,-1
288,110,534.07,168.03,20.91,15.23,1,-1,-1,-1
288,112,439.21,171.28,19.36,17.81,1,-1,-1,-1
289,2,0.64,226.65,287.21,141.50,1,-1,-1,-1
289,100,883.35,153.06,15.10,39.55,1,-1,-1,-1
289,106,442.36,172.02,36.47,24.47,1,-1,-1,-1
289,110,530.74,168.36,21.22,15.43,1,-1,-1,-1
290,2,0.60,226.63,287.26,141.53,1,-1,-1,-1
290,100,883.56,152.96,15.14,39.62,1,-1,-1,-1
290,106,439.98,171.70,37.49,25.49,1,-1,-1,-1
290,110,527.90,168.26,21.32,15.77,1,-1,-1,-1
291,2,0.56,226.59,287.29,141.55,1,-1,-1,-1
291,100,883.60,153.03,15.04,39.35,1,-1,-1,-1
291,106,437.46,171.97,37.90,26.03,1,-1,-1,-1
291,110,525.24,168.66,21.36,15.85,1,-1,-1,-1
292,2,0.59,226.66,287.17,141.50,1,-1,-1,-1
292,100,883.53,153.12,15.00,39.26,1,-1,-1,-1
292,106,435.39,172.51,37.96,26.30,1,-1,-1,-1
292,110,522.50,168.71,21.71,16.17,1,-1,-1,-1
293,2,0.58,226.60,287.28,141.56,1,-1,-1,-1
293,100,883.47,153.14,15.03,39.32,1,-1,-1,-1
293,106,433.67,172.97,38.03,26.52,1,-1,-1,-1
293,112,422.19,171.64,22.15,20.22,1,-1,-1,-1
294,2,0.61,226.63,287.24,141.54,1,-1,-1,-1
294,100,883.23,153.00,15.02,39.43,1,-1,-1,-1
294,106,431.41,173.24,38.68,27.15,1,-1,-1,-1
295,2,0.62,226.65,287.21,141.52,1,-1,-1,-1
295,100,883.49,153.09,14.91,39.12,1,-1,-1,-1
295,106,429.36,173.34,39.39,27.81,1,-1,-1,-1
296,2,0.60,226.62,287.26,141.56,1,-1,-1,-1
296,100,883.56,153.10,14.89,39.01,1,-1,-1,-1
296,106,427.45,173.50,40.12,28.51,1,-1,-1,-1
297,2,0.55,226.57,287.33,141.61,1,-1,-1,-1
297,100,883.39,152.91,15.10,39.62,1,-1,-1,-1
297,106,425.85,173.56,40.84,29.26,1,-1,-1,-1
297,112,412.21,171.01,24.26,21.73,1,-1,-1,-1
298,2,0.56,226.56,287.29,141.60,1,-1,-1,-1
298,100,883.42,152.98,15.07,39.49,1,-1,-1,-1
298,106,424.78,173.51,41.64,30.14,1,-1,-1,-1
298,112,408.00,171.00,25.69,22.28,1,-1,-1,-1
299,2,0.57,226.54,287.30,141.61,1,-1,-1,-1
299,100,883.58,153.22,14.91,39.07,1,-1,-1,-1
299,106,424.41,173.62,42.03,30.68,1,-1,-1,-1
299,112,404.60,171.05,26.77,22.57,1,-1,-1,-1
300,2,0.64,226.62,287.18,141.55,1,-1,-1,-1
300,100,883.49,153.10,14.91,39.16,1,-1,-1,-1
300,106,424.76,173.76,43.11,31.63,1,-1,-1,-1
300,112,401.88,171.04,27.46,22.48,1,-1,-1,-1
300,110,493.17,169.61,23.91,17.08,1,-1,-1,-1
301,2,0.53,226.53,287.35,141.65,1,-1,-1,-1
301,100,883.42,153.01,14.96,39.34,1,-1,-1,-1
301,106,425.69,173.48,44.59,32.83,1,-1,-1,-1
301,112,398.29,171.28,28.49,22.64,1,-1,-1,-1
301,110,487.56,169.95,24.42,17.23,1,-1,-1,-1
302,2,0.63,226.61,287.24,141.59,1,-1,-1,-1
302,100,883.58,153.16,14.91,39.15,1,-1,-1,-1
302,106,427.07,173.32,46.51,34.10,1,-1,-1,-1
302,112,394.52,171.73,28.92,22.27,1,-1,-1,-1
302,110,484.03,170.05,25.01,17.51,1,-1,-1,-1
303,2,0.48,226.46,287.48,141.73,1,-1,-1,-1
303,100,883.48,153.06,14.93,39.22,1,-1,-1,-1
303,106,429.72,173.01,48.61,35.25,1,-1,-1,-1
303,112,390.82,171.93,30.30,22.77,1,-1,-1,-1
303,110,480.37,170.51,25.32,17.69,1,-1,-1,-1
304,2,0.48,226.45,287.39,141.71,1,-1,-1,-1
304,100,883.58,153.07,14.92,39.19,1,-1,-1,-1
304,106,433.66,173.03,50.49,35.92,1,-1,-1,-1
304,112,388.02,172.50,30.52,22.36,1,-1,-1,-1
304,110,478.42,170.81,26.35,18.38,1,-1,-1,-1
305,2,0.56,226.49,287.30,141.67,1,-1,-1,-1
305,100,883.52,153.13,14.94,39.18,1,-1,-1,-1
305,106,439.17,172.75,52.63,36.46,1,-1,-1,-1
305,112,384.06,172.21,31.86,22.97,1,-1,-1,-1
306,2,0.46,226.43,287.48,141.78,1,-1,-1,-1
306,100,883.51,153.07,15.05,39.43,1,-1,-1,-1
306,106,444.80,171.50,56.48,38.05,1,-1,-1,-1
306,112,380.09,172.62,33.00,23.38,1,-1,-1,-1
307,2,0.53,226.45,287.43,141.77,1,-1,-1,-1
307,100,883.62,153.06,15.03,39.38,1,-1,-1,-1
307,106,452.72,170.90,60.18,39.12,1,-1,-1,-1
307,112,375.88,172.74,34.81,24.43,1,-1,-1,-1
308,2,0.50,226.39,287.41,141.78,1,-1,-1,-1
308,100,883.76,153.17,14.87,38.88,1,-1,-1,-1
308,106,462.01,170.67,63.65,39.72,1,-1,-1,-1
308,112,371.61,172.53,35.91,25.01,1,-1,-1,-1
309,2,0.47,226.30,287.54,141.87,1,-1,-1,-1
309,100,883.63,153.02,15.03,39.27,1,-1,-1,-1
309,106,473.27,170.26,67.93,40.62,1,-1,-1,-1
309,112,368.86,173.09,35.81,24.58,1,-1,-1,-1
310,2,0.60,226.44,287.24,141.73,1,-1,-1,-1
310,100,883.69,152.99,15.01,39.23,1,-1,-1,-1
310,106,486.53,170.16,72.21,41.29,1,-1,-1,-1
310,112,365.12,173.26,35.68,24.23,1,-1,-1,-1
310,110,461.02,170.93,29.17,20.95,1,-1,-1,-1
311,2,0.58,226.41,287.38,141.81,1,-1,-1,-1
311,100,883.67,152.95,15.16,39.57,1,-1,-1,-1
311,106,501.68,170.15,76.55,41.88,1,-1,-1,-1
311,112,360.79,172.91,37.53,25.34,1,-1,-1,-1
311,110,459.65,170.98,29.35,21.34,1,-1,-1,-1
312,2,0.61,226.43,287.35,141.80,1,-1,-1,-1
312,100,883.54,152.81,15.22,39.73,1,-1,-1,-1
312,106,518.69,170.11,80.82,42.31,1,-1,-1,-1
312,112,356.15,172.63,39.66,26.65,1,-1,-1,-1
312,110,458.02,171.12,29.52,21.72,1,-1,-1,-1
313,2,0.56,226.36,287.40,141.84,1,-1,-1,-1
313,100,883.49,152.81,15.17,39.63,1,-1,-1,-1
313,106,536.91,169.89,85.69,43.07,1,-1,-1,-1
313,112,351.54,172.58,41.39,27.73,1,-1,-1,-1
313,110,456.15,171.16,29.84,22.18,1,-1,-1,-1
314,2,0.65,226.44,287.22,141.75,1,-1,-1,-1
314,100,883.50,152.83,15.18,39.66,1,-1,-1,-1
314,106,556.65,169.81,89.99,43.43,1,-1,-1,-1
314,112,346.48,172.68,43.59,29.14,1,-1,-1,-1
314,110,454.27,171.28,30.17,22.57,1,-1,-1,-1
315,2,0.58,226.40,287.37,141.84,1,-1,-1,-1
315,100,883.56,153.00,15.00,39.19,1,-1,-1,-1
315,106,577.81,169.04,95.09,44.32,1,-1,-1,-1
315,112,341.71,172.55,45.42,30.41,1,-1,-1,-1
315,110,452.72,171.49,30.42,22.95,1,-1,-1,-1
315,114,544.62,172.26,9.68,23.21,1,-1,-1,-1
316,2,0.62,226.42,287.32,141.82,1,-1,-1,-1
316,100,883.63,153.20,14.75,38.58,1,-1,-1,-1
316,106,600.97,168.72,98.60,44.45,1,-1,-1,-1
316,112,336.77,172.57,46.72,31.31,1,-1,-1,-1
316,110,451.12,171.79,30.67,23.28,1,-1,-1,-1
317,2,0.63,226.47,287.22,141.78,1,-1,-1,-1
317,100,883.75,153.33,14.69,38.35,1,-1,-1,-1
317,106,625.35,168.33,102.00,44.57,1,-1,-1,-1
317,112,331.76,172.68,48.26,32.32,1,-1,-1,-1
317,110,449.26,171.83,31.01,23.73,1,-1,-1,-1
318,2,0.58,226.38,287.33,141.85,1,-1,-1,-1
318,100,883.62,153.29,14.74,38.50,1,-1,-1,-1
318,106,650.31,167.98,105.33,44.78,1,-1,-1,-1
318,112,326.75,173.15,49.25,32.86,1,-1,-1,-1
318,110,447.23,171.96,31.69,24.39,1,-1,-1,-1
319,2,0.59,226.36,287.32,141.86,1,-1,-1,-1
319,100,883.54,153.14,14.94,38.98,1,-1,-1,-1
319,106,676.03,167.29,108.18,44.84,1,-1,-1,-1
319,112,321.27,173.27,50.38,33.53,1,-1,-1,-1
319,110,445.84,172.17,31.99,24.70,1,-1,-1,-1
320,2,0.64,226.43,287.15,141.77,1,-1,-1,-1
320,100,883.54,153.27,15.10,39.32,1,-1,-1,-1
320,106,701.77,166.68,111.28,45.07,1,-1,-1,-1
320,112,315.64,173.20,51.99,34.49,1,-1,-1,-1
320,110,444.39,172.19,32.39,25.10,1,-1,-1,-1
321,2,0.63,226.35,287.22,141.82,1,-1,-1,-1
321,100,883.46,153.14,15.18,39.53,1,-1,-1,-1
321,106,728.43,165.99,112.89,44.68,1,-1,-1,-1
321,112,311.07,173.59,52.10,34.43,1,-1,-1,-1
321,110,442.79,172.47,32.61,25.35,1,-1,-1,-1
322,2,0.70,226.39,287.07,141.75,1,-1,-1,-1
322,100,884.10,153.56,14.58,38.03,1,-1,-1,-1
322,106,754.72,165.24,115.85,44.96,1,-1,-1,-1
322,112,306.28,173.61,53.23,35.31,1,-1,-1,-1
322,110,441.27,172.48,33.25,25.96,1,-1,-1,-1
323,2,0.78,226.47,286.91,141.66,1,-1,-1,-1
323,106,781.01,164.51,118.72,45.26,1,-1,-1,-1
323,112,301.28,173.35,54.70,36.61,1,-1,-1,-1
323,110,439.62,172.49,33.81,26.53,1,-1,-1,-1
324,2,0.75,226.49,286.94,141.66,1,-1,-1,-1
324,106,808.57,164.03,119.95,44.93,1,-1,-1,-1
324,112,294.37,173.75,55.52,37.12,1,-1,-1,-1
324,110,438.34,172.61,34.23,26.96,1,-1,-1,-1
325,2,0.81,226.56,286.82,141.59,1,-1,-1,-1
325,106,834.74,163.19,122.38,45.00,1,-1,-1,-1
325,112,282.67,173.77,60.60,40.35,1,-1,-1,-1
325,110,437.23,172.86,34.49,27.27,1,-1,-1,-1
326,2,0.75,226.50,286.90,141.62,1,-1,-1,-1
326,106,859.16,162.20,125.68,45.72,1,-1,-1,-1
326,112,273.98,173.91,62.07,40.97,1,-1,-1,-1
326,110,436.47,172.89,34.67,27.54,1,-1,-1,-1
327,2,0.76,226.54,286.88,141.60,1,-1,-1,-1
327,106,882.64,160.89,128.84,46.64,1,-1,-1,-1
327,112,264.61,174.57,64.62,42.20,1,-1,-1,-1
327,110,436.07,172.96,35.03,27.98,1,-1,-1,-1
328,2,0.77,226.48,287.00,141.66,1,-1,-1,-1
328,106,900.84,160.20,127.78,46.93,1,-1,-1,-1
328,112,254.99,175.08,67.40,43.49,1,-1,-1,-1
328,110,436.24,172.92,35.65,28.67,1,-1,-1,-1
328,100,883.31,153.16,15.10,39.39,1,-1,-1,-1
329,2,0.83,226.53,286.94,141.60,1,-1,-1,-1
329,106,935.85,158.43,134.26,48.67,1,-1,-1,-1
329,112,244.42,175.29,70.91,45.28,1,-1,-1,-1
329,110,436.64,172.71,36.58,29.62,1,-1,-1,-1
329,100,883.58,153.36,14.94,39.01,1,-1,-1,-1
330,2,0.82,226.53,286.88,141.56,1,-1,-1,-1
330,106,967.82,157.44,137.28,49.09,1,-1,-1,-1
330,112,235.06,176.22,73.51,46.08,1,-1,-1,-1
330,110,437.72,172.71,37.46,30.40,1,-1,-1,-1
330,100,883.47,153.07,14.99,39.07,1,-1,-1,-1
331,2,0.71,226.48,287.05,141.65,1,-1,-1,-1
331,106,1002.20,157.35,136.12,48.11,1,-1,-1,-1
331,112,225.77,176.70,78.17,47.61,1,-1,-1,-1
331,110,439.08,172.72,38.22,30.91,1,-1,-1,-1
331,100,883.58,153.08,15.08,39.13,1,-1,-1,-1
332,2,0.69,226.46,287.14,141.69,1,-1,-1,-1
332,106,1022.62,156.57,141.49,48.90,1,-1,-1,-1
332,112,216.41,176.83,83.28,48.91,1,-1,-1,-1
332,110,441.15,172.76,39.37,31.48,1,-1,-1,-1
332,100,883.59,153.02,15.08,39.11,1,-1,-1,-1
333,2,0.61,226.37,287.30,141.79,1,-1,-1,-1
333,106,1052.90,155.40,142.78,48.53,1,-1,-1,-1
333,112,198.05,177.60,86.49,50.11,1,-1,-1,-1
333,110,443.52,172.35,40.87,32.31,1,-1,-1,-1
333,100,883.60,152.96,15.18,39.31,1,-1,-1,-1
334,2,0.59,226.37,287.35,141.83,1,-1,-1,-1
334,106,1077.96,154.36,140.62,48.00,1,-1,-1,-1
334,112,183.49,177.77,90.18,51.92,1,-1,-1,-1
334,110,446.85,172.31,42.16,32.72,1,-1,-1,-1
334,100,883.51,152.99,15.06,39.01,1,-1,-1,-1
335,2,0.64,226.36,287.23,141.77,1,-1,-1,-1
335,106,1092.96,152.74,142.28,49.15,1,-1,-1,-1
335,112,164.26,178.18,96.37,54.73,1,-1,-1,-1
335,110,450.84,172.13,44.06,33.41,1,-1,-1,-1
335,100,883.55,153.14,15.03,38.86,1,-1,-1,-1
336,2,0.75,226.46,287.01,141.65,1,-1,-1,-1
336,106,1109.77,151.99,137.65,48.91,1,-1,-1,-1
336,112,142.26,178.22,106.64,59.99,1,-1,-1,-1
336,110,455.37,171.64,46.11,34.11,1,-1,-1,-1
336,100,883.42,153.02,15.07,38.96,1,-1,-1,-1
337,2,0.94,226.65,286.61,141.42,1,-1,-1,-1
337,106,1125.18,151.64,131.73,48.90,1,-1,-1,-1
337,112,121.86,178.66,112.72,62.41,1,-1,-1,-1
337,110,461.10,171.41,48.36,34.83,1,-1,-1,-1
337,100,883.48,153.10,15.02,38.81,1,-1,-1,-1
338,2,1.04,226.77,286.39,141.28,1,-1,-1,-1
338,106,1144.29,152.17,118.02,46.41,1,-1,-1,-1
338,112,99.48,179.14,119.73,65.15,1,-1,-1,-1
338,110,467.31,171.40,50.34,35.22,1,-1,-1,-1
338,100,883.41,153.05,15.17,39.09,1,-1,-1,-1
339,2,1.04,226.81,286.39,141.24,1,-1,-1,-1
339,112,74.49,179.43,126.30,67.26,1,-1,-1,-1
339,110,474.25,170.92,52.84,35.96,1,-1,-1,-1
339,100,883.40,153.06,15.17,39.10,1,-1,-1,-1
340,2,0.89,226.63,286.75,141.42,1,-1,-1,-1
340,112,49.91,180.39,129.84,66.95,1,-1,-1,-1
340,110,482.32,170.49,55.89,36.91,1,-1,-1,-1
340,100,883.51,153.10,15.24,39.18,1,-1,-1,-1
341,2,0.88,226.59,286.82,141.45,1,-1,-1,-1
341,112,21.91,180.61,134.60,67.95,1,-1,-1,-1
341,110,490.64,170.30,58.67,37.58,1,-1,-1,-1
341,100,883.60,153.20,14.98,38.50,1,-1,-1,-1
342,2,0.92,226.70,286.69,141.36,1,-1,-1,-1
342,112,6.11,181.10,135.57,67.84,1,-1,-1,-1
342,110,500.55,170.23,61.41,38.13,1,-1,-1,-1
342,100,883.65,153.19,15.01,38.51,1,-1,-1,-1
343,2,0.92,226.67,286.83,141.41,1,-1,-1,-1
343,112,-2.44,182.30,125.80,62.88,1,-1,-1,-1
343,110,511.23,170.23,63.96,38.46,1,-1,-1,-1
343,100,883.51,153.06,15.18,38.99,1,-1,-1,-1
344,2,-0.31,225.33,289.20,142.76,1,-1,-1,-1
344,112,-8.95,183.52,107.78,54.54,1,-1,-1,-1
344,110,522.43,169.96,66.97,39.04,1,-1,-1,-1
344,100,883.57,153.01,15.11,38.85,1,-1,-1,-1
344,115,1000.31,148.05,20.11,61.48,1,-1,-1,-1
345,2,0.40,226.10,287.74,142.03,1,-1,-1,-1
345,112,-17.17,185.83,88.23,46.49,1,-1,-1,-1
345,110,534.21,169.69,70.41,39.91,1,-1,-1,-1
345,100,883.26,152.94,15.44,39.63,1,-1,-1,-1
345,115,1000.06,148.32,20.08,61.33,1,-1,-1,-1
345,117,116.93,192.30,82.75,54.77,1,-1,-1,-1
346,2,0.53,226.30,287.39,141.86,1,-1,-1,-1
346,110,547.24,169.44,73.39,40.47,1,-1,-1,-1
346,100,883.45,152.99,15.32,39.29,1,-1,-1,-1
346,115,999.98,148.79,19.89,60.68,1,-1,-1,-1
346,118,517.90,171.83,11.77,25.33,1,-1,-1,-1
347,2,0.13,225.73,288.25,142.36,1,-1,-1,-1
347,110,561.02,169.38,76.39,40.99,1,-1,-1,-1
347,100,883.50,152.97,15.28,39.19,1,-1,-1,-1
348,2,0.14,225.79,288.17,142.37,1,-1,-1,-1
348,110,575.18,168.87,80.15,41.97,1,-1,-1,-1
348,100,883.69,153.25,14.85,38.16,1,-1,-1,-1
348,114,544.58,172.43,9.63,23.14,1,-1,-1,-1
349,2,0.50,226.15,287.49,142.03,1,-1,-1,-1
349,110,590.59,168.61,83.28,42.64,1,-1,-1,-1
349,100,883.61,153.20,15.02,38.63,1,-1,-1,-1
350,2,0.65,226.32,287.18,141.87,1,-1,-1,-1
350,110,607.10,168.70,85.64,42.83,1,-1,-1,-1
350,100,883.68,153.33,14.76,38.01,1,-1,-1,-1
351,2,0.67,226.38,287.14,141.85,1,-1,-1,-1
351,110,624.03,168.29,88.59,43.39,1,-1,-1,-1
351,100,883.77,153.39,14.74,38.02,1,-1,-1,-1
352,2,0.71,226.38,287.13,141.84,1,-1,-1,-1
352,110,641.98,167.97,90.84,43.60,1,-1,-1,-1
352,100,883.81,153.50,14.69,37.86,1,-1,-1,-1
353,2,0.73,226.46,286.94,141.74,1,-1,-1,-1
353,110,660.84,167.83,92.83,43.67,1,-1,-1,-1
353,100,883.67,153.49,14.73,38.05,1,-1,-1,-1
354,2,0.69,226.42,286.99,141.77,1,-1,-1,-1
354,110,680.85,167.40,94.49,43.55,1,-1,-1,-1
354,100,883.69,153.34,14.86,38.46,1,-1,-1,-1
355,2,0.80,226.53,286.82,141.66,1,-1,-1,-1
355,110,700.52,166.92,97.12,43.99,1,-1,-1,-1
355,100,883.57,153.18,15.16,39.17,1,-1,-1,-1
356,2,0.85,226.57,286.79,141.63,1,-1,-1,-1
356,110,721.49,166.43,99.09,44.12,1,-1,-1,-1
356,100,883.56,153.31,15.01,38.79,1,-1,-1,-1
357,2,0.83,226.53,286.85,141.65,1,-1,-1,-1
357,110,742.24,165.46,102.44,44.99,1,-1,-1,-1
357,100,883.45,153.19,15.21,39.30,1,-1,-1,-1
358,2,0.85,226.54,286.77,141.60,1,-1,-1,-1
358,110,764.22,164.97,104.08,45.03,1,-1,-1,-1
358,100,883.65,153.39,15.09,38.97,1,-1,-1,-1
359,2,0.82,226.54,286.82,141.61,1,-1,-1,-1
359,110,787.35,164.27,105.64,45.07,1,-1,-1,-1
360,2,0.78,226.50,286.92,141.65,1,-1,-1,-1
360,110,810.23,163.82,107.02,45.03,1,-1,-1,-1
361,2,0.72,226.51,286.95,141.66,1,-1,-1,-1
361,110,832.49,163.27,109.39,45.39,1,-1,-1,-1
362,2,0.79,226.53,286.90,141.62,1,-1,-1,-1
362,110,854.72,162.54,112.19,45.94,1,-1,-1,-1
363,2,0.84,226.59,286.73,141.51,1,-1,-1,-1
363,110,876.03,161.91,115.07,46.74,1,-1,-1,-1
364,2,0.77,226.48,286.90,141.60,1,-1,-1,-1
364,110,896.55,161.10,116.92,47.39,1,-1,-1,-1
364,100,882.98,153.31,15.45,40.17,1,-1,-1,-1
365,2,0.86,226.65,286.78,141.51,1,-1,-1,-1
365,110,921.82,160.46,118.54,47.52,1,-1,-1,-1
365,100,883.54,153.39,15.13,39.34,1,-1,-1,-1
366,2,0.79,226.62,286.86,141.54,1,-1,-1,-1
366,110,943.98,158.46,123.33,49.15,1,-1,-1,-1
366,100,883.71,153.37,14.80,38.56,1,-1,-1,-1
367,2,0.70,226.52,287.05,141.63,1,-1,-1,-1
367,110,966.67,157.23,125.24,49.61,1,-1,-1,-1
367,100,883.83,153.39,14.59,38.06,1,-1,-1,-1
368,2,0.70,226.61,286.90,141.55,1,-1,-1,-1
368,110,991.37,157.36,124.58,49.09,1,-1,-1,-1
368,100,884.04,153.53,14.36,37.39,1,-1,-1,-1
369,2,0.69,226.56,286.98,141.58,1,-1,-1,-1
369,110,1011.80,156.96,124.61,48.60,1,-1,-1,-1
369,100,883.87,153.39,14.43,37.62,1,-1,-1,-1
370,2,0.76,226.62,286.86,141.50,1,-1,-1,-1
370,110,1036.55,155.93,122.56,47.47,1,-1,-1,-1
370,100,883.92,153.29,14.65,38.13,1,-1,-1,-1
371,2,0.72,226.62,286.89,141.51,1,-1,-1,-1
371,110,1058.15,154.67,122.58,47.07,1,-1,-1,-1
371,100,883.81,153.20,14.80,38.46,1,-1,-1,-1
372,2,0.70,226.58,286.99,141.56,1,-1,-1,-1
372,110,1079.36,153.66,122.41,46.62,1,-1,-1,-1
372,100,883.90,153.20,14.56,37.85,1,-1,-1,-1
373,2,0.75,226.65,286.89,141.49,1,-1,-1,-1
373,110,1098.79,152.80,122.70,46.55,1,-1,-1,-1
373,100,883.65,153.23,14.83,38.56,1,-1,-1,-1
374,2,0.64,226.55,287.12,141.61,1,-1,-1,-1
374,110,1112.99,151.30,121.82,46.87,1,-1,-1,-1
374,100,883.72,153.17,14.93,38.76,1,-1,-1,-1
375,2,0.70,226.61,287.02,141.55,1,-1,-1,-1
375,110,1127.04,150.64,115.68,45.65,1,-1,-1,-1
375,100,883.64,153.09,14.93,38.78,1,-1,-1,-1
