2,189,623.73,170.05,16.73,12.88,1,-1,-1,-1
4,190,637.87,168.98,16.49,13.46,1,-1,-1,-1
5,190,636.82,169.26,16.75,13.68,1,-1,-1,-1
6,190,635.93,169.18,16.39,13.36,1,-1,-1,-1
6,189,617.95,169.15,17.87,13.83,1,-1,-1,-1
7,189,616.02,168.47,17.93,13.89,1,-1,-1,-1
12,191,389.25,179.90,12.53,26.89,1,-1,-1,-1
13,192,587.28,169.14,19.75,14.14,1,-1,-1,-1
13,190,630.49,168.29,18.11,14.74,1,-1,-1,-1
13,189,611.69,169.58,17.12,13.30,1,-1,-1,-1
14,192,587.18,169.55,18.96,13.58,1,-1,-1,-1
14,190,628.86,167.39,18.27,14.85,1,-1,-1,-1
14,189,609.94,168.35,18.13,14.21,1,-1,-1,-1
15,192,584.14,168.67,20.73,14.91,1,-1,-1,-1
15,190,628.04,167.08,18.72,15.22,1,-1,-1,-1
15,189,609.08,167.96,18.65,14.76,1,-1,-1,-1
16,192,581.23,169.59,20.85,15.02,1,-1,-1,-1
16,190,627.94,167.57,19.18,15.60,1,-1,-1,-1
16,189,609.21,169.12,17.76,14.15,1,-1,-1,-1
17,192,579.10,171.54,20.54,14.81,1,-1,-1,-1
17,190,627.74,169.24,18.68,15.21,1,-1,-1,-1
17,189,608.89,170.47,17.73,14.21,1,-1,-1,-1
18,192,576.18,172.53,21.28,15.35,1,-1,-1,-1
18,190,628.07,170.00,19.15,15.68,1,-1,-1,-1
18,189,608.53,170.83,18.22,14.68,1,-1,-1,-1
19,192,573.11,172.10,21.84,15.74,1,-1,-1,-1
19,190,628.32,169.20,19.35,15.90,1,-1,-1,-1
19,189,608.03,169.89,18.62,15.16,1,-1,-1,-1
20,192,569.40,170.87,22.39,16.15,1,-1,-1,-1
20,190,628.73,167.93,19.33,15.85,1,-1,-1,-1
20,189,607.85,168.19,19.05,15.59,1,-1,-1,-1
21,192,565.43,169.87,23.03,16.58,1,-1,-1,-1
21,190,628.78,165.80,20.24,16.59,1,-1,-1,-1
21,189,607.74,167.42,18.76,15.39,1,-1,-1,-1
22,192,560.67,169.56,25.05,18.04,1,-1,-1,-1
22,190,628.60,165.34,20.83,17.21,1,-1,-1,-1
22,189,607.66,166.76,19.50,16.02,1,-1,-1,-1
23,192,556.62,170.34,26.09,18.76,1,-1,-1,-1
23,190,629.49,166.36,20.18,16.75,1,-1,-1,-1
23,189,607.66,167.59,18.87,15.47,1,-1,-1,-1
24,192,551.63,171.67,27.69,19.87,1,-1,-1,-1
24,190,630.11,167.86,19.45,16.18,1,-1,-1,-1
24,189,607.90,169.13,17.95,14.62,1,-1,-1,-1
25,192,546.80,173.14,29.03,20.80,1,-1,-1,-1
25,190,630.22,168.38,19.78,16.56,1,-1,-1,-1
25,189,607.67,170.06,18.22,14.81,1,-1,-1,-1
26,192,540.56,174.20,31.05,22.14,1,-1,-1,-1
26,190,629.77,169.38,19.52,16.50,1,-1,-1,-1
26,189,606.42,171.19,18.60,15.12,1,-1,-1,-1
27,192,533.81,175.03,32.70,23.19,1,-1,-1,-1
27,190,628.97,169.74,19.40,16.52,1,-1,-1,-1
27,189,605.30,171.41,19.34,15.76,1,-1,-1,-1
28,192,525.17,175.60,35.14,24.81,1,-1,-1,-1
28,190,628.53,169.61,19.95,17.18,1,-1,-1,-1
28,189,604.22,171.61,19.71,16.00,1,-1,-1,-1
29,192,516.09,175.61,37.67,26.51,1,-1,-1,-1
29,190,628.41,169.58,19.84,17.09,1,-1,-1,-1
29,189,603.24,171.80,19.45,15.69,1,-1,-1,-1
30,192,505.43,175.32,40.66,28.41,1,-1,-1,-1
30,190,628.54,169.09,19.79,17.15,1,-1,-1,-1
30,189,602.24,170.41,19.95,16.04,1,-1,-1,-1
31,192,493.42,175.12,44.12,30.54,1,-1,-1,-1
31,190,627.84,168.36,19.69,17.06,1,-1,-1,-1
31,189,601.13,169.85,20.12,16.05,1,-1,-1,-1
32,192,477.53,174.37,49.24,34.01,1,-1,-1,-1
32,190,626.67,167.01,20.36,17.68,1,-1,-1,-1
32,189,599.57,168.61,20.86,16.51,1,-1,-1,-1
33,192,459.84,174.80,55.56,38.06,1,-1,-1,-1
33,190,625.97,167.46,20.21,17.47,1,-1,-1,-1
33,189,597.87,168.99,20.89,16.51,1,-1,-1,-1
34,192,438.38,176.44,62.69,42.44,1,-1,-1,-1
34,190,624.96,167.68,20.94,18.16,1,-1,-1,-1
34,189,595.47,169.04,22.01,17.40,1,-1,-1,-1
35,192,409.45,177.93,74.36,49.88,1,-1,-1,-1
35,190,624.56,167.96,21.40,18.72,1,-1,-1,-1
35,189,593.95,169.81,22.44,17.80,1,-1,-1,-1
36,192,371.59,180.02,89.90,59.48,1,-1,-1,-1
36,190,624.36,168.60,21.38,18.77,1,-1,-1,-1
36,189,593.04,170.49,22.66,17.95,1,-1,-1,-1
37,192,317.08,182.53,112.41,72.96,1,-1,-1,-1
37,190,624.44,169.29,20.83,18.33,1,-1,-1,-1
37,189,592.45,171.05,22.72,17.94,1,-1,-1,-1
37,196,453.94,177.89,9.59,22.59,1,-1,-1,-1
38,192,231.01,186.35,149.26,94.14,1,-1,-1,-1
38,190,624.12,168.91,21.81,19.30,1,-1,-1,-1
38,189,590.98,170.19,24.41,19.38,1,-1,-1,-1
39,192,100.01,192.31,216.23,134.91,1,-1,-1,-1
39,190,623.86,169.08,22.25,19.80,1,-1,-1,-1
39,189,590.34,170.66,24.67,19.50,1,-1,-1,-1
40,192,4.39,205.70,226.95,149.19,1,-1,-1,-1
40,190,623.18,168.63,22.62,20.30,1,-1,-1,-1
40,189,589.33,169.76,25.74,20.39,1,-1,-1,-1
41,190,623.43,167.99,21.85,19.66,1,-1,-1,-1
41,189,588.60,168.61,25.85,20.53,1,-1,-1,-1
41,200,422.05,181.13,10.39,25.91,1,-1,-1,-1
42,190,623.75,167.52,21.66,19.47,1,-1,-1,-1
42,189,588.09,168.76,25.28,19.98,1,-1,-1,-1
43,190,623.56,167.38,21.84,19.62,1,-1,-1,-1
43,189,587.15,168.95,25.38,19.98,1,-1,-1,-1
44,190,623.12,167.83,21.82,19.49,1,-1,-1,-1
44,189,585.24,168.79,25.83,20.41,1,-1,-1,-1
45,190,621.57,167.93,22.15,19.78,1,-1,-1,-1
45,189,583.11,168.92,26.14,20.73,1,-1,-1,-1
46,190,620.21,168.20,22.58,20.13,1,-1,-1,-1
46,189,581.20,168.78,27.41,21.68,1,-1,-1,-1
47,190,618.90,169.13,22.70,20.25,1,-1,-1,-1
47,189,579.22,170.00,27.65,21.79,1,-1,-1,-1
48,190,618.90,170.36,22.59,19.95,1,-1,-1,-1
48,189,577.52,171.01,27.66,21.75,1,-1,-1,-1
49,190,617.65,170.53,23.10,20.32,1,-1,-1,-1
49,189,575.64,170.46,28.61,22.51,1,-1,-1,-1
50,190,616.67,169.34,24.20,21.20,1,-1,-1,-1
50,189,573.16,170.30,28.59,22.57,1,-1,-1,-1
51,190,615.65,168.62,24.58,21.55,1,-1,-1,-1
51,189,571.16,169.84,28.94,22.92,1,-1,-1,-1
52,190,615.36,169.00,24.33,21.26,1,-1,-1,-1
52,189,570.07,170.95,28.18,22.32,1,-1,-1,-1
53,190,614.59,169.57,24.32,21.30,1,-1,-1,-1
53,189,569.11,171.95,27.86,21.98,1,-1,-1,-1
54,190,613.95,169.42,24.76,21.71,1,-1,-1,-1
54,189,567.45,171.97,28.30,22.38,1,-1,-1,-1
55,190,613.49,167.17,26.37,23.13,1,-1,-1,-1
55,189,566.00,170.92,28.96,22.96,1,-1,-1,-1
56,190,613.26,165.81,26.47,23.20,1,-1,-1,-1
56,189,564.78,169.45,29.65,23.56,1,-1,-1,-1
57,190,613.07,164.53,26.60,23.35,1,-1,-1,-1
57,189,563.51,168.33,30.08,23.96,1,-1,-1,-1
58,190,612.87,163.90,26.82,23.57,1,-1,-1,-1
58,189,562.24,168.11,30.44,24.30,1,-1,-1,-1
59,190,613.08,164.64,27.02,23.70,1,-1,-1,-1
59,189,561.11,168.86,30.77,24.56,1,-1,-1,-1
59,201,586.59,167.93,14.50,19.39,1,-1,-1,-1
60,190,613.33,166.37,26.81,23.46,1,-1,-1,-1
60,189,560.32,170.33,30.71,24.44,1,-1,-1,-1
60,201,583.95,168.25,15.42,20.57,1,-1,-1,-1
60,202,597.21,167.19,17.39,16.66,1,-1,-1,-1
61,190,613.23,167.52,27.34,23.99,1,-1,-1,-1
61,189,558.79,171.16,31.42,24.96,1,-1,-1,-1
61,201,583.32,169.16,16.10,21.45,1,-1,-1,-1
62,190,613.38,169.25,27.23,23.86,1,-1,-1,-1
62,189,557.27,172.60,32.34,25.64,1,-1,-1,-1
62,201,582.18,170.88,16.20,21.43,1,-1,-1,-1
63,190,613.47,171.12,27.09,23.68,1,-1,-1,-1
63,189,555.68,173.98,33.45,26.52,1,-1,-1,-1
63,201,581.36,172.13,16.60,21.71,1,-1,-1,-1
64,190,613.44,171.75,27.67,24.12,1,-1,-1,-1
64,189,554.45,174.73,34.35,27.23,1,-1,-1,-1
64,201,582.00,173.56,16.47,21.48,1,-1,-1,-1
65,190,613.59,171.46,28.18,24.47,1,-1,-1,-1
65,189,552.84,173.95,35.79,28.41,1,-1,-1,-1
65,201,581.99,172.99,16.89,22.02,1,-1,-1,-1
65,202,594.36,169.84,19.60,18.83,1,-1,-1,-1
66,190,613.13,170.20,29.01,25.20,1,-1,-1,-1
66,189,551.23,173.25,36.67,29.09,1,-1,-1,-1
66,201,580.98,172.48,17.06,22.12,1,-1,-1,-1
66,202,593.18,168.71,20.62,19.82,1,-1,-1,-1
67,190,612.50,169.23,29.52,25.58,1,-1,-1,-1
67,189,548.27,172.31,37.85,30.06,1,-1,-1,-1
67,201,578.86,171.55,17.52,22.50,1,-1,-1,-1
67,202,591.46,167.19,21.62,20.85,1,-1,-1,-1
68,190,611.63,169.10,29.81,25.69,1,-1,-1,-1
68,189,545.91,173.13,37.56,29.64,1,-1,-1,-1
68,201,575.95,171.51,17.92,22.80,1,-1,-1,-1
68,202,590.31,167.19,21.62,20.87,1,-1,-1,-1
69,190,611.26,169.17,29.92,25.68,1,-1,-1,-1
69,189,543.87,173.41,38.22,29.99,1,-1,-1,-1
69,201,574.75,171.69,18.10,22.89,1,-1,-1,-1
69,202,588.75,166.74,22.18,21.48,1,-1,-1,-1
69,204,329.05,183.36,12.41,35.09,1,-1,-1,-1
69,205,532.25,172.22,17.59,20.76,1,-1,-1,-1
70,190,610.86,168.74,30.66,26.28,1,-1,-1,-1
70,189,542.19,173.43,39.22,30.68,1,-1,-1,-1
70,201,573.80,171.53,18.52,23.36,1,-1,-1,-1
70,202,587.49,166.29,22.99,22.37,1,-1,-1,-1
70,205,527.55,171.31,19.86,23.33,1,-1,-1,-1
71,190,610.63,168.53,31.23,26.76,1,-1,-1,-1
71,189,540.37,173.50,40.19,31.29,1,-1,-1,-1
71,201,572.58,171.33,19.14,24.06,1,-1,-1,-1
71,202,586.15,165.69,24.22,23.61,1,-1,-1,-1
71,205,521.98,171.11,21.82,25.49,1,-1,-1,-1
72,190,610.15,168.26,31.91,27.38,1,-1,-1,-1
72,189,538.39,173.25,41.31,32.01,1,-1,-1,-1
72,201,571.51,171.38,19.66,24.56,1,-1,-1,-1
72,202,585.93,166.18,24.02,23.50,1,-1,-1,-1
72,205,512.99,171.27,23.63,27.19,1,-1,-1,-1
72,204,262.72,185.86,15.80,44.67,1,-1,-1,-1
73,190,610.35,169.02,31.75,27.18,1,-1,-1,-1
73,189,536.26,173.48,42.58,32.84,1,-1,-1,-1
73,201,570.12,171.55,20.56,25.50,1,-1,-1,-1
73,202,585.90,167.14,23.48,22.99,1,-1,-1,-1
73,205,502.45,171.58,26.66,29.89,1,-1,-1,-1
73,204,235.52,188.62,16.53,46.48,1,-1,-1,-1
74,190,610.20,168.95,32.47,27.77,1,-1,-1,-1
74,189,533.74,173.66,43.89,33.78,1,-1,-1,-1
74,201,569.17,171.60,21.19,26.15,1,-1,-1,-1
74,202,585.65,167.58,23.04,22.58,1,-1,-1,-1
74,205,487.86,172.03,30.77,33.58,1,-1,-1,-1
75,190,609.59,169.16,32.78,28.03,1,-1,-1,-1
75,189,531.02,173.39,45.43,34.93,1,-1,-1,-1
75,201,567.48,171.31,21.82,26.74,1,-1,-1,-1
75,202,584.62,167.50,23.41,23.00,1,-1,-1,-1
75,205,470.58,172.28,35.77,37.80,1,-1,-1,-1
76,190,608.44,168.36,33.43,28.63,1,-1,-1,-1
76,189,527.68,172.41,47.07,36.14,1,-1,-1,-1
76,201,565.39,170.82,22.21,27.08,1,-1,-1,-1
76,202,583.93,167.29,23.66,23.30,1,-1,-1,-1
76,205,449.03,172.32,41.73,42.56,1,-1,-1,-1
76,210,95.86,192.90,25.19,64.17,1,-1,-1,-1
77,190,607.34,166.35,34.11,29.31,1,-1,-1,-1
77,189,525.37,171.55,47.46,36.21,1,-1,-1,-1
77,201,563.31,169.27,22.76,27.63,1,-1,-1,-1
77,202,583.04,166.00,23.92,23.51,1,-1,-1,-1
77,205,421.31,171.74,50.24,49.36,1,-1,-1,-1
77,213,30.70,195.63,28.44,69.36,1,-1,-1,-1
78,190,607.03,165.35,34.44,29.69,1,-1,-1,-1
78,189,522.62,170.89,49.06,37.23,1,-1,-1,-1
78,201,558.70,165.19,25.84,31.12,1,-1,-1,-1
78,202,581.71,165.04,24.62,24.21,1,-1,-1,-1
78,205,383.62,172.43,62.24,58.62,1,-1,-1,-1
79,190,606.68,165.84,34.67,29.96,1,-1,-1,-1
79,189,519.56,171.12,50.71,38.39,1,-1,-1,-1
79,201,559.12,167.89,24.73,29.77,1,-1,-1,-1
79,202,580.24,165.55,25.20,24.68,1,-1,-1,-1
79,205,328.76,174.55,81.28,73.08,1,-1,-1,-1
80,190,606.81,167.08,34.42,29.74,1,-1,-1,-1
80,189,516.95,172.29,52.14,39.37,1,-1,-1,-1
80,201,558.33,169.76,24.60,29.45,1,-1,-1,-1
80,202,579.48,166.33,25.56,24.95,1,-1,-1,-1
80,205,241.40,177.68,113.40,96.32,1,-1,-1,-1
81,190,606.47,168.71,34.46,29.69,1,-1,-1,-1
81,189,513.52,173.16,54.04,40.78,1,-1,-1,-1
81,201,557.67,171.13,24.70,29.58,1,-1,-1,-1
81,202,578.26,166.77,26.37,25.81,1,-1,-1,-1
81,205,112.96,181.32,172.33,142.68,1,-1,-1,-1
82,190,605.83,168.42,35.97,31.08,1,-1,-1,-1
82,189,510.56,173.44,56.24,42.35,1,-1,-1,-1
82,201,556.48,171.67,24.95,29.87,1,-1,-1,-1
82,202,577.66,167.02,26.41,25.86,1,-1,-1,-1
82,213,3.30,203.51,68.52,166.49,1,-1,-1,-1
83,190,605.39,169.28,36.20,31.30,1,-1,-1,-1
83,189,506.90,173.88,58.32,43.97,1,-1,-1,-1
83,201,554.38,172.41,25.53,30.53,1,-1,-1,-1
83,202,576.26,167.52,26.86,26.30,1,-1,-1,-1
84,190,604.72,169.79,37.04,32.10,1,-1,-1,-1
84,189,504.33,174.74,59.30,44.61,1,-1,-1,-1
84,201,551.88,173.04,26.10,31.25,1,-1,-1,-1
84,202,574.69,167.89,27.68,27.15,1,-1,-1,-1
85,190,604.16,170.03,37.65,32.72,1,-1,-1,-1
85,189,501.52,175.24,60.53,45.41,1,-1,-1,-1
85,201,550.45,173.65,26.42,31.53,1,-1,-1,-1
85,202,573.47,168.23,28.27,27.69,1,-1,-1,-1
86,190,603.31,169.87,38.84,33.93,1,-1,-1,-1
86,189,498.41,176.05,62.24,46.48,1,-1,-1,-1
86,201,548.69,174.02,26.88,31.98,1,-1,-1,-1
86,202,572.56,168.66,28.55,27.89,1,-1,-1,-1
87,190,602.87,169.79,39.44,34.58,1,-1,-1,-1
87,189,495.39,176.70,64.00,47.50,1,-1,-1,-1
87,201,547.72,174.40,27.14,31.89,1,-1,-1,-1
87,202,571.97,168.88,28.74,27.97,1,-1,-1,-1
87,217,484.07,164.74,39.38,35.85,1,-1,-1,-1
88,190,602.65,169.79,39.72,34.91,1,-1,-1,-1
88,189,491.96,177.02,65.74,48.52,1,-1,-1,-1
88,201,545.66,174.51,27.91,32.21,1,-1,-1,-1
88,202,571.29,168.56,28.90,28.07,1,-1,-1,-1
88,217,474.83,163.83,42.59,38.72,1,-1,-1,-1
89,190,602.43,169.41,39.96,35.20,1,-1,-1,-1
89,189,488.41,176.62,67.96,49.91,1,-1,-1,-1
89,201,544.09,173.86,28.77,32.72,1,-1,-1,-1
89,202,570.52,167.58,29.39,28.53,1,-1,-1,-1
89,217,460.94,162.43,47.47,43.14,1,-1,-1,-1
90,190,602.46,169.22,39.91,35.14,1,-1,-1,-1
90,189,484.66,176.03,70.49,51.57,1,-1,-1,-1
90,201,541.91,173.03,29.98,33.63,1,-1,-1,-1
90,202,570.30,167.13,28.98,27.97,1,-1,-1,-1
90,217,445.42,161.00,53.12,48.03,1,-1,-1,-1
91,190,602.39,168.81,40.32,35.50,1,-1,-1,-1
91,189,480.43,175.90,72.68,53.04,1,-1,-1,-1
91,201,539.54,172.51,31.16,34.48,1,-1,-1,-1
91,202,569.88,167.01,29.04,27.83,1,-1,-1,-1
91,217,422.60,160.49,59.46,53.71,1,-1,-1,-1
92,190,602.12,169.20,40.39,35.55,1,-1,-1,-1
92,189,477.20,176.27,74.52,54.09,1,-1,-1,-1
92,201,537.87,172.82,32.11,35.03,1,-1,-1,-1
92,202,569.43,167.10,29.44,28.05,1,-1,-1,-1
92,217,399.95,159.57,68.83,61.41,1,-1,-1,-1
93,190,601.56,169.26,41.26,36.37,1,-1,-1,-1
93,189,473.19,176.65,77.35,55.92,1,-1,-1,-1
93,201,535.88,173.21,33.12,35.75,1,-1,-1,-1
93,202,568.30,167.20,30.71,29.24,1,-1,-1,-1
93,217,369.11,158.94,80.90,70.99,1,-1,-1,-1
94,190,601.35,169.51,41.73,36.88,1,-1,-1,-1
94,189,469.30,177.42,80.26,57.85,1,-1,-1,-1
94,201,533.57,173.95,33.93,36.07,1,-1,-1,-1
94,202,567.65,167.81,31.01,29.49,1,-1,-1,-1
94,217,326.88,158.48,97.62,83.88,1,-1,-1,-1
95,190,601.18,170.13,41.85,37.11,1,-1,-1,-1
95,189,465.13,178.45,83.19,59.74,1,-1,-1,-1
95,201,531.05,174.86,35.11,36.67,1,-1,-1,-1
95,202,566.43,168.24,31.61,29.95,1,-1,-1,-1
95,217,265.60,157.17,122.22,101.99,1,-1,-1,-1
96,190,600.91,170.08,42.31,37.67,1,-1,-1,-1
96,189,460.86,178.58,86.39,61.84,1,-1,-1,-1
96,201,529.54,175.21,36.23,37.42,1,-1,-1,-1
96,202,565.87,168.27,32.01,30.30,1,-1,-1,-1
96,217,168.63,154.30,163.47,131.08,1,-1,-1,-1
97,190,600.84,170.14,42.53,38.00,1,-1,-1,-1
97,189,456.57,179.22,88.72,63.31,1,-1,-1,-1
97,201,528.19,175.68,36.88,37.70,1,-1,-1,-1
97,202,565.46,168.13,32.34,30.59,1,-1,-1,-1
97,217,60.07,149.87,227.05,182.33,1,-1,-1,-1
98,190,600.81,169.98,42.90,38.42,1,-1,-1,-1
98,189,451.76,179.70,91.64,65.22,1,-1,-1,-1
98,201,526.35,176.21,37.82,38.17,1,-1,-1,-1
98,202,565.27,168.37,32.58,30.75,1,-1,-1,-1
99,190,600.73,170.24,43.20,38.80,1,-1,-1,-1
99,189,446.78,180.42,95.23,67.63,1,-1,-1,-1
99,201,524.20,177.36,38.84,38.53,1,-1,-1,-1
99,202,564.85,169.09,32.76,30.76,1,-1,-1,-1
99,220,139.67,195.06,17.95,34.79,1,-1,-1,-1
100,190,600.42,170.77,43.49,39.13,1,-1,-1,-1
100,189,442.32,180.93,98.40,69.68,1,-1,-1,-1
100,201,521.97,177.93,40.31,39.50,1,-1,-1,-1
100,202,564.33,169.36,33.20,30.98,1,-1,-1,-1
100,210,102.36,199.99,14.69,34.99,1,-1,-1,-1
101,190,600.24,171.07,43.81,39.50,1,-1,-1,-1
101,189,437.32,181.42,102.02,72.04,1,-1,-1,-1
101,201,519.90,178.05,41.93,40.50,1,-1,-1,-1
101,202,563.67,169.28,33.97,31.62,1,-1,-1,-1
102,190,600.52,171.03,44.20,39.96,1,-1,-1,-1
102,189,432.90,182.31,105.28,73.97,1,-1,-1,-1
102,201,517.18,178.08,43.56,41.30,1,-1,-1,-1
102,202,563.48,169.60,34.16,31.67,1,-1,-1,-1
103,190,600.20,170.64,45.30,41.18,1,-1,-1,-1
103,189,427.30,182.65,109.44,76.68,1,-1,-1,-1
103,201,515.18,178.69,45.18,42.38,1,-1,-1,-1
103,202,563.24,169.79,34.67,32.09,1,-1,-1,-1
104,190,600.48,171.31,45.12,41.09,1,-1,-1,-1
104,189,421.56,183.34,113.87,79.56,1,-1,-1,-1
104,201,513.66,179.40,46.40,43.24,1,-1,-1,-1
104,202,563.08,170.15,34.91,32.27,1,-1,-1,-1
105,190,600.89,171.18,45.02,41.07,1,-1,-1,-1
105,189,416.08,183.34,118.18,82.28,1,-1,-1,-1
105,201,512.02,179.26,47.54,43.88,1,-1,-1,-1
105,202,562.78,169.67,35.36,32.59,1,-1,-1,-1
106,190,600.61,170.37,45.17,41.18,1,-1,-1,-1
106,189,409.47,182.14,122.77,85.23,1,-1,-1,-1
106,201,510.18,178.28,48.53,44.28,1,-1,-1,-1
106,202,562.20,168.38,36.06,33.22,1,-1,-1,-1
107,190,600.27,169.66,45.34,41.32,1,-1,-1,-1
107,189,402.15,180.82,128.18,88.83,1,-1,-1,-1
107,201,508.50,177.49,49.33,44.47,1,-1,-1,-1
107,202,561.52,167.45,36.37,33.49,1,-1,-1,-1
108,190,600.02,169.20,45.29,41.20,1,-1,-1,-1
108,189,394.99,180.30,133.20,92.12,1,-1,-1,-1
108,201,506.31,176.82,50.63,45.11,1,-1,-1,-1
108,202,560.93,166.49,36.61,33.69,1,-1,-1,-1
109,190,599.60,168.59,45.49,41.35,1,-1,-1,-1
109,189,387.63,179.95,137.96,95.10,1,-1,-1,-1
109,201,502.99,176.33,52.60,46.35,1,-1,-1,-1
109,202,559.97,165.90,37.08,34.10,1,-1,-1,-1
110,190,599.10,168.15,45.50,41.30,1,-1,-1,-1
110,189,379.59,179.89,143.20,98.40,1,-1,-1,-1
110,201,500.02,175.68,55.04,48.20,1,-1,-1,-1
110,202,559.22,165.41,37.27,34.21,1,-1,-1,-1
111,190,598.61,168.40,45.44,41.16,1,-1,-1,-1
111,189,371.08,180.26,149.18,102.19,1,-1,-1,-1
111,201,497.89,175.92,56.40,49.00,1,-1,-1,-1
111,202,558.23,165.49,37.43,34.37,1,-1,-1,-1
112,190,597.96,168.08,46.09,41.73,1,-1,-1,-1
112,189,361.95,180.56,156.17,106.67,1,-1,-1,-1
112,201,494.87,175.84,58.29,50.16,1,-1,-1,-1
112,202,557.12,165.22,38.01,35.00,1,-1,-1,-1
113,190,597.24,167.02,46.88,42.51,1,-1,-1,-1
113,189,352.93,180.72,162.14,110.34,1,-1,-1,-1
113,201,492.60,175.86,59.47,50.66,1,-1,-1,-1
113,202,556.41,165.15,38.29,35.32,1,-1,-1,-1
114,190,596.62,166.13,47.59,43.26,1,-1,-1,-1
114,189,343.89,182.07,167.31,113.33,1,-1,-1,-1
114,201,489.83,175.79,61.21,51.65,1,-1,-1,-1
114,202,555.36,164.42,39.12,36.19,1,-1,-1,-1
115,190,596.05,165.24,48.53,44.27,1,-1,-1,-1
115,189,333.99,181.68,174.76,117.92,1,-1,-1,-1
115,201,487.56,175.91,62.24,51.98,1,-1,-1,-1
115,202,554.69,164.07,39.64,36.77,1,-1,-1,-1
116,190,595.88,165.15,48.63,44.42,1,-1,-1,-1
116,189,323.86,181.43,182.51,122.66,1,-1,-1,-1
116,201,485.01,176.04,63.75,52.73,1,-1,-1,-1
116,202,554.25,164.08,39.66,36.81,1,-1,-1,-1
117,190,595.98,166.18,48.39,44.16,1,-1,-1,-1
117,189,313.34,181.48,190.88,127.89,1,-1,-1,-1
117,201,482.99,176.58,64.90,53.14,1,-1,-1,-1
117,202,553.96,164.29,39.68,36.81,1,-1,-1,-1
118,190,595.67,166.35,48.76,44.45,1,-1,-1,-1
118,189,303.78,182.06,197.90,132.07,1,-1,-1,-1
118,201,480.21,177.13,66.75,54.10,1,-1,-1,-1
118,202,553.67,164.49,39.85,36.94,1,-1,-1,-1
119,190,595.31,166.20,49.33,44.98,1,-1,-1,-1
119,189,293.99,182.51,204.74,136.05,1,-1,-1,-1
119,201,477.57,177.08,68.23,54.67,1,-1,-1,-1
119,202,553.09,164.56,40.10,37.19,1,-1,-1,-1
120,190,594.66,165.62,50.29,45.95,1,-1,-1,-1
120,189,284.88,183.19,210.90,139.49,1,-1,-1,-1
120,201,475.02,176.85,70.56,56.06,1,-1,-1,-1
120,202,552.49,164.66,40.19,37.32,1,-1,-1,-1
121,190,594.39,165.99,50.50,46.14,1,-1,-1,-1
121,189,276.30,184.00,217.21,142.95,1,-1,-1,-1
121,201,472.85,177.38,71.17,55.95,1,-1,-1,-1
121,202,551.76,164.89,40.45,37.62,1,-1,-1,-1
122,190,594.18,165.97,50.90,46.54,1,-1,-1,-1
122,189,267.69,183.71,224.32,146.97,1,-1,-1,-1
122,201,470.45,177.52,73.21,57.07,1,-1,-1,-1
122,202,551.14,164.82,40.84,38.07,1,-1,-1,-1
123,190,594.14,166.48,50.60,46.20,1,-1,-1,-1
123,189,260.16,184.30,229.42,149.52,1,-1,-1,-1
123,201,468.76,177.40,74.14,57.29,1,-1,-1,-1
123,202,550.82,164.53,40.79,38.00,1,-1,-1,-1
124,190,593.67,166.46,50.80,46.33,1,-1,-1,-1
124,189,252.82,184.63,234.84,152.25,1,-1,-1,-1
124,201,466.90,177.39,74.88,57.32,1,-1,-1,-1
124,202,549.94,164.31,40.88,38.11,1,-1,-1,-1
125,190,592.57,165.40,51.90,47.40,1,-1,-1,-1
125,189,245.77,184.56,239.97,154.80,1,-1,-1,-1
125,201,464.68,177.15,75.93,57.66,1,-1,-1,-1
125,202,548.88,163.58,41.33,38.56,1,-1,-1,-1
126,190,592.11,165.75,51.58,47.04,1,-1,-1,-1
126,189,239.64,184.46,244.01,156.52,1,-1,-1,-1
126,201,462.80,177.07,76.67,57.69,1,-1,-1,-1
126,202,548.06,163.28,41.35,38.59,1,-1,-1,-1
127,190,591.55,166.39,51.46,46.82,1,-1,-1,-1
127,189,233.35,184.84,248.58,158.63,1,-1,-1,-1
127,201,460.67,177.28,78.16,58.37,1,-1,-1,-1
127,202,547.47,163.55,41.34,38.53,1,-1,-1,-1
128,190,591.25,167.51,51.24,46.44,1,-1,-1,-1
128,189,227.81,185.21,252.40,160.24,1,-1,-1,-1
128,201,458.85,177.65,79.61,59.12,1,-1,-1,-1
128,202,546.65,164.18,41.60,38.70,1,-1,-1,-1
129,190,590.57,168.39,51.62,46.69,1,-1,-1,-1
129,189,222.00,185.88,256.96,162.38,1,-1,-1,-1
129,201,456.58,178.30,81.33,60.15,1,-1,-1,-1
129,202,546.15,165.20,41.46,38.48,1,-1,-1,-1
130,190,589.78,168.87,52.55,47.54,1,-1,-1,-1
130,189,216.42,187.08,260.83,164.01,1,-1,-1,-1
130,201,454.43,179.09,82.47,60.77,1,-1,-1,-1
130,202,545.44,166.32,41.61,38.47,1,-1,-1,-1
131,190,589.10,169.50,52.76,47.70,1,-1,-1,-1
131,189,209.81,187.62,266.03,166.53,1,-1,-1,-1
131,201,452.65,179.49,82.93,60.85,1,-1,-1,-1
131,202,544.10,166.88,42.31,39.08,1,-1,-1,-1
132,190,588.10,169.66,53.06,47.98,1,-1,-1,-1
132,189,203.19,187.95,270.67,168.60,1,-1,-1,-1
132,201,450.57,179.51,84.43,61.77,1,-1,-1,-1
132,202,542.96,167.27,42.67,39.47,1,-1,-1,-1
133,190,587.45,170.38,53.14,47.93,1,-1,-1,-1
133,189,196.25,188.44,275.64,170.89,1,-1,-1,-1
133,201,448.08,179.39,86.16,62.94,1,-1,-1,-1
133,202,542.41,167.81,42.48,39.26,1,-1,-1,-1
134,190,586.66,170.52,53.76,48.43,1,-1,-1,-1
134,189,188.65,188.64,281.40,173.69,1,-1,-1,-1
134,201,446.10,179.60,87.32,63.74,1,-1,-1,-1
134,202,541.78,168.19,42.37,39.11,1,-1,-1,-1
135,190,586.29,170.90,53.56,48.13,1,-1,-1,-1
135,189,180.99,188.51,287.08,176.38,1,-1,-1,-1
135,201,444.05,179.12,88.51,64.55,1,-1,-1,-1
135,202,541.18,168.39,42.52,39.22,1,-1,-1,-1
136,190,585.38,170.81,53.98,48.48,1,-1,-1,-1
136,189,173.24,189.07,291.40,178.01,1,-1,-1,-1
136,201,442.22,179.28,89.21,64.95,1,-1,-1,-1
136,202,540.49,168.52,42.87,39.45,1,-1,-1,-1
136,221,77.67,195.68,16.45,39.18,1,-1,-1,-1
137,190,584.36,170.73,54.67,49.06,1,-1,-1,-1
137,189,165.72,189.33,295.40,179.26,1,-1,-1,-1
137,201,440.22,179.18,90.17,65.57,1,-1,-1,-1
137,202,539.54,168.53,43.43,39.97,1,-1,-1,-1
138,190,583.90,170.97,55.01,49.29,1,-1,-1,-1
138,189,157.23,189.78,300.50,181.08,1,-1,-1,-1
138,201,438.29,179.35,91.00,66.09,1,-1,-1,-1
138,202,538.86,168.60,43.45,39.98,1,-1,-1,-1
139,190,583.43,170.90,55.36,49.59,1,-1,-1,-1
139,189,148.96,190.17,304.10,181.58,1,-1,-1,-1
139,201,436.33,180.11,91.66,66.48,1,-1,-1,-1
139,202,538.20,168.90,43.45,39.91,1,-1,-1,-1
140,190,582.76,170.78,55.88,50.04,1,-1,-1,-1
140,189,140.47,190.95,307.31,181.49,1,-1,-1,-1
140,201,434.28,180.54,92.73,67.13,1,-1,-1,-1
140,202,537.75,169.55,43.39,39.75,1,-1,-1,-1
141,190,582.32,171.23,56.02,50.15,1,-1,-1,-1
141,189,131.35,191.55,310.97,181.34,1,-1,-1,-1
141,201,432.57,181.23,93.12,67.20,1,-1,-1,-1
141,202,536.71,169.57,43.62,39.95,1,-1,-1,-1
142,190,581.73,171.42,56.43,50.55,1,-1,-1,-1
142,189,121.23,191.53,315.60,181.47,1,-1,-1,-1
142,201,431.42,181.75,93.28,66.99,1,-1,-1,-1
142,202,535.72,169.59,44.11,40.43,1,-1,-1,-1
143,190,580.96,171.38,56.95,51.04,1,-1,-1,-1
143,189,110.54,191.84,320.64,181.45,1,-1,-1,-1
143,201,429.90,181.86,93.71,67.00,1,-1,-1,-1
143,202,535.04,169.84,43.97,40.34,1,-1,-1,-1
144,190,580.40,171.19,57.12,51.13,1,-1,-1,-1
144,189,99.37,191.92,326.12,181.32,1,-1,-1,-1
144,201,427.76,181.85,94.82,67.45,1,-1,-1,-1
144,202,534.34,169.26,44.19,40.60,1,-1,-1,-1
144,222,514.97,172.42,24.69,21.45,1,-1,-1,-1
145,190,579.99,171.40,57.22,51.17,1,-1,-1,-1
145,189,87.85,192.63,331.01,180.45,1,-1,-1,-1
145,201,426.33,181.77,95.50,67.74,1,-1,-1,-1
145,202,534.18,169.14,44.06,40.44,1,-1,-1,-1
145,222,511.86,172.67,25.43,22.07,1,-1,-1,-1
146,190,579.78,171.64,57.46,51.34,1,-1,-1,-1
146,189,75.28,193.09,337.40,180.06,1,-1,-1,-1
146,201,425.09,181.65,96.44,68.28,1,-1,-1,-1
146,202,533.91,169.07,44.14,40.39,1,-1,-1,-1
146,222,508.06,172.87,26.52,22.95,1,-1,-1,-1
147,190,579.58,171.76,57.64,51.47,1,-1,-1,-1
147,189,62.51,194.01,343.41,178.94,1,-1,-1,-1
147,201,423.43,181.57,98.47,69.70,1,-1,-1,-1
147,202,533.54,168.97,44.22,40.48,1,-1,-1,-1
147,222,504.90,173.00,27.42,23.65,1,-1,-1,-1
148,190,579.48,171.94,57.80,51.55,1,-1,-1,-1
148,189,48.31,194.27,351.33,178.59,1,-1,-1,-1
148,201,422.53,182.18,98.81,69.82,1,-1,-1,-1
148,202,533.28,168.97,44.50,40.74,1,-1,-1,-1
148,222,500.03,173.13,29.05,25.05,1,-1,-1,-1
149,190,579.36,171.78,57.94,51.64,1,-1,-1,-1
149,189,38.71,194.93,357.97,177.79,1,-1,-1,-1
149,201,421.94,182.17,99.67,70.29,1,-1,-1,-1
149,202,533.10,168.99,44.76,41.01,1,-1,-1,-1
149,222,492.43,173.66,32.85,28.30,1,-1,-1,-1
150,190,579.18,171.67,58.45,52.08,1,-1,-1,-1
150,189,32.69,195.53,363.72,177.04,1,-1,-1,-1
150,201,420.75,182.03,100.94,71.21,1,-1,-1,-1
150,202,532.64,168.57,45.21,41.55,1,-1,-1,-1
150,222,486.76,173.94,35.37,30.59,1,-1,-1,-1
151,190,579.16,171.65,58.51,52.06,1,-1,-1,-1
151,189,28.31,196.05,368.93,176.46,1,-1,-1,-1
151,201,419.72,181.65,101.67,71.73,1,-1,-1,-1
151,202,532.40,168.73,45.01,41.38,1,-1,-1,-1
152,190,579.22,171.30,58.74,52.23,1,-1,-1,-1
152,189,24.14,195.92,374.62,176.57,1,-1,-1,-1
152,201,418.19,180.76,103.65,73.26,1,-1,-1,-1
152,202,532.23,168.46,45.05,41.45,1,-1,-1,-1
153,190,579.21,171.33,58.80,52.20,1,-1,-1,-1
153,189,21.21,196.42,378.29,175.98,1,-1,-1,-1
153,201,416.11,180.50,104.38,74.08,1,-1,-1,-1
153,202,531.79,168.36,45.38,41.76,1,-1,-1,-1
154,190,579.07,171.32,59.12,52.49,1,-1,-1,-1
154,189,19.04,197.31,380.59,174.99,1,-1,-1,-1
154,201,415.21,179.30,106.37,75.75,1,-1,-1,-1
154,202,531.41,168.27,45.88,42.23,1,-1,-1,-1
155,190,579.08,171.42,59.15,52.55,1,-1,-1,-1
155,189,16.78,198.00,383.51,174.57,1,-1,-1,-1
155,201,414.46,178.66,107.78,77.02,1,-1,-1,-1
155,202,531.39,168.57,45.98,42.29,1,-1,-1,-1
156,190,579.47,171.54,59.11,52.53,1,-1,-1,-1
156,189,14.69,198.19,386.71,174.49,1,-1,-1,-1
156,201,414.17,178.35,108.33,77.67,1,-1,-1,-1
156,202,531.70,169.26,45.93,42.16,1,-1,-1,-1
157,190,580.23,172.30,58.82,52.27,1,-1,-1,-1
157,189,13.38,198.83,388.38,173.84,1,-1,-1,-1
157,201,415.13,179.90,106.83,76.60,1,-1,-1,-1
157,202,532.36,170.63,45.32,41.43,1,-1,-1,-1
157,225,405.58,177.80,55.39,41.14,1,-1,-1,-1
157,226,520.91,169.11,25.15,25.11,1,-1,-1,-1
158,190,581.07,173.09,58.38,51.87,1,-1,-1,-1
158,189,12.48,199.34,389.96,173.26,1,-1,-1,-1
158,201,415.51,180.61,106.91,76.71,1,-1,-1,-1
158,202,532.85,171.07,45.82,41.76,1,-1,-1,-1
158,225,390.69,178.98,59.72,44.35,1,-1,-1,-1
158,226,517.66,169.68,26.03,25.97,1,-1,-1,-1
159,190,581.88,173.44,57.82,51.28,1,-1,-1,-1
159,189,11.42,199.56,391.80,172.93,1,-1,-1,-1
159,201,415.73,180.78,106.96,76.79,1,-1,-1,-1
159,202,533.03,171.07,46.27,42.14,1,-1,-1,-1
159,225,374.65,179.59,65.42,48.48,1,-1,-1,-1
159,226,514.75,169.67,27.22,27.11,1,-1,-1,-1
160,190,582.61,173.73,57.72,51.12,1,-1,-1,-1
160,189,10.66,199.91,393.21,172.49,1,-1,-1,-1
160,201,415.87,181.09,107.12,76.81,1,-1,-1,-1
160,202,533.42,171.05,46.65,42.52,1,-1,-1,-1
160,225,353.56,181.15,71.63,52.79,1,-1,-1,-1
160,226,510.09,169.58,29.44,29.25,1,-1,-1,-1
161,190,583.02,173.50,58.18,51.55,1,-1,-1,-1
161,189,9.75,200.24,394.57,172.14,1,-1,-1,-1
161,201,416.12,181.88,107.08,76.67,1,-1,-1,-1
161,202,533.61,171.28,47.02,42.80,1,-1,-1,-1
161,225,334.48,182.82,78.86,57.69,1,-1,-1,-1
161,226,506.65,169.97,30.66,30.30,1,-1,-1,-1
162,190,583.81,174.44,58.01,51.32,1,-1,-1,-1
162,189,8.75,200.48,396.19,172.04,1,-1,-1,-1
162,201,416.86,182.89,106.81,76.39,1,-1,-1,-1
162,202,533.44,172.04,47.44,43.09,1,-1,-1,-1
162,225,313.37,184.82,82.81,60.03,1,-1,-1,-1
162,226,502.39,170.23,32.63,32.01,1,-1,-1,-1
163,190,584.26,175.64,57.83,51.03,1,-1,-1,-1
163,189,8.80,201.48,395.56,170.89,1,-1,-1,-1
163,201,416.77,183.78,107.26,76.69,1,-1,-1,-1
163,202,533.23,173.09,47.48,43.06,1,-1,-1,-1
163,225,283.39,186.52,88.72,63.53,1,-1,-1,-1
163,226,497.66,170.50,33.86,33.07,1,-1,-1,-1
164,190,584.73,175.90,57.73,50.81,1,-1,-1,-1
164,189,8.44,202.16,395.36,170.01,1,-1,-1,-1
164,201,416.71,184.04,107.54,76.82,1,-1,-1,-1
164,202,533.33,173.52,47.76,43.21,1,-1,-1,-1
164,226,491.20,170.26,37.12,36.24,1,-1,-1,-1
165,190,585.13,176.15,57.80,50.75,1,-1,-1,-1
165,189,3.08,197.79,405.55,174.39,1,-1,-1,-1
165,201,416.64,184.53,107.43,76.64,1,-1,-1,-1
165,202,532.93,173.49,48.39,43.70,1,-1,-1,-1
165,226,484.23,170.56,39.10,37.97,1,-1,-1,-1
166,190,585.95,176.93,56.94,49.84,1,-1,-1,-1
166,189,3.59,198.98,403.44,173.10,1,-1,-1,-1
166,201,415.88,184.50,108.65,77.51,1,-1,-1,-1
166,202,532.80,173.65,48.46,43.68,1,-1,-1,-1
166,226,479.01,171.79,39.04,37.19,1,-1,-1,-1
167,190,586.22,177.56,57.28,50.03,1,-1,-1,-1
167,189,7.43,203.60,394.48,168.35,1,-1,-1,-1
167,201,415.32,184.71,109.49,78.13,1,-1,-1,-1
167,202,532.12,173.76,49.28,44.39,1,-1,-1,-1
167,228,508.32,177.30,26.78,23.60,1,-1,-1,-1
168,190,586.27,177.56,58.04,50.64,1,-1,-1,-1
168,189,7.82,205.13,392.54,166.80,1,-1,-1,-1
168,201,414.78,184.40,110.37,78.79,1,-1,-1,-1
168,202,531.79,173.57,49.70,44.70,1,-1,-1,-1
168,228,504.78,177.56,27.75,24.41,1,-1,-1,-1
168,225,216.45,233.55,82.57,62.07,1,-1,-1,-1
169,190,586.36,177.19,59.17,51.64,1,-1,-1,-1
169,189,7.63,206.29,391.56,165.71,1,-1,-1,-1
169,201,413.89,183.95,111.32,79.57,1,-1,-1,-1
169,202,531.37,172.89,50.82,45.82,1,-1,-1,-1
169,228,498.64,177.49,31.16,27.38,1,-1,-1,-1
170,190,586.50,177.48,60.05,52.48,1,-1,-1,-1
170,189,7.36,207.21,390.74,164.74,1,-1,-1,-1
170,201,410.15,183.96,112.96,80.24,1,-1,-1,-1
170,202,530.88,172.83,51.62,46.68,1,-1,-1,-1
170,228,492.61,177.72,34.13,29.99,1,-1,-1,-1
171,190,586.65,176.88,60.62,53.06,1,-1,-1,-1
171,189,6.09,207.09,392.13,164.88,1,-1,-1,-1
171,201,411.60,184.69,112.10,79.58,1,-1,-1,-1
171,202,530.54,172.16,52.26,47.33,1,-1,-1,-1
171,222,407.34,170.30,63.46,52.92,1,-1,-1,-1
172,190,587.34,176.49,60.67,53.13,1,-1,-1,-1
172,189,5.06,207.07,393.14,164.96,1,-1,-1,-1
172,201,411.17,184.81,112.15,79.67,1,-1,-1,-1
172,202,530.35,171.62,52.71,47.80,1,-1,-1,-1
172,222,393.36,169.73,70.19,57.19,1,-1,-1,-1
172,225,194.32,240.90,82.47,65.34,1,-1,-1,-1
173,190,587.71,175.75,61.35,53.74,1,-1,-1,-1
173,189,4.31,207.27,393.34,164.73,1,-1,-1,-1
173,201,410.44,184.80,111.82,79.46,1,-1,-1,-1
173,202,529.90,170.63,52.85,48.09,1,-1,-1,-1
173,222,372.19,169.29,78.83,62.82,1,-1,-1,-1
174,190,587.53,174.75,62.39,54.73,1,-1,-1,-1
174,189,3.74,207.77,393.04,164.34,1,-1,-1,-1
174,201,406.96,183.13,113.83,81.29,1,-1,-1,-1
174,202,529.13,170.30,52.61,48.07,1,-1,-1,-1
174,222,344.96,169.00,89.08,69.32,1,-1,-1,-1
175,190,587.68,173.97,63.07,55.47,1,-1,-1,-1
175,189,3.02,207.85,393.39,164.31,1,-1,-1,-1
175,201,405.92,180.56,117.57,84.38,1,-1,-1,-1
175,202,529.00,170.45,52.32,47.90,1,-1,-1,-1
175,222,313.95,168.31,102.48,77.68,1,-1,-1,-1
176,190,588.15,173.36,63.59,56.03,1,-1,-1,-1
176,189,2.57,208.09,393.36,164.15,1,-1,-1,-1
176,201,405.09,179.11,119.47,86.04,1,-1,-1,-1
176,202,529.20,170.49,52.24,47.84,1,-1,-1,-1
176,222,277.21,167.47,117.33,86.80,1,-1,-1,-1
177,190,588.17,172.90,64.02,56.55,1,-1,-1,-1
177,189,1.62,207.65,394.41,164.55,1,-1,-1,-1
177,201,404.79,179.99,118.82,85.65,1,-1,-1,-1
177,202,529.14,170.44,52.40,47.89,1,-1,-1,-1
177,222,230.36,166.58,130.82,92.99,1,-1,-1,-1
177,226,409.72,178.17,50.00,44.82,1,-1,-1,-1
178,190,588.31,172.86,63.99,56.65,1,-1,-1,-1
178,189,0.60,207.20,394.93,164.81,1,-1,-1,-1
178,201,403.94,181.35,118.06,85.00,1,-1,-1,-1
178,202,528.90,170.42,52.84,48.15,1,-1,-1,-1
178,226,391.43,178.68,55.06,47.50,1,-1,-1,-1
178,229,508.12,167.79,31.68,30.49,1,-1,-1,-1
179,190,589.01,174.84,62.26,54.99,1,-1,-1,-1
179,189,-0.31,207.22,394.58,164.78,1,-1,-1,-1
179,201,402.82,182.77,117.26,84.20,1,-1,-1,-1
179,202,527.95,171.32,52.38,47.67,1,-1,-1,-1
179,226,370.86,179.83,63.38,51.97,1,-1,-1,-1
179,229,504.37,168.70,31.87,30.63,1,-1,-1,-1
180,190,589.13,175.70,61.77,54.46,1,-1,-1,-1
180,189,-0.89,207.69,393.23,164.35,1,-1,-1,-1
180,201,400.47,183.00,119.02,85.28,1,-1,-1,-1
180,202,526.71,171.57,52.61,47.86,1,-1,-1,-1
180,226,342.57,181.36,72.93,57.38,1,-1,-1,-1
180,229,498.99,169.26,32.23,30.91,1,-1,-1,-1
181,190,589.05,176.54,61.31,53.85,1,-1,-1,-1
181,189,-0.62,208.93,390.35,163.22,1,-1,-1,-1
181,201,398.63,183.71,120.44,86.19,1,-1,-1,-1
181,202,526.13,172.07,52.70,47.83,1,-1,-1,-1
181,226,310.25,183.58,85.00,63.40,1,-1,-1,-1
181,229,492.20,169.95,33.46,32.04,1,-1,-1,-1
182,190,588.06,176.95,62.12,54.56,1,-1,-1,-1
182,189,-0.04,210.86,386.23,161.50,1,-1,-1,-1
182,201,396.28,184.64,122.01,87.26,1,-1,-1,-1
182,202,525.52,173.78,52.49,47.44,1,-1,-1,-1
182,226,273.30,185.67,101.43,73.05,1,-1,-1,-1
182,229,484.84,170.80,35.16,33.52,1,-1,-1,-1
183,190,587.61,177.89,62.36,54.84,1,-1,-1,-1
183,189,0.79,212.57,382.01,159.66,1,-1,-1,-1
183,201,394.75,186.62,122.46,87.43,1,-1,-1,-1
183,202,524.34,174.84,53.44,48.25,1,-1,-1,-1
183,229,476.95,171.40,38.41,36.42,1,-1,-1,-1
183,222,212.26,187.72,121.37,81.95,1,-1,-1,-1
184,190,587.62,178.36,62.19,54.77,1,-1,-1,-1
184,189,0.36,213.66,379.60,158.69,1,-1,-1,-1
184,201,392.78,188.02,122.92,87.58,1,-1,-1,-1
184,202,523.71,176.27,53.27,47.97,1,-1,-1,-1
184,229,468.49,171.49,40.22,37.60,1,-1,-1,-1
184,222,171.41,190.27,118.95,72.28,1,-1,-1,-1
185,190,587.34,178.51,62.07,54.70,1,-1,-1,-1
185,189,-0.22,214.66,377.46,157.90,1,-1,-1,-1
185,201,389.51,187.86,124.87,89.07,1,-1,-1,-1
185,202,522.58,176.32,53.74,48.38,1,-1,-1,-1
185,229,460.60,171.45,39.36,35.90,1,-1,-1,-1
186,190,587.79,178.18,61.12,53.80,1,-1,-1,-1
186,189,-2.10,214.02,377.89,158.41,1,-1,-1,-1
186,201,387.28,187.06,126.50,90.28,1,-1,-1,-1
186,202,521.62,175.51,54.30,48.92,1,-1,-1,-1
186,229,452.53,170.49,33.82,28.78,1,-1,-1,-1
187,190,588.39,177.68,60.05,52.74,1,-1,-1,-1
187,189,-3.49,214.25,376.64,158.30,1,-1,-1,-1
187,201,385.07,186.68,126.93,90.60,1,-1,-1,-1
187,202,521.31,174.48,54.46,48.98,1,-1,-1,-1
188,190,587.97,176.10,60.04,52.69,1,-1,-1,-1
188,189,-3.57,215.22,373.17,157.22,1,-1,-1,-1
188,201,382.57,185.42,128.11,91.19,1,-1,-1,-1
188,202,520.38,172.91,54.76,49.14,1,-1,-1,-1
188,229,425.80,167.71,34.85,26.96,1,-1,-1,-1
189,190,586.95,173.46,61.23,53.87,1,-1,-1,-1
189,189,-4.37,215.75,370.68,156.65,1,-1,-1,-1
189,201,381.62,185.19,127.53,90.54,1,-1,-1,-1
189,202,520.21,172.08,54.12,48.32,1,-1,-1,-1
189,229,398.41,166.60,55.70,42.15,1,-1,-1,-1
190,190,586.71,172.29,61.27,54.08,1,-1,-1,-1
190,189,-5.19,216.13,368.66,156.35,1,-1,-1,-1
190,201,380.08,184.68,127.97,90.56,1,-1,-1,-1
190,202,519.73,171.23,54.42,48.43,1,-1,-1,-1
190,229,372.78,164.93,73.95,55.62,1,-1,-1,-1
190,233,506.33,173.91,21.21,24.41,1,-1,-1,-1
190,234,562.86,170.24,24.88,30.15,1,-1,-1,-1
190,235,139.69,193.05,15.76,27.12,1,-1,-1,-1
191,190,586.78,171.85,60.52,53.49,1,-1,-1,-1
191,189,-5.79,216.46,366.52,156.03,1,-1,-1,-1
191,201,377.13,183.96,130.94,92.57,1,-1,-1,-1
191,202,519.34,170.75,54.70,48.59,1,-1,-1,-1
191,229,344.69,163.83,88.70,66.36,1,-1,-1,-1
191,233,502.49,173.78,22.36,25.61,1,-1,-1,-1
191,234,562.94,170.08,25.25,30.59,1,-1,-1,-1
192,190,586.89,171.75,60.11,53.25,1,-1,-1,-1
192,189,-5.17,217.93,361.82,154.50,1,-1,-1,-1
192,201,375.11,184.26,131.80,93.00,1,-1,-1,-1
192,202,519.17,170.70,54.76,48.57,1,-1,-1,-1
192,229,312.37,163.32,102.95,76.21,1,-1,-1,-1
192,233,498.70,174.49,22.98,25.95,1,-1,-1,-1
192,234,562.77,170.08,25.31,30.66,1,-1,-1,-1
193,190,586.94,171.78,59.62,52.90,1,-1,-1,-1
193,189,-4.75,218.97,358.45,153.53,1,-1,-1,-1
193,201,373.58,184.30,132.73,93.57,1,-1,-1,-1
193,202,518.66,170.57,54.65,48.39,1,-1,-1,-1
193,229,273.47,163.00,119.04,86.56,1,-1,-1,-1
193,233,492.78,174.61,24.70,27.27,1,-1,-1,-1
193,234,562.57,169.89,25.44,30.78,1,-1,-1,-1
194,190,586.57,171.25,59.66,53.09,1,-1,-1,-1
194,189,-4.30,219.92,355.52,152.70,1,-1,-1,-1
194,201,371.88,184.99,132.88,93.61,1,-1,-1,-1
194,202,518.78,170.56,54.00,47.68,1,-1,-1,-1
194,229,224.45,162.69,139.07,98.64,1,-1,-1,-1
194,233,485.99,174.64,27.37,29.57,1,-1,-1,-1
195,190,586.51,170.80,59.24,52.87,1,-1,-1,-1
195,189,-3.29,221.21,351.51,151.28,1,-1,-1,-1
195,201,370.43,185.41,133.65,94.01,1,-1,-1,-1
195,202,518.95,170.32,53.81,47.44,1,-1,-1,-1
195,229,163.11,162.14,160.62,109.83,1,-1,-1,-1
195,233,479.11,174.63,29.79,31.46,1,-1,-1,-1
196,190,586.88,170.76,58.10,51.92,1,-1,-1,-1
196,189,-3.45,220.87,350.83,151.35,1,-1,-1,-1
196,201,369.28,185.43,133.73,93.85,1,-1,-1,-1
196,202,518.99,169.75,53.73,47.34,1,-1,-1,-1
196,229,89.60,161.52,180.20,116.98,1,-1,-1,-1
196,233,471.35,174.76,31.99,32.99,1,-1,-1,-1
196,234,562.87,168.98,25.35,30.56,1,-1,-1,-1
197,190,587.10,170.75,57.17,51.03,1,-1,-1,-1
197,189,-3.13,220.91,350.16,151.37,1,-1,-1,-1
197,201,368.13,184.70,134.40,94.15,1,-1,-1,-1
197,202,519.16,169.30,53.37,47.01,1,-1,-1,-1
197,233,461.05,174.36,35.99,36.37,1,-1,-1,-1
198,190,587.24,170.57,56.97,50.83,1,-1,-1,-1
198,189,-3.15,220.22,351.54,152.32,1,-1,-1,-1
198,201,366.72,184.25,135.74,94.97,1,-1,-1,-1
198,202,519.24,169.06,53.18,46.80,1,-1,-1,-1
198,233,452.03,174.29,35.22,34.22,1,-1,-1,-1
199,190,587.28,170.24,57.06,50.99,1,-1,-1,-1
199,189,-2.29,219.81,352.13,152.80,1,-1,-1,-1
199,201,365.83,184.56,135.95,95.04,1,-1,-1,-1
199,202,519.55,168.97,53.20,46.77,1,-1,-1,-1
199,234,563.77,168.85,24.37,29.15,1,-1,-1,-1
200,190,587.32,170.49,56.64,50.63,1,-1,-1,-1
200,189,-1.54,219.32,353.20,153.41,1,-1,-1,-1
200,201,363.89,182.80,138.11,96.88,1,-1,-1,-1
200,202,520.27,169.32,52.42,46.03,1,-1,-1,-1
200,234,564.26,169.13,24.13,28.69,1,-1,-1,-1
201,190,587.55,170.88,55.83,49.89,1,-1,-1,-1
201,189,-0.67,218.71,354.35,153.97,1,-1,-1,-1
201,201,363.55,182.47,138.50,97.36,1,-1,-1,-1
201,202,521.32,169.57,51.19,44.87,1,-1,-1,-1
201,234,564.29,169.27,24.15,28.59,1,-1,-1,-1
202,190,587.89,171.79,55.09,49.11,1,-1,-1,-1
202,189,1.15,218.88,354.42,153.84,1,-1,-1,-1
202,201,364.71,184.12,136.61,95.99,1,-1,-1,-1
202,202,522.08,170.19,50.88,44.57,1,-1,-1,-1
202,228,348.71,180.29,71.80,58.08,1,-1,-1,-1
203,190,587.77,171.94,54.97,49.00,1,-1,-1,-1
203,189,2.22,218.80,355.24,153.99,1,-1,-1,-1
203,201,365.60,185.24,135.44,95.12,1,-1,-1,-1
203,202,522.84,170.57,50.45,44.04,1,-1,-1,-1
203,228,324.88,180.71,81.62,63.26,1,-1,-1,-1
204,190,587.96,172.27,54.23,48.27,1,-1,-1,-1
204,189,3.33,218.68,355.99,154.00,1,-1,-1,-1
204,201,366.64,185.76,134.37,94.25,1,-1,-1,-1
204,202,523.62,170.65,50.11,43.69,1,-1,-1,-1
204,228,289.78,180.82,98.71,72.21,1,-1,-1,-1
204,239,514.34,173.95,17.55,21.52,1,-1,-1,-1
205,190,587.80,172.53,53.56,47.65,1,-1,-1,-1
205,189,3.45,217.77,358.37,154.76,1,-1,-1,-1
205,201,367.82,185.56,133.90,93.89,1,-1,-1,-1
205,202,524.78,170.54,49.34,42.96,1,-1,-1,-1
205,228,246.07,182.65,120.29,82.77,1,-1,-1,-1
205,239,511.55,173.77,18.31,22.37,1,-1,-1,-1
205,234,565.78,170.50,22.99,27.04,1,-1,-1,-1
206,190,587.76,172.22,53.25,47.36,1,-1,-1,-1
206,189,2.83,216.51,361.67,156.02,1,-1,-1,-1
206,201,368.97,186.02,132.46,92.70,1,-1,-1,-1
206,202,526.07,170.38,48.39,42.03,1,-1,-1,-1
206,228,206.29,184.76,131.78,87.38,1,-1,-1,-1
206,239,508.41,173.72,19.40,23.45,1,-1,-1,-1
206,234,566.01,170.57,23.06,26.95,1,-1,-1,-1
207,190,587.80,172.01,52.80,46.90,1,-1,-1,-1
207,189,3.65,216.52,362.23,155.93,1,-1,-1,-1
207,201,370.29,185.21,131.90,92.13,1,-1,-1,-1
207,202,527.12,170.33,47.76,41.46,1,-1,-1,-1
207,228,146.97,188.47,136.89,82.38,1,-1,-1,-1
207,239,503.65,173.65,20.84,24.76,1,-1,-1,-1
208,190,587.77,172.11,52.05,46.09,1,-1,-1,-1
208,189,2.76,214.79,366.50,157.63,1,-1,-1,-1
208,201,372.32,184.97,130.03,90.53,1,-1,-1,-1
208,202,528.13,170.37,46.53,40.35,1,-1,-1,-1
208,239,498.12,173.84,22.11,25.54,1,-1,-1,-1
209,190,587.65,172.08,51.59,45.58,1,-1,-1,-1
209,189,2.35,213.52,369.59,158.83,1,-1,-1,-1
209,201,374.13,184.65,128.62,89.33,1,-1,-1,-1
209,202,529.12,170.08,46.32,40.24,1,-1,-1,-1
209,239,491.65,173.69,23.90,26.76,1,-1,-1,-1
210,190,587.00,171.52,51.93,45.90,1,-1,-1,-1
210,189,2.58,213.33,370.68,159.12,1,-1,-1,-1
210,201,375.45,184.25,127.84,88.63,1,-1,-1,-1
210,202,529.80,169.66,46.40,40.45,1,-1,-1,-1
210,239,485.41,173.73,25.40,27.70,1,-1,-1,-1
211,190,586.73,171.48,51.62,45.58,1,-1,-1,-1
211,189,2.78,213.04,371.89,159.44,1,-1,-1,-1
211,201,377.40,184.39,126.31,87.43,1,-1,-1,-1
211,202,530.59,169.48,45.90,40.17,1,-1,-1,-1
211,239,478.14,174.00,26.89,28.52,1,-1,-1,-1
212,190,586.34,172.27,51.28,45.29,1,-1,-1,-1
212,189,3.66,213.59,371.31,158.88,1,-1,-1,-1
212,201,379.80,185.64,124.12,85.79,1,-1,-1,-1
212,202,531.81,170.85,44.86,39.35,1,-1,-1,-1
212,239,468.68,175.37,33.11,34.85,1,-1,-1,-1
213,190,586.25,173.76,50.40,44.49,1,-1,-1,-1
213,189,4.40,214.09,370.71,158.24,1,-1,-1,-1
213,201,382.06,186.46,123.48,85.33,1,-1,-1,-1
213,202,532.86,171.99,43.89,38.61,1,-1,-1,-1
213,239,462.72,177.02,28.92,28.82,1,-1,-1,-1
214,190,586.19,175.06,50.01,44.12,1,-1,-1,-1
214,189,5.23,214.83,369.90,157.45,1,-1,-1,-1
214,201,383.99,186.93,122.70,84.86,1,-1,-1,-1
214,202,533.53,172.98,43.45,38.40,1,-1,-1,-1
215,190,586.03,176.17,49.19,43.27,1,-1,-1,-1
215,189,4.91,214.45,371.35,157.72,1,-1,-1,-1
215,201,385.17,185.17,123.12,85.43,1,-1,-1,-1
215,202,534.36,173.49,42.93,38.10,1,-1,-1,-1
216,190,585.38,175.25,49.31,43.34,1,-1,-1,-1
216,189,4.93,214.38,371.84,157.55,1,-1,-1,-1
216,201,387.08,184.14,121.89,84.81,1,-1,-1,-1
216,202,535.02,173.25,42.71,37.97,1,-1,-1,-1
217,190,585.45,175.64,48.41,42.42,1,-1,-1,-1
217,189,4.47,214.26,372.98,157.73,1,-1,-1,-1
217,201,389.94,185.68,118.77,82.64,1,-1,-1,-1
217,202,535.66,173.39,41.92,37.24,1,-1,-1,-1
217,233,387.66,181.95,51.39,45.56,1,-1,-1,-1
218,190,584.14,175.47,49.12,43.01,1,-1,-1,-1
218,189,4.09,214.25,373.62,157.72,1,-1,-1,-1
218,201,392.08,186.57,116.16,80.70,1,-1,-1,-1
218,202,536.23,173.94,41.30,36.70,1,-1,-1,-1
218,233,369.41,182.75,58.35,48.71,1,-1,-1,-1
219,190,583.85,176.66,48.54,42.38,1,-1,-1,-1
219,189,3.38,213.99,374.84,158.04,1,-1,-1,-1
219,201,393.79,187.13,114.08,79.04,1,-1,-1,-1
219,202,537.31,174.57,40.42,35.96,1,-1,-1,-1
219,233,344.49,183.20,68.39,54.34,1,-1,-1,-1
220,190,583.59,177.94,48.06,41.82,1,-1,-1,-1
220,189,3.35,214.26,374.87,157.82,1,-1,-1,-1
220,201,395.72,187.54,112.93,78.20,1,-1,-1,-1
220,202,537.97,175.14,39.55,35.28,1,-1,-1,-1
220,233,312.87,183.96,81.51,61.50,1,-1,-1,-1
220,242,520.91,175.80,22.37,23.00,1,-1,-1,-1
221,190,582.43,177.60,48.81,42.50,1,-1,-1,-1
221,189,3.41,214.69,374.59,157.48,1,-1,-1,-1
221,201,397.46,187.64,111.96,77.54,1,-1,-1,-1
221,202,538.41,175.41,39.21,34.98,1,-1,-1,-1
221,233,274.60,184.85,96.17,69.89,1,-1,-1,-1
221,242,518.78,176.46,22.71,23.31,1,-1,-1,-1
222,190,582.20,177.96,48.33,42.02,1,-1,-1,-1
222,189,2.92,214.63,374.95,157.47,1,-1,-1,-1
222,201,398.58,187.53,111.27,77.14,1,-1,-1,-1
222,202,538.66,175.22,39.04,34.87,1,-1,-1,-1
222,233,235.46,186.34,103.67,72.34,1,-1,-1,-1
222,242,515.71,176.79,23.36,23.82,1,-1,-1,-1
223,190,581.43,177.39,48.88,42.53,1,-1,-1,-1
223,189,2.82,214.89,374.29,157.01,1,-1,-1,-1
223,201,399.42,186.97,110.97,77.08,1,-1,-1,-1
223,202,539.10,175.19,38.40,34.33,1,-1,-1,-1
223,233,180.56,188.69,103.47,64.30,1,-1,-1,-1
223,242,511.85,177.10,24.59,24.80,1,-1,-1,-1
224,190,580.40,177.04,49.23,42.86,1,-1,-1,-1
224,189,2.61,215.45,373.71,156.61,1,-1,-1,-1
224,201,400.18,186.85,110.39,76.89,1,-1,-1,-1
224,202,538.97,175.13,38.34,34.39,1,-1,-1,-1
224,242,506.70,177.30,25.93,25.80,1,-1,-1,-1
225,190,579.72,176.25,49.94,43.62,1,-1,-1,-1
225,189,2.02,215.78,373.51,156.45,1,-1,-1,-1
225,201,401.03,186.47,109.94,76.79,1,-1,-1,-1
225,202,539.14,175.17,38.38,34.53,1,-1,-1,-1
225,242,501.07,177.58,27.26,26.75,1,-1,-1,-1
226,190,579.38,176.16,49.89,43.64,1,-1,-1,-1
226,189,0.98,215.71,374.09,156.71,1,-1,-1,-1
226,201,402.14,186.04,108.99,76.28,1,-1,-1,-1
226,202,539.56,175.02,37.90,34.17,1,-1,-1,-1
226,242,495.31,177.76,28.77,27.92,1,-1,-1,-1
227,190,579.27,176.12,49.44,43.32,1,-1,-1,-1
227,189,-0.33,214.81,375.77,157.55,1,-1,-1,-1
227,201,403.41,185.67,107.14,74.98,1,-1,-1,-1
227,202,539.66,175.06,37.61,34.05,1,-1,-1,-1
227,242,489.35,177.67,30.21,29.07,1,-1,-1,-1
228,190,578.68,175.78,49.55,43.47,1,-1,-1,-1
228,189,-0.38,215.10,374.88,157.26,1,-1,-1,-1
228,201,403.91,185.54,106.86,74.81,1,-1,-1,-1
228,202,539.87,174.69,37.73,34.33,1,-1,-1,-1
228,242,482.94,177.75,32.05,30.75,1,-1,-1,-1
229,190,578.32,175.90,49.40,43.38,1,-1,-1,-1
229,189,-0.54,215.28,374.23,157.10,1,-1,-1,-1
229,201,404.25,185.64,106.93,74.98,1,-1,-1,-1
229,202,540.61,174.40,37.71,34.37,1,-1,-1,-1
229,242,476.64,178.07,33.23,31.67,1,-1,-1,-1
230,190,578.03,175.98,49.29,43.33,1,-1,-1,-1
230,189,-0.65,215.64,373.25,156.80,1,-1,-1,-1
230,201,405.00,186.06,105.83,74.23,1,-1,-1,-1
230,202,540.83,174.40,37.47,34.25,1,-1,-1,-1
231,190,577.39,175.52,49.66,43.68,1,-1,-1,-1
231,189,-1.24,215.22,373.64,157.16,1,-1,-1,-1
231,201,405.19,185.91,105.49,74.03,1,-1,-1,-1
231,202,540.79,174.60,36.91,33.87,1,-1,-1,-1
232,190,576.85,175.80,49.31,43.27,1,-1,-1,-1
232,189,-1.89,214.53,374.64,157.84,1,-1,-1,-1
232,201,405.00,185.21,105.75,74.26,1,-1,-1,-1
232,202,541.51,174.04,37.11,33.98,1,-1,-1,-1
233,190,575.60,175.20,49.93,43.81,1,-1,-1,-1
233,189,-2.43,213.92,375.36,158.45,1,-1,-1,-1
233,201,404.84,185.52,105.31,73.89,1,-1,-1,-1
233,202,541.74,173.79,37.12,33.96,1,-1,-1,-1
234,190,575.22,175.49,50.09,43.93,1,-1,-1,-1
234,189,-3.13,213.29,376.46,159.29,1,-1,-1,-1
234,201,404.89,186.38,104.88,73.50,1,-1,-1,-1
234,202,542.03,173.85,36.98,33.80,1,-1,-1,-1
234,245,399.34,180.36,57.85,44.66,1,-1,-1,-1
234,246,250.48,196.73,11.59,20.29,1,-1,-1,-1
235,190,574.60,175.64,50.16,43.99,1,-1,-1,-1
235,189,-3.26,213.07,376.25,159.55,1,-1,-1,-1
235,201,404.52,186.99,104.80,73.29,1,-1,-1,-1
235,202,541.75,174.10,37.04,34.01,1,-1,-1,-1
235,245,380.78,180.54,65.72,50.74,1,-1,-1,-1
236,190,574.20,175.74,49.66,43.50,1,-1,-1,-1
236,189,-4.10,212.15,377.11,160.39,1,-1,-1,-1
236,201,403.52,186.79,105.82,73.94,1,-1,-1,-1
236,202,541.72,174.35,36.81,34.02,1,-1,-1,-1
236,245,358.97,180.92,73.53,56.76,1,-1,-1,-1
237,190,573.48,176.31,49.63,43.43,1,-1,-1,-1
237,189,-4.11,212.26,375.91,160.31,1,-1,-1,-1
237,201,402.77,187.14,106.42,74.30,1,-1,-1,-1
237,202,541.89,174.71,36.52,33.96,1,-1,-1,-1
237,245,330.10,182.43,82.00,63.19,1,-1,-1,-1
238,190,572.42,176.79,49.90,43.68,1,-1,-1,-1
238,189,-4.07,212.45,374.44,160.10,1,-1,-1,-1
238,201,401.43,187.85,107.09,74.64,1,-1,-1,-1
238,202,541.89,175.11,36.27,33.95,1,-1,-1,-1
238,245,297.42,184.20,93.70,71.39,1,-1,-1,-1
239,190,571.25,177.79,50.07,43.76,1,-1,-1,-1
239,189,-2.87,214.27,369.46,158.22,1,-1,-1,-1
239,201,399.51,188.46,108.40,75.54,1,-1,-1,-1
239,202,541.35,175.80,36.27,34.18,1,-1,-1,-1
239,245,254.68,185.74,108.97,81.99,1,-1,-1,-1
239,247,610.23,178.04,17.05,28.29,1,-1,-1,-1
240,190,570.08,178.55,50.48,44.13,1,-1,-1,-1
240,189,-2.93,215.23,366.68,157.36,1,-1,-1,-1
240,201,397.03,188.41,109.53,76.32,1,-1,-1,-1
240,202,540.82,176.25,36.09,34.32,1,-1,-1,-1
240,245,209.79,188.48,115.79,85.48,1,-1,-1,-1
240,247,609.47,178.22,16.95,28.07,1,-1,-1,-1
241,190,568.47,178.70,51.24,44.81,1,-1,-1,-1
241,189,-1.86,217.23,360.53,154.90,1,-1,-1,-1
241,201,394.82,189.16,110.09,76.65,1,-1,-1,-1
241,202,540.44,176.74,35.97,34.54,1,-1,-1,-1
241,245,141.34,190.80,118.84,83.21,1,-1,-1,-1
241,247,608.77,178.90,16.79,27.68,1,-1,-1,-1
242,190,566.60,178.36,52.53,46.15,1,-1,-1,-1
242,189,-1.66,219.54,354.91,152.70,1,-1,-1,-1
242,201,392.06,190.01,111.63,77.65,1,-1,-1,-1
242,202,539.72,177.29,35.66,34.59,1,-1,-1,-1
242,247,607.96,179.87,16.81,27.52,1,-1,-1,-1
243,190,565.15,178.30,52.91,46.65,1,-1,-1,-1
243,189,-3.53,220.02,352.72,152.22,1,-1,-1,-1
243,201,388.61,190.60,113.08,78.58,1,-1,-1,-1
243,202,538.86,177.48,35.63,34.83,1,-1,-1,-1
243,247,607.04,180.25,16.99,27.46,1,-1,-1,-1
244,190,564.00,178.33,52.93,46.73,1,-1,-1,-1
244,189,-6.27,220.15,350.90,152.22,1,-1,-1,-1
244,201,384.67,190.25,115.06,79.92,1,-1,-1,-1
244,202,537.94,177.12,35.64,35.20,1,-1,-1,-1
245,190,562.29,177.47,53.29,47.14,1,-1,-1,-1
245,189,-7.96,221.62,345.64,150.82,1,-1,-1,-1
245,201,380.37,189.75,117.44,81.49,1,-1,-1,-1
245,202,536.83,176.04,35.52,35.55,1,-1,-1,-1
245,247,604.82,176.67,19.09,30.50,1,-1,-1,-1
246,190,560.77,176.98,52.90,46.74,1,-1,-1,-1
246,189,-8.76,224.19,337.95,148.38,1,-1,-1,-1
246,201,375.97,188.55,119.57,82.82,1,-1,-1,-1
246,202,535.90,174.85,35.00,35.50,1,-1,-1,-1
246,247,604.18,175.26,19.30,30.38,1,-1,-1,-1
246,248,526.09,177.02,16.45,18.18,1,-1,-1,-1
247,190,559.03,175.45,53.51,47.26,1,-1,-1,-1
247,189,-9.40,227.44,328.41,145.16,1,-1,-1,-1
247,201,370.70,187.33,122.65,84.89,1,-1,-1,-1
247,202,534.29,173.25,35.37,36.23,1,-1,-1,-1
247,247,603.62,174.02,19.52,30.20,1,-1,-1,-1
247,248,522.72,175.14,18.08,19.94,1,-1,-1,-1
248,190,556.88,174.22,54.09,47.78,1,-1,-1,-1
248,189,-9.61,231.93,316.52,140.86,1,-1,-1,-1
248,201,365.50,186.65,124.79,86.23,1,-1,-1,-1
248,202,533.25,172.36,35.01,36.27,1,-1,-1,-1
248,247,601.96,172.71,20.14,30.35,1,-1,-1,-1
248,248,519.26,174.38,19.38,21.28,1,-1,-1,-1
249,190,555.18,173.90,54.17,47.83,1,-1,-1,-1
249,189,-7.44,238.81,299.31,133.85,1,-1,-1,-1
249,201,360.26,186.09,127.67,88.04,1,-1,-1,-1
249,202,532.11,171.94,34.43,36.02,1,-1,-1,-1
249,247,600.87,172.39,20.62,30.22,1,-1,-1,-1
249,248,515.60,174.21,19.79,21.52,1,-1,-1,-1
250,190,553.98,174.21,54.17,47.71,1,-1,-1,-1
250,189,0.81,253.42,267.47,119.15,1,-1,-1,-1
250,201,354.75,186.15,130.40,89.67,1,-1,-1,-1
250,202,530.69,171.65,34.53,36.58,1,-1,-1,-1
250,247,599.66,172.16,21.37,30.47,1,-1,-1,-1
250,248,511.44,174.20,20.67,22.11,1,-1,-1,-1
251,190,552.03,174.35,54.78,48.12,1,-1,-1,-1
251,189,9.21,270.08,232.81,102.45,1,-1,-1,-1
251,201,349.07,186.43,133.39,91.47,1,-1,-1,-1
251,202,529.09,171.70,34.13,36.73,1,-1,-1,-1
251,247,598.69,172.08,22.28,30.99,1,-1,-1,-1
251,248,506.04,174.27,21.58,22.73,1,-1,-1,-1
252,190,550.36,174.66,55.29,48.48,1,-1,-1,-1
252,189,18.40,289.33,194.18,83.32,1,-1,-1,-1
252,201,342.76,186.43,136.88,93.62,1,-1,-1,-1
252,202,527.51,172.02,33.73,36.88,1,-1,-1,-1
252,247,597.79,171.93,23.27,31.70,1,-1,-1,-1
252,248,500.75,174.88,22.44,23.15,1,-1,-1,-1
253,190,548.47,175.24,55.82,48.83,1,-1,-1,-1
253,201,336.27,186.60,140.80,95.96,1,-1,-1,-1
253,202,526.02,171.94,33.47,37.22,1,-1,-1,-1
253,247,596.72,172.10,24.16,32.19,1,-1,-1,-1
253,248,494.46,174.85,24.07,24.34,1,-1,-1,-1
254,190,546.56,175.30,56.63,49.47,1,-1,-1,-1
254,201,329.90,187.05,143.73,97.53,1,-1,-1,-1
254,202,524.95,171.80,32.85,37.11,1,-1,-1,-1
254,247,595.56,171.87,25.20,32.86,1,-1,-1,-1
254,248,487.80,175.03,25.53,25.20,1,-1,-1,-1
255,190,544.02,175.21,57.46,50.15,1,-1,-1,-1
255,201,322.85,187.58,147.87,99.88,1,-1,-1,-1
255,202,523.55,172.00,32.43,37.20,1,-1,-1,-1
255,247,594.35,171.93,25.96,32.97,1,-1,-1,-1
255,248,480.45,175.73,26.59,25.40,1,-1,-1,-1
256,190,542.20,174.53,58.30,50.85,1,-1,-1,-1
256,201,315.40,187.84,151.69,101.95,1,-1,-1,-1
256,202,521.65,171.57,32.31,37.73,1,-1,-1,-1
256,247,593.21,171.23,27.03,33.70,1,-1,-1,-1
256,248,472.64,175.65,28.26,26.28,1,-1,-1,-1
257,190,540.16,173.74,59.10,51.52,1,-1,-1,-1
257,201,307.67,187.92,155.50,103.94,1,-1,-1,-1
257,202,520.64,171.25,32.07,37.74,1,-1,-1,-1
257,247,591.99,170.51,27.87,34.09,1,-1,-1,-1
257,248,463.35,175.35,30.49,27.46,1,-1,-1,-1
258,190,538.18,173.08,60.32,52.60,1,-1,-1,-1
258,201,299.13,187.94,160.66,106.89,1,-1,-1,-1
258,202,518.52,171.21,32.27,38.42,1,-1,-1,-1
258,247,590.83,170.04,28.86,34.72,1,-1,-1,-1
258,248,453.67,175.17,33.11,29.05,1,-1,-1,-1
259,190,535.66,172.55,61.78,53.87,1,-1,-1,-1
259,201,291.37,187.93,165.31,109.37,1,-1,-1,-1
259,202,516.73,171.42,32.23,38.96,1,-1,-1,-1
259,247,590.31,169.96,29.24,34.55,1,-1,-1,-1
259,248,443.76,175.37,35.75,30.53,1,-1,-1,-1
260,190,533.68,171.83,62.90,54.87,1,-1,-1,-1
260,201,283.24,187.58,170.15,111.94,1,-1,-1,-1
260,202,516.11,171.11,31.97,38.99,1,-1,-1,-1
260,247,589.45,169.14,29.84,34.53,1,-1,-1,-1
260,248,432.60,174.85,39.09,32.64,1,-1,-1,-1
261,190,531.61,171.26,64.21,56.17,1,-1,-1,-1
261,201,274.23,188.22,175.77,115.05,1,-1,-1,-1
261,202,514.72,170.99,31.84,39.23,1,-1,-1,-1
261,247,588.88,169.12,30.28,34.43,1,-1,-1,-1
261,248,420.32,175.51,41.68,34.13,1,-1,-1,-1
262,190,529.35,170.92,65.47,57.44,1,-1,-1,-1
262,201,264.79,188.88,181.64,118.24,1,-1,-1,-1
262,202,512.30,171.04,32.02,40.34,1,-1,-1,-1
262,247,588.78,169.47,30.96,34.69,1,-1,-1,-1
262,248,406.91,176.50,44.49,35.80,1,-1,-1,-1
263,190,527.48,171.51,66.33,58.31,1,-1,-1,-1
263,201,254.86,189.63,188.35,122.04,1,-1,-1,-1
263,202,510.94,170.88,32.39,41.49,1,-1,-1,-1
263,247,588.53,170.10,31.50,34.82,1,-1,-1,-1
263,248,392.48,177.57,47.91,38.05,1,-1,-1,-1
264,190,526.13,172.65,66.63,58.55,1,-1,-1,-1
264,201,245.28,190.83,194.38,125.25,1,-1,-1,-1
264,202,509.75,170.87,33.07,42.75,1,-1,-1,-1
264,247,587.57,170.94,32.44,35.26,1,-1,-1,-1
264,248,376.20,179.41,49.70,38.67,1,-1,-1,-1
265,190,524.27,173.76,67.59,59.42,1,-1,-1,-1
265,201,235.46,192.87,200.15,128.09,1,-1,-1,-1
265,202,508.41,171.57,33.82,44.27,1,-1,-1,-1
265,247,586.90,171.29,34.01,36.69,1,-1,-1,-1
266,190,522.30,174.67,68.64,60.37,1,-1,-1,-1
266,201,223.25,192.87,209.32,133.35,1,-1,-1,-1
266,202,507.34,172.01,34.30,44.96,1,-1,-1,-1
266,247,586.58,171.65,34.78,37.26,1,-1,-1,-1
267,190,520.99,175.50,68.73,60.33,1,-1,-1,-1
267,201,210.91,192.07,217.82,138.09,1,-1,-1,-1
267,202,508.66,171.95,35.37,45.29,1,-1,-1,-1
267,247,586.27,171.54,35.36,37.64,1,-1,-1,-1
268,190,518.39,173.71,70.83,62.26,1,-1,-1,-1
268,201,199.31,193.13,224.07,141.02,1,-1,-1,-1
268,202,507.00,171.08,36.03,45.74,1,-1,-1,-1
268,247,586.01,170.75,35.70,37.69,1,-1,-1,-1
269,190,516.61,172.79,71.61,63.01,1,-1,-1,-1
269,201,188.55,194.91,229.21,142.98,1,-1,-1,-1
269,247,585.64,170.17,36.04,37.62,1,-1,-1,-1
269,239,139.14,189.61,117.19,87.86,1,-1,-1,-1
270,190,514.77,172.22,72.64,63.98,1,-1,-1,-1
270,201,176.51,195.83,237.47,147.00,1,-1,-1,-1
270,247,585.81,170.09,36.22,37.52,1,-1,-1,-1
270,239,78.33,191.57,152.98,97.91,1,-1,-1,-1
270,202,502.94,170.96,36.31,46.12,1,-1,-1,-1
271,190,513.48,172.42,73.05,64.42,1,-1,-1,-1
271,201,165.09,196.26,245.37,150.74,1,-1,-1,-1
271,247,585.77,169.95,36.79,37.84,1,-1,-1,-1
271,239,21.80,195.49,178.95,119.48,1,-1,-1,-1
271,202,500.77,171.16,36.13,46.17,1,-1,-1,-1
272,190,511.93,171.79,74.34,65.67,1,-1,-1,-1
272,201,154.78,196.42,252.63,153.96,1,-1,-1,-1
272,247,586.10,169.43,37.42,38.25,1,-1,-1,-1
272,239,-16.44,201.16,160.31,121.38,1,-1,-1,-1
272,202,498.67,171.00,35.61,46.21,1,-1,-1,-1
273,190,510.49,171.57,75.61,66.85,1,-1,-1,-1
273,201,144.75,195.62,261.29,158.17,1,-1,-1,-1
273,247,586.37,169.17,38.11,38.78,1,-1,-1,-1
273,202,498.03,170.48,35.56,46.56,1,-1,-1,-1
274,190,509.85,171.05,76.40,67.66,1,-1,-1,-1
274,201,136.80,195.59,267.56,160.80,1,-1,-1,-1
274,247,587.27,169.33,38.15,38.58,1,-1,-1,-1
274,202,497.94,169.97,35.58,46.99,1,-1,-1,-1
275,190,509.09,170.08,77.13,68.36,1,-1,-1,-1
275,201,129.70,195.40,273.91,163.55,1,-1,-1,-1
275,247,587.99,168.59,38.57,38.75,1,-1,-1,-1
275,202,497.19,169.12,35.15,47.44,1,-1,-1,-1
276,190,508.78,169.27,77.77,68.99,1,-1,-1,-1
276,201,123.30,194.90,280.44,166.57,1,-1,-1,-1
276,247,588.80,168.01,38.90,38.81,1,-1,-1,-1
276,202,497.68,168.25,35.09,48.16,1,-1,-1,-1
277,190,508.68,169.54,77.95,69.14,1,-1,-1,-1
277,201,118.91,195.02,284.30,167.89,1,-1,-1,-1
277,247,589.37,167.70,39.46,39.13,1,-1,-1,-1
277,202,497.85,168.01,34.70,48.33,1,-1,-1,-1
278,190,508.06,169.47,78.25,69.34,1,-1,-1,-1
278,201,115.66,194.60,287.60,168.93,1,-1,-1,-1
278,247,589.42,166.60,40.48,40.01,1,-1,-1,-1
279,190,508.17,170.01,77.54,68.53,1,-1,-1,-1
279,201,114.07,194.05,289.76,169.31,1,-1,-1,-1
279,247,589.83,165.75,40.94,40.30,1,-1,-1,-1
280,190,507.37,168.80,78.58,69.37,1,-1,-1,-1
280,201,113.60,193.51,291.63,169.66,1,-1,-1,-1
280,247,590.16,164.72,41.91,41.21,1,-1,-1,-1
281,190,507.28,168.54,78.83,69.48,1,-1,-1,-1
281,201,114.35,192.64,293.25,170.06,1,-1,-1,-1
281,247,590.66,164.13,42.28,41.53,1,-1,-1,-1
282,190,506.81,168.14,79.77,70.29,1,-1,-1,-1
282,201,116.03,192.29,294.11,170.20,1,-1,-1,-1
282,247,591.00,164.00,42.43,41.64,1,-1,-1,-1
283,190,506.17,168.53,80.67,71.13,1,-1,-1,-1
283,201,119.87,192.83,292.61,169.01,1,-1,-1,-1
283,247,591.97,165.05,42.44,41.63,1,-1,-1,-1
283,202,488.61,169.43,20.77,27.60,1,-1,-1,-1
284,190,506.23,170.16,80.80,71.21,1,-1,-1,-1
284,201,124.29,194.93,289.85,167.04,1,-1,-1,-1
284,247,593.45,167.86,41.72,40.84,1,-1,-1,-1
284,202,484.78,172.00,20.85,25.99,1,-1,-1,-1
285,190,506.85,172.06,80.35,70.70,1,-1,-1,-1
285,201,129.03,196.16,288.11,165.76,1,-1,-1,-1
285,247,594.73,169.38,41.60,40.62,1,-1,-1,-1
285,202,480.46,173.75,22.50,26.19,1,-1,-1,-1
286,190,506.71,172.53,80.95,71.11,1,-1,-1,-1
286,201,135.25,199.25,282.68,162.06,1,-1,-1,-1
286,247,595.38,170.09,41.78,40.76,1,-1,-1,-1
286,202,475.20,174.82,25.29,27.56,1,-1,-1,-1
287,190,507.05,172.63,81.43,71.55,1,-1,-1,-1
287,201,140.35,200.29,279.23,159.54,1,-1,-1,-1
287,247,596.01,170.28,42.16,41.05,1,-1,-1,-1
287,202,468.74,175.38,27.92,28.78,1,-1,-1,-1
288,190,507.00,172.26,81.85,71.89,1,-1,-1,-1
288,201,142.97,199.01,279.87,159.71,1,-1,-1,-1
288,247,596.66,170.27,42.39,41.19,1,-1,-1,-1
288,202,460.76,175.79,31.17,30.52,1,-1,-1,-1
289,190,506.22,171.49,82.84,72.75,1,-1,-1,-1
289,201,145.95,198.00,279.91,159.70,1,-1,-1,-1
289,247,597.01,170.15,42.77,41.53,1,-1,-1,-1
289,202,451.25,176.08,34.51,32.32,1,-1,-1,-1
289,253,578.11,169.86,28.65,32.81,1,-1,-1,-1
290,190,505.93,171.48,83.28,73.18,1,-1,-1,-1
290,201,147.99,197.29,280.50,160.13,1,-1,-1,-1
290,247,597.09,170.48,42.96,41.68,1,-1,-1,-1
290,202,440.86,176.84,38.06,34.24,1,-1,-1,-1
290,253,577.95,170.21,28.86,33.08,1,-1,-1,-1
291,190,505.79,172.08,82.92,72.77,1,-1,-1,-1
291,201,151.25,197.12,278.61,159.08,1,-1,-1,-1
291,247,597.73,171.21,42.70,41.26,1,-1,-1,-1
291,202,429.24,177.43,41.95,36.48,1,-1,-1,-1
291,253,578.77,170.35,29.08,33.31,1,-1,-1,-1
292,190,505.52,172.49,82.82,72.53,1,-1,-1,-1
292,201,154.43,196.86,277.07,158.30,1,-1,-1,-1
292,247,598.07,171.36,42.58,41.05,1,-1,-1,-1
292,202,416.58,178.12,45.81,38.60,1,-1,-1,-1
292,253,579.75,170.15,28.93,33.12,1,-1,-1,-1
292,254,492.99,174.28,20.76,25.77,1,-1,-1,-1
293,190,504.64,171.93,83.56,73.22,1,-1,-1,-1
293,201,156.87,196.44,275.79,157.68,1,-1,-1,-1
293,247,598.25,171.47,42.44,40.80,1,-1,-1,-1
293,202,402.47,178.51,49.41,40.26,1,-1,-1,-1
293,253,579.83,170.33,28.87,33.01,1,-1,-1,-1
293,254,489.58,174.17,21.37,26.39,1,-1,-1,-1
294,190,503.97,171.70,83.71,73.43,1,-1,-1,-1
294,201,159.34,196.24,274.26,156.91,1,-1,-1,-1
294,247,598.11,171.46,42.58,40.85,1,-1,-1,-1
294,202,386.33,178.78,54.59,43.44,1,-1,-1,-1
294,253,580.11,170.40,28.90,33.03,1,-1,-1,-1
294,254,485.20,174.22,22.66,27.63,1,-1,-1,-1
295,190,503.60,171.74,83.74,73.54,1,-1,-1,-1
295,201,161.84,195.94,272.21,155.79,1,-1,-1,-1
295,247,598.21,171.45,42.60,40.78,1,-1,-1,-1
295,202,371.05,179.61,57.18,44.42,1,-1,-1,-1
295,253,579.92,170.44,29.05,33.17,1,-1,-1,-1
295,254,479.78,174.42,24.33,28.98,1,-1,-1,-1
296,190,503.58,172.15,83.57,73.45,1,-1,-1,-1
296,201,163.47,195.57,272.11,155.97,1,-1,-1,-1
296,247,598.46,171.54,42.54,40.69,1,-1,-1,-1
296,202,353.32,180.19,60.41,46.05,1,-1,-1,-1
296,253,580.12,170.28,29.43,33.58,1,-1,-1,-1
296,254,471.72,174.75,25.94,30.07,1,-1,-1,-1
297,190,503.54,172.29,83.34,73.30,1,-1,-1,-1
297,201,165.78,195.27,270.67,155.34,1,-1,-1,-1
297,247,598.38,171.55,42.72,40.86,1,-1,-1,-1
297,202,336.58,181.13,52.38,36.59,1,-1,-1,-1
297,253,579.39,170.06,29.97,34.14,1,-1,-1,-1
297,254,464.49,174.88,28.81,32.13,1,-1,-1,-1
298,190,502.79,172.32,84.08,74.12,1,-1,-1,-1
298,201,167.92,194.97,269.47,154.84,1,-1,-1,-1
298,247,598.31,171.75,43.02,41.14,1,-1,-1,-1
298,253,579.22,169.90,30.21,34.40,1,-1,-1,-1
298,254,454.74,175.65,31.49,33.79,1,-1,-1,-1
299,190,502.10,172.32,84.58,74.76,1,-1,-1,-1
299,201,168.82,193.31,270.30,155.72,1,-1,-1,-1
299,247,598.41,172.12,43.25,41.32,1,-1,-1,-1
299,253,578.75,170.31,30.61,34.85,1,-1,-1,-1
299,254,444.21,175.96,35.12,36.11,1,-1,-1,-1
300,190,501.26,172.00,84.95,75.28,1,-1,-1,-1
300,201,172.28,195.33,265.77,153.10,1,-1,-1,-1
300,247,598.04,172.14,43.54,41.57,1,-1,-1,-1
300,253,578.71,170.25,30.87,35.07,1,-1,-1,-1
300,254,431.86,176.51,39.06,38.56,1,-1,-1,-1
300,239,157.01,188.92,124.72,87.05,1,-1,-1,-1
301,190,500.73,172.23,84.95,75.44,1,-1,-1,-1
301,201,174.30,195.81,263.86,152.04,1,-1,-1,-1
301,247,597.84,172.12,43.86,41.84,1,-1,-1,-1
301,253,578.30,170.27,31.08,35.22,1,-1,-1,-1
301,254,418.17,177.14,42.87,40.47,1,-1,-1,-1
301,239,99.50,190.15,151.66,98.51,1,-1,-1,-1
302,190,500.42,172.39,84.77,75.35,1,-1,-1,-1
302,201,176.17,195.53,262.91,151.63,1,-1,-1,-1
302,247,597.74,172.15,44.30,42.24,1,-1,-1,-1
302,253,577.89,170.42,31.24,35.30,1,-1,-1,-1
302,254,403.25,177.45,47.20,42.67,1,-1,-1,-1
302,239,38.13,192.13,181.02,115.33,1,-1,-1,-1
303,190,499.40,172.29,85.27,75.87,1,-1,-1,-1
303,201,177.30,195.47,261.96,151.13,1,-1,-1,-1
303,247,597.55,172.21,44.80,42.70,1,-1,-1,-1
303,253,577.58,170.39,31.57,35.61,1,-1,-1,-1
303,254,388.23,178.00,51.83,45.44,1,-1,-1,-1
303,239,0.03,196.56,179.98,119.95,1,-1,-1,-1
304,190,498.75,172.29,85.53,76.22,1,-1,-1,-1
304,201,178.49,195.31,261.01,150.68,1,-1,-1,-1
304,247,597.29,171.80,45.41,43.29,1,-1,-1,-1
304,253,577.14,170.12,32.07,36.03,1,-1,-1,-1
304,254,371.48,178.38,55.25,46.79,1,-1,-1,-1
305,190,498.02,172.48,85.46,76.19,1,-1,-1,-1
305,201,179.54,194.76,261.29,151.05,1,-1,-1,-1
305,247,597.01,171.64,45.73,43.60,1,-1,-1,-1
305,253,577.33,169.97,32.33,36.22,1,-1,-1,-1
305,254,353.12,178.70,56.11,45.19,1,-1,-1,-1
306,190,497.59,173.40,84.97,75.61,1,-1,-1,-1
306,201,180.51,194.41,261.23,151.22,1,-1,-1,-1
306,247,596.95,171.73,45.91,43.77,1,-1,-1,-1
306,253,577.29,169.97,32.41,36.20,1,-1,-1,-1
306,254,333.68,179.69,47.08,32.75,1,-1,-1,-1
307,190,496.37,173.36,85.66,76.09,1,-1,-1,-1
307,201,179.88,191.37,264.58,153.77,1,-1,-1,-1
307,247,596.77,171.71,46.35,44.26,1,-1,-1,-1
307,253,577.76,170.04,32.02,35.69,1,-1,-1,-1
307,259,485.38,175.05,24.96,26.52,1,-1,-1,-1
308,190,495.54,173.04,86.68,77.02,1,-1,-1,-1
308,201,183.37,193.50,260.17,151.22,1,-1,-1,-1
308,247,596.98,172.41,46.09,44.04,1,-1,-1,-1
308,253,577.50,170.98,31.50,34.88,1,-1,-1,-1
308,259,481.26,176.26,26.12,27.67,1,-1,-1,-1
308,202,204.64,182.95,110.53,71.50,1,-1,-1,-1
309,190,494.86,173.53,87.36,77.65,1,-1,-1,-1
309,201,183.99,194.22,259.75,151.12,1,-1,-1,-1
309,247,597.14,173.28,46.03,43.96,1,-1,-1,-1
309,253,576.73,171.70,31.97,35.34,1,-1,-1,-1
309,259,476.40,176.78,27.76,29.18,1,-1,-1,-1
309,202,156.48,183.47,137.83,85.97,1,-1,-1,-1
310,190,494.16,174.30,87.38,77.67,1,-1,-1,-1
310,201,184.37,194.93,258.92,150.72,1,-1,-1,-1
310,247,597.24,173.76,46.01,43.91,1,-1,-1,-1
310,253,576.58,171.94,32.33,35.73,1,-1,-1,-1
310,259,470.53,177.36,29.17,30.16,1,-1,-1,-1
310,202,82.73,185.87,171.04,101.42,1,-1,-1,-1
311,190,493.01,174.30,88.21,78.48,1,-1,-1,-1
311,201,183.91,195.41,258.74,150.58,1,-1,-1,-1
311,247,597.23,174.01,46.10,43.97,1,-1,-1,-1
311,253,576.84,171.77,32.66,36.08,1,-1,-1,-1
311,259,463.26,177.79,31.36,31.69,1,-1,-1,-1
311,202,23.49,189.01,203.37,122.05,1,-1,-1,-1
312,190,491.91,174.28,89.00,79.21,1,-1,-1,-1
312,201,182.29,195.46,260.17,151.39,1,-1,-1,-1
312,247,597.16,174.17,46.33,44.16,1,-1,-1,-1
312,253,577.08,171.75,32.65,36.02,1,-1,-1,-1
312,259,455.15,177.95,34.51,33.82,1,-1,-1,-1
312,202,-18.27,192.79,204.87,129.69,1,-1,-1,-1
313,190,490.85,174.48,89.65,79.77,1,-1,-1,-1
313,201,180.29,195.60,261.60,152.22,1,-1,-1,-1
313,247,597.14,174.28,46.66,44.48,1,-1,-1,-1
313,253,576.18,173.06,31.42,34.65,1,-1,-1,-1
313,259,443.14,178.66,37.08,35.50,1,-1,-1,-1
314,190,489.63,174.80,90.08,80.10,1,-1,-1,-1
314,201,177.47,195.85,263.46,153.24,1,-1,-1,-1
314,247,597.13,174.33,46.88,44.70,1,-1,-1,-1
314,253,575.88,173.15,31.47,34.56,1,-1,-1,-1
314,259,433.03,179.00,40.94,37.75,1,-1,-1,-1
315,190,488.19,174.63,90.91,80.79,1,-1,-1,-1
315,201,174.61,196.14,265.25,154.17,1,-1,-1,-1
315,247,597.13,174.37,47.19,45.00,1,-1,-1,-1
315,253,575.97,173.20,31.47,34.46,1,-1,-1,-1
315,259,420.64,179.50,44.76,39.63,1,-1,-1,-1
316,190,486.93,174.64,91.95,81.74,1,-1,-1,-1
316,201,171.26,196.55,267.53,155.36,1,-1,-1,-1
316,247,597.01,174.48,47.54,45.34,1,-1,-1,-1
316,253,575.06,174.09,30.87,33.64,1,-1,-1,-1
316,259,406.87,180.24,48.81,41.51,1,-1,-1,-1
316,264,651.71,175.36,10.51,25.52,1,-1,-1,-1
317,190,486.01,175.20,92.57,82.25,1,-1,-1,-1
317,201,167.16,196.93,271.33,157.54,1,-1,-1,-1
317,247,597.04,174.82,47.79,45.55,1,-1,-1,-1
317,253,574.19,175.84,30.11,32.57,1,-1,-1,-1
317,259,391.38,180.94,54.16,44.43,1,-1,-1,-1
318,190,484.73,175.36,93.41,82.92,1,-1,-1,-1
318,201,162.53,196.62,275.02,159.63,1,-1,-1,-1
318,247,597.04,174.73,48.09,45.84,1,-1,-1,-1
318,253,574.05,176.07,30.32,32.61,1,-1,-1,-1
318,259,376.52,181.69,58.11,46.24,1,-1,-1,-1
319,190,483.25,174.87,94.52,83.85,1,-1,-1,-1
319,201,158.24,196.00,277.90,161.22,1,-1,-1,-1
319,247,597.00,174.49,48.25,45.99,1,-1,-1,-1
319,253,573.83,175.24,30.66,33.04,1,-1,-1,-1
319,259,359.41,182.27,61.86,47.76,1,-1,-1,-1
319,264,651.71,174.82,10.63,25.78,1,-1,-1,-1
320,190,481.93,174.31,95.13,84.32,1,-1,-1,-1
320,201,154.36,195.36,280.21,162.34,1,-1,-1,-1
320,247,596.81,173.31,48.62,46.40,1,-1,-1,-1
320,253,574.44,173.33,31.51,33.88,1,-1,-1,-1
320,259,340.90,182.16,59.97,43.51,1,-1,-1,-1
321,190,480.23,172.65,96.50,85.57,1,-1,-1,-1
321,201,150.04,194.71,283.51,164.12,1,-1,-1,-1
321,247,596.51,171.96,49.36,47.22,1,-1,-1,-1
321,253,575.01,171.68,32.16,34.40,1,-1,-1,-1
321,259,320.11,181.50,54.80,35.66,1,-1,-1,-1
322,190,479.28,171.94,97.35,86.25,1,-1,-1,-1
322,201,145.01,193.04,288.11,166.77,1,-1,-1,-1
322,247,596.23,170.74,49.96,47.92,1,-1,-1,-1
322,253,574.01,172.18,31.30,33.35,1,-1,-1,-1
323,190,478.07,171.26,98.34,87.13,1,-1,-1,-1
323,201,141.92,193.48,289.55,167.36,1,-1,-1,-1
323,247,596.34,170.36,49.84,47.88,1,-1,-1,-1
323,253,573.70,172.17,30.76,32.67,1,-1,-1,-1
323,254,156.53,184.17,133.47,84.51,1,-1,-1,-1
323,264,652.12,171.77,11.43,27.66,1,-1,-1,-1
324,190,477.35,170.75,98.92,87.63,1,-1,-1,-1
324,201,138.95,193.26,291.55,168.35,1,-1,-1,-1
324,247,596.37,170.09,49.72,47.83,1,-1,-1,-1
324,253,573.37,172.25,30.53,32.24,1,-1,-1,-1
324,254,104.50,185.16,161.11,95.29,1,-1,-1,-1
324,264,652.23,170.58,11.65,28.30,1,-1,-1,-1
325,190,477.00,170.56,98.70,87.36,1,-1,-1,-1
325,201,136.31,193.05,293.45,169.27,1,-1,-1,-1
325,247,596.37,169.98,49.65,47.79,1,-1,-1,-1
325,253,573.10,172.42,30.36,31.87,1,-1,-1,-1
325,254,42.78,187.48,193.35,112.90,1,-1,-1,-1
325,264,652.14,169.94,11.87,28.90,1,-1,-1,-1
326,190,476.91,170.30,98.40,86.94,1,-1,-1,-1
326,201,134.74,192.41,294.99,170.04,1,-1,-1,-1
326,247,596.46,169.73,49.70,47.89,1,-1,-1,-1
326,253,572.80,172.46,30.29,31.64,1,-1,-1,-1
326,254,0.79,190.01,220.03,132.52,1,-1,-1,-1
327,190,476.53,170.08,98.43,86.89,1,-1,-1,-1
327,201,134.02,191.84,296.05,170.56,1,-1,-1,-1
327,247,596.24,169.47,49.90,48.12,1,-1,-1,-1
327,253,572.65,172.38,30.26,31.56,1,-1,-1,-1
327,254,-24.05,196.72,201.81,128.62,1,-1,-1,-1
328,190,476.66,170.10,98.20,86.63,1,-1,-1,-1
328,201,135.02,192.11,295.38,170.00,1,-1,-1,-1
328,247,596.31,169.66,49.71,47.95,1,-1,-1,-1
328,253,572.41,172.49,30.50,31.73,1,-1,-1,-1
329,190,476.89,170.20,98.06,86.52,1,-1,-1,-1
329,201,137.05,192.46,294.33,169.31,1,-1,-1,-1
329,247,596.63,170.20,49.27,47.50,1,-1,-1,-1
329,253,572.96,172.24,31.11,32.27,1,-1,-1,-1
329,264,652.94,169.12,11.85,28.94,1,-1,-1,-1
330,190,477.27,170.43,97.85,86.34,1,-1,-1,-1
330,201,139.49,192.49,293.27,168.67,1,-1,-1,-1
330,247,596.64,170.53,49.28,47.50,1,-1,-1,-1
330,253,572.71,172.28,31.66,32.93,1,-1,-1,-1
330,264,652.98,169.71,11.59,28.47,1,-1,-1,-1
331,190,477.81,170.83,97.36,85.93,1,-1,-1,-1
331,201,143.02,192.87,291.40,167.68,1,-1,-1,-1
331,247,596.59,170.44,49.59,47.82,1,-1,-1,-1
331,253,572.50,172.45,32.00,33.42,1,-1,-1,-1
332,190,478.50,171.09,96.86,85.53,1,-1,-1,-1
332,201,147.73,193.35,287.74,165.52,1,-1,-1,-1
332,247,596.93,170.68,49.18,47.41,1,-1,-1,-1
332,253,573.02,172.38,32.00,33.55,1,-1,-1,-1
333,190,479.18,171.23,96.08,84.83,1,-1,-1,-1
333,201,153.38,193.29,283.77,163.25,1,-1,-1,-1
333,247,597.03,170.51,48.97,47.20,1,-1,-1,-1
333,253,573.42,172.06,31.96,33.60,1,-1,-1,-1
334,190,480.16,171.54,95.04,83.92,1,-1,-1,-1
334,201,159.03,192.80,280.64,161.58,1,-1,-1,-1
334,247,597.23,170.62,48.57,46.79,1,-1,-1,-1
334,253,573.99,172.03,31.78,33.52,1,-1,-1,-1
334,264,652.93,169.54,11.71,28.94,1,-1,-1,-1
335,190,480.83,171.19,94.61,83.62,1,-1,-1,-1
335,201,165.18,192.31,277.01,159.66,1,-1,-1,-1
335,247,597.25,170.44,48.63,46.84,1,-1,-1,-1
335,253,573.88,172.42,31.11,33.02,1,-1,-1,-1
336,190,481.87,171.09,93.52,82.67,1,-1,-1,-1
336,201,171.95,191.30,272.89,157.54,1,-1,-1,-1
336,247,597.20,170.33,48.63,46.85,1,-1,-1,-1
336,253,574.27,172.42,30.57,32.57,1,-1,-1,-1
336,267,549.40,169.85,29.36,39.44,1,-1,-1,-1
337,190,483.02,171.90,92.20,81.45,1,-1,-1,-1
337,201,179.21,191.47,268.23,155.17,1,-1,-1,-1
337,247,597.10,170.28,48.86,47.15,1,-1,-1,-1
337,253,574.22,172.83,30.47,32.71,1,-1,-1,-1
338,190,484.31,174.15,90.49,79.76,1,-1,-1,-1
338,201,186.77,192.91,262.62,152.20,1,-1,-1,-1
338,247,597.93,172.23,47.67,45.88,1,-1,-1,-1
338,253,574.04,173.93,30.60,33.17,1,-1,-1,-1
