0,1,0.45,190.14,197.40,116.76,1,-1,-1,-1
1,1,-4.32,190.63,200.24,118.56,1,-1,-1,-1
2,1,-9.87,190.62,204.69,121.61,1,-1,-1,-1
3,1,-15.44,191.20,207.66,124.15,1,-1,-1,-1
4,1,-19.60,191.90,207.83,125.40,1,-1,-1,-1
5,1,-19.92,192.60,200.03,121.98,1,-1,-1,-1
6,1,-17.12,194.15,185.93,114.57,1,-1,-1,-1
7,1,-18.03,195.22,178.96,111.82,1,-1,-1,-1
8,1,-18.66,196.45,172.21,109.37,1,-1,-1,-1
9,1,-20.04,198.16,166.40,107.76,1,-1,-1,-1
9,2,705.18,190.11,118.47,94.04,1,-1,-1,-1
10,1,-20.49,201.02,158.34,104.80,1,-1,-1,-1
10,2,707.43,190.12,118.19,93.77,1,-1,-1,-1
11,1,-19.86,206.09,147.91,100.18,1,-1,-1,-1
11,2,709.52,189.93,118.83,94.21,1,-1,-1,-1
12,1,-17.45,214.32,133.31,92.37,1,-1,-1,-1
12,2,710.94,189.49,119.53,94.67,1,-1,-1,-1
13,1,-16.17,221.85,121.36,86.16,1,-1,-1,-1
13,2,712.71,189.42,119.51,94.55,1,-1,-1,-1
14,1,-15.93,229.77,111.00,81.02,1,-1,-1,-1
14,2,714.45,189.72,119.42,94.26,1,-1,-1,-1
15,1,-18.15,234.40,104.94,79.33,1,-1,-1,-1
15,2,715.07,189.77,120.32,94.76,1,-1,-1,-1
16,1,-20.62,238.04,98.97,78.06,1,-1,-1,-1
16,2,715.99,189.63,120.82,94.91,1,-1,-1,-1
17,1,-23.99,239.66,94.43,78.43,1,-1,-1,-1
17,2,716.46,189.50,120.98,94.72,1,-1,-1,-1
18,1,-25.81,242.70,86.31,76.14,1,-1,-1,-1
18,2,717.20,189.41,120.72,94.09,1,-1,-1,-1
19,2,717.53,189.29,120.41,93.35,1,-1,-1,-1
20,2,717.73,189.31,120.36,92.83,1,-1,-1,-1
21,2,718.36,189.23,119.30,91.40,1,-1,-1,-1
22,2,717.98,189.08,119.52,91.08,1,-1,-1,-1
23,2,717.51,189.19,119.65,90.70,1,-1,-1,-1
24,2,717.55,188.96,118.39,89.16,1,-1,-1,-1
25,2,717.33,188.64,117.72,88.15,1,-1,-1,-1
26,2,716.87,188.51,117.35,87.41,1,-1,-1,-1
27,2,716.73,188.69,115.68,85.55,1,-1,-1,-1
27,4,103.47,178.62,174.44,90.18,1,-1,-1,-1
28,2,716.10,188.87,114.88,84.40,1,-1,-1,-1
28,4,95.84,178.75,175.59,90.69,1,-1,-1,-1
29,2,715.04,188.54,114.06,83.28,1,-1,-1,-1
29,4,84.74,178.57,180.91,93.33,1,-1,-1,-1
30,2,713.62,188.46,114.05,82.85,1,-1,-1,-1
30,4,74.34,178.95,184.60,95.02,1,-1,-1,-1
31,2,711.72,188.28,114.03,82.53,1,-1,-1,-1
31,4,63.66,179.14,189.11,97.08,1,-1,-1,-1
32,2,710.77,188.07,112.38,80.89,1,-1,-1,-1
32,4,53.43,179.14,192.59,98.47,1,-1,-1,-1
33,2,709.18,187.95,111.96,80.24,1,-1,-1,-1
33,4,42.23,178.95,197.92,100.73,1,-1,-1,-1
34,2,708.00,188.35,110.70,79.03,1,-1,-1,-1
34,4,30.56,179.56,203.06,102.80,1,-1,-1,-1
35,2,706.50,188.86,110.00,78.31,1,-1,-1,-1
35,4,18.78,180.33,207.96,104.64,1,-1,-1,-1
36,2,705.85,189.35,108.47,76.95,1,-1,-1,-1
36,4,8.95,181.64,211.68,105.88,1,-1,-1,-1
36,5,263.23,187.19,183.29,111.76,1,-1,-1,-1
37,2,704.68,189.41,108.11,76.49,1,-1,-1,-1
37,4,1.86,182.46,216.11,107.89,1,-1,-1,-1
37,5,261.94,187.29,183.71,112.02,1,-1,-1,-1
38,2,703.59,189.35,107.43,75.72,1,-1,-1,-1
38,4,-3.28,183.05,219.10,109.55,1,-1,-1,-1
38,5,259.57,187.40,185.59,113.19,1,-1,-1,-1
39,2,701.70,189.25,107.42,75.53,1,-1,-1,-1
39,4,-8.49,183.24,222.82,112.09,1,-1,-1,-1
39,5,257.35,187.63,186.98,114.05,1,-1,-1,-1
40,2,700.62,189.27,107.10,75.15,1,-1,-1,-1
40,4,-12.94,183.55,225.17,114.40,1,-1,-1,-1
40,5,255.37,187.86,188.32,114.86,1,-1,-1,-1
41,2,700.46,189.52,106.16,74.35,1,-1,-1,-1
41,4,-17.30,183.96,226.94,116.90,1,-1,-1,-1
41,5,252.81,187.50,190.28,116.05,1,-1,-1,-1
42,2,700.40,189.52,105.30,73.64,1,-1,-1,-1
42,4,-22.16,183.82,229.74,120.55,1,-1,-1,-1
42,5,250.21,188.01,192.16,117.15,1,-1,-1,-1
43,2,699.74,189.60,105.26,73.54,1,-1,-1,-1
43,4,-26.33,183.81,230.92,123.87,1,-1,-1,-1
43,5,247.10,188.70,194.18,118.29,1,-1,-1,-1
44,2,699.42,189.97,105.05,73.32,1,-1,-1,-1
44,4,-30.21,184.29,230.91,127.07,1,-1,-1,-1
44,5,242.81,188.26,197.77,120.40,1,-1,-1,-1
45,2,699.46,190.29,104.15,72.58,1,-1,-1,-1
45,4,-33.63,185.14,229.10,129.80,1,-1,-1,-1
45,5,238.43,188.36,200.19,121.68,1,-1,-1,-1
46,2,699.62,190.51,102.77,71.42,1,-1,-1,-1
46,4,-36.18,185.50,224.98,131.60,1,-1,-1,-1
46,5,232.15,188.73,204.58,124.22,1,-1,-1,-1
47,2,699.54,190.65,102.41,71.03,1,-1,-1,-1
47,4,-33.00,185.99,209.12,125.97,1,-1,-1,-1
47,5,225.96,189.62,208.44,126.33,1,-1,-1,-1
48,2,699.24,190.81,102.40,70.97,1,-1,-1,-1
48,4,-30.19,187.48,193.12,119.83,1,-1,-1,-1
48,5,218.31,189.71,213.69,129.29,1,-1,-1,-1
49,2,698.90,190.94,102.55,71.09,1,-1,-1,-1
49,4,-31.48,188.71,184.04,118.24,1,-1,-1,-1
49,5,210.20,191.31,217.85,131.36,1,-1,-1,-1
50,2,699.01,191.11,102.05,70.72,1,-1,-1,-1
50,4,-31.28,192.38,171.91,114.57,1,-1,-1,-1
50,5,200.74,192.59,222.87,133.77,1,-1,-1,-1
51,2,698.70,191.20,101.99,70.73,1,-1,-1,-1
51,4,-32.34,196.21,160.76,111.68,1,-1,-1,-1
51,5,188.84,192.47,230.63,137.79,1,-1,-1,-1
52,2,698.53,191.29,101.85,70.65,1,-1,-1,-1
52,4,-31.36,204.64,144.50,104.94,1,-1,-1,-1
52,5,175.79,194.80,238.29,141.51,1,-1,-1,-1
53,2,698.35,191.37,101.71,70.55,1,-1,-1,-1
53,4,-30.06,215.30,127.16,96.93,1,-1,-1,-1
53,5,161.06,195.90,246.55,145.25,1,-1,-1,-1
54,2,698.06,191.78,101.08,70.09,1,-1,-1,-1
54,4,-29.54,227.42,110.15,88.76,1,-1,-1,-1
54,5,143.39,197.14,257.34,150.32,1,-1,-1,-1
55,2,697.84,191.95,100.81,69.86,1,-1,-1,-1
55,5,122.58,197.99,270.62,156.60,1,-1,-1,-1
56,2,697.85,192.34,100.60,69.62,1,-1,-1,-1
56,5,99.10,198.51,285.85,163.69,1,-1,-1,-1
57,2,697.76,192.54,100.31,69.39,1,-1,-1,-1
57,5,72.24,199.56,301.83,170.68,1,-1,-1,-1
58,2,697.42,192.78,100.07,69.15,1,-1,-1,-1
58,5,45.16,200.96,312.61,173.28,1,-1,-1,-1
59,2,697.16,192.74,99.57,68.71,1,-1,-1,-1
59,5,28.27,202.33,318.51,173.46,1,-1,-1,-1
60,2,697.08,192.08,99.91,68.89,1,-1,-1,-1
60,5,17.96,203.54,321.47,172.82,1,-1,-1,-1
61,2,696.55,191.69,100.83,69.55,1,-1,-1,-1
61,5,10.47,205.01,321.78,171.50,1,-1,-1,-1
62,2,696.02,191.48,101.23,69.86,1,-1,-1,-1
62,5,4.33,206.68,319.15,169.29,1,-1,-1,-1
63,2,696.19,190.80,101.20,69.79,1,-1,-1,-1
63,5,-1.83,208.59,315.25,167.22,1,-1,-1,-1
63,6,179.88,188.47,141.96,68.57,1,-1,-1,-1
64,2,696.42,189.51,101.40,69.83,1,-1,-1,-1
64,5,-8.28,210.96,309.14,164.78,1,-1,-1,-1
64,6,164.51,187.56,153.01,73.97,1,-1,-1,-1
65,2,696.50,188.12,102.20,70.36,1,-1,-1,-1
65,5,-14.05,214.56,299.29,161.00,1,-1,-1,-1
65,6,149.13,186.35,160.23,77.49,1,-1,-1,-1
66,2,697.09,186.71,101.83,70.01,1,-1,-1,-1
66,5,-18.02,221.58,282.35,153.78,1,-1,-1,-1
66,6,135.38,185.03,166.17,80.35,1,-1,-1,-1
67,2,697.36,185.68,102.30,70.29,1,-1,-1,-1
67,5,-20.66,232.20,258.63,143.09,1,-1,-1,-1
67,6,122.15,184.47,171.54,82.92,1,-1,-1,-1
68,2,697.42,185.23,102.89,70.65,1,-1,-1,-1
68,5,-12.65,258.98,208.89,116.32,1,-1,-1,-1
68,6,108.89,184.15,176.39,85.17,1,-1,-1,-1
69,2,697.65,185.08,103.28,70.88,1,-1,-1,-1
69,5,1.51,298.77,139.85,76.57,1,-1,-1,-1
69,6,94.73,183.97,182.74,88.11,1,-1,-1,-1
70,2,697.50,185.10,104.00,71.40,1,-1,-1,-1
70,6,80.56,184.08,188.65,90.76,1,-1,-1,-1
70,7,332.98,179.45,139.98,96.53,1,-1,-1,-1
71,2,697.86,185.16,104.00,71.32,1,-1,-1,-1
71,6,65.91,184.44,194.31,93.13,1,-1,-1,-1
71,7,324.47,179.58,144.81,99.82,1,-1,-1,-1
72,2,697.51,185.00,104.67,71.83,1,-1,-1,-1
72,6,49.42,184.37,201.94,96.43,1,-1,-1,-1
72,7,314.72,179.40,149.71,103.12,1,-1,-1,-1
73,2,697.51,184.77,104.96,72.05,1,-1,-1,-1
73,6,32.70,184.39,209.56,99.60,1,-1,-1,-1
73,7,303.64,179.08,156.05,107.37,1,-1,-1,-1
74,2,697.04,184.75,105.94,72.80,1,-1,-1,-1
74,6,15.53,185.05,216.63,102.33,1,-1,-1,-1
74,7,292.01,179.14,162.57,111.61,1,-1,-1,-1
75,2,697.17,184.76,105.40,72.46,1,-1,-1,-1
75,6,2.95,185.66,222.63,104.93,1,-1,-1,-1
75,7,279.75,179.36,170.00,116.46,1,-1,-1,-1
76,2,697.40,184.44,104.98,72.13,1,-1,-1,-1
76,6,-6.08,185.81,227.30,107.53,1,-1,-1,-1
76,7,267.02,179.58,177.40,121.13,1,-1,-1,-1
77,2,697.52,184.44,104.41,71.71,1,-1,-1,-1
77,6,-13.64,186.30,231.18,110.42,1,-1,-1,-1
77,7,252.76,179.75,185.84,126.42,1,-1,-1,-1
78,2,696.88,184.44,104.81,72.08,1,-1,-1,-1
78,6,-21.79,185.96,237.30,115.26,1,-1,-1,-1
78,7,237.54,180.06,195.15,132.15,1,-1,-1,-1
79,2,696.97,184.37,104.42,71.85,1,-1,-1,-1
79,6,-27.69,186.71,238.86,118.50,1,-1,-1,-1
79,7,220.84,180.10,204.98,138.03,1,-1,-1,-1
80,2,697.03,184.39,103.80,71.48,1,-1,-1,-1
80,6,-33.92,187.27,240.46,122.53,1,-1,-1,-1
80,7,202.15,180.32,216.55,144.90,1,-1,-1,-1
81,2,696.41,184.65,103.32,71.26,1,-1,-1,-1
81,6,-39.16,188.56,239.63,125.99,1,-1,-1,-1
81,7,181.28,181.08,229.52,152.52,1,-1,-1,-1
82,2,696.16,185.22,101.97,70.40,1,-1,-1,-1
82,6,-40.79,189.28,230.47,125.28,1,-1,-1,-1
82,7,158.76,182.32,243.09,160.10,1,-1,-1,-1
83,2,695.74,185.38,100.98,69.79,1,-1,-1,-1
83,6,-36.82,190.47,207.20,116.30,1,-1,-1,-1
83,7,133.71,183.14,258.27,168.35,1,-1,-1,-1
84,2,694.86,185.46,100.46,69.60,1,-1,-1,-1
84,6,-38.31,192.40,191.21,111.67,1,-1,-1,-1
84,7,105.03,183.80,276.00,177.83,1,-1,-1,-1
85,2,693.97,185.85,100.00,69.44,1,-1,-1,-1
85,7,73.25,184.25,294.32,186.84,1,-1,-1,-1
86,2,693.32,185.95,98.55,68.48,1,-1,-1,-1
86,7,42.02,184.68,306.86,190.53,1,-1,-1,-1
87,2,692.93,185.78,96.74,67.14,1,-1,-1,-1
87,7,25.12,185.45,313.19,191.14,1,-1,-1,-1
88,2,691.69,185.77,94.81,65.83,1,-1,-1,-1
88,7,14.81,186.71,315.80,190.32,1,-1,-1,-1
89,2,690.47,185.88,93.98,65.33,1,-1,-1,-1
89,7,6.90,188.03,316.07,189.03,1,-1,-1,-1
90,2,689.33,185.91,92.72,64.43,1,-1,-1,-1
90,7,-0.11,189.14,314.17,187.37,1,-1,-1,-1
91,2,687.93,185.86,91.66,63.80,1,-1,-1,-1
91,7,-6.52,191.18,309.94,185.18,1,-1,-1,-1
92,2,686.22,185.70,90.64,63.21,1,-1,-1,-1
92,7,-13.11,193.42,303.80,182.78,1,-1,-1,-1
93,2,684.96,185.22,88.57,61.81,1,-1,-1,-1
93,7,-19.71,196.45,294.61,179.50,1,-1,-1,-1
94,2,683.60,184.69,87.00,60.83,1,-1,-1,-1
94,7,-25.51,202.12,280.17,173.77,1,-1,-1,-1
95,2,682.35,184.45,85.59,59.86,1,-1,-1,-1
95,7,-25.06,218.51,248.83,157.11,1,-1,-1,-1
96,2,680.89,184.30,83.81,58.70,1,-1,-1,-1
96,7,-16.43,251.78,194.46,124.05,1,-1,-1,-1
96,8,80.42,186.90,171.56,83.75,1,-1,-1,-1
96,9,230.85,183.01,209.56,122.14,1,-1,-1,-1
97,2,679.02,184.17,83.50,58.66,1,-1,-1,-1
97,8,64.00,187.50,176.40,86.14,1,-1,-1,-1
97,9,216.24,184.06,217.65,126.79,1,-1,-1,-1
98,2,677.64,184.05,82.09,57.81,1,-1,-1,-1
98,8,43.24,188.01,182.36,89.13,1,-1,-1,-1
98,9,198.69,185.53,226.90,132.00,1,-1,-1,-1
99,2,675.85,184.00,80.78,57.09,1,-1,-1,-1
99,8,22.19,188.70,188.61,92.30,1,-1,-1,-1
99,9,179.93,186.47,237.17,137.62,1,-1,-1,-1
100,2,674.22,183.70,79.03,55.97,1,-1,-1,-1
100,8,2.40,189.26,193.41,94.74,1,-1,-1,-1
100,9,159.79,187.77,248.37,143.53,1,-1,-1,-1
101,2,672.88,183.54,77.52,55.00,1,-1,-1,-1
101,8,-11.95,189.61,197.68,97.49,1,-1,-1,-1
101,9,138.13,188.93,260.57,149.70,1,-1,-1,-1
102,2,671.77,183.40,75.91,53.95,1,-1,-1,-1
102,8,-20.31,190.63,194.34,96.94,1,-1,-1,-1
102,9,113.36,189.81,275.30,156.97,1,-1,-1,-1
103,2,670.68,182.87,74.13,52.79,1,-1,-1,-1
103,8,-27.13,191.17,190.50,96.73,1,-1,-1,-1
103,9,85.71,189.91,294.13,166.31,1,-1,-1,-1
104,2,670.21,182.47,71.87,51.34,1,-1,-1,-1
104,8,-35.40,191.18,188.75,98.44,1,-1,-1,-1
104,9,56.30,189.97,312.98,175.14,1,-1,-1,-1
105,2,669.15,182.46,69.94,50.04,1,-1,-1,-1
105,9,28.37,189.67,331.27,183.29,1,-1,-1,-1
106,2,667.76,182.34,69.09,49.54,1,-1,-1,-1
106,9,14.74,190.50,338.68,185.67,1,-1,-1,-1
107,2,666.53,181.85,67.89,48.75,1,-1,-1,-1
107,9,7.05,191.03,341.85,186.11,1,-1,-1,-1
108,2,665.35,181.34,67.46,48.56,1,-1,-1,-1
108,9,1.47,191.44,343.16,186.05,1,-1,-1,-1
109,2,664.85,181.06,66.14,47.81,1,-1,-1,-1
109,9,-2.51,192.53,341.97,185.02,1,-1,-1,-1
110,2,663.99,180.95,64.81,46.99,1,-1,-1,-1
110,9,-5.57,194.25,338.32,183.01,1,-1,-1,-1
111,2,663.26,180.94,63.46,46.13,1,-1,-1,-1
111,9,-8.43,196.26,332.99,180.48,1,-1,-1,-1
112,2,662.76,180.61,62.24,45.34,1,-1,-1,-1
112,9,-11.35,197.91,327.51,178.28,1,-1,-1,-1
112,10,228.60,182.89,117.06,58.89,1,-1,-1,-1
113,2,662.05,180.40,60.76,44.37,1,-1,-1,-1
113,9,-14.85,199.48,321.71,176.40,1,-1,-1,-1
113,10,223.77,182.81,118.98,59.84,1,-1,-1,-1
114,2,661.94,180.47,59.33,43.42,1,-1,-1,-1
114,9,-17.82,201.79,313.97,173.83,1,-1,-1,-1
114,10,218.32,183.03,121.15,60.90,1,-1,-1,-1
115,2,661.63,180.22,58.59,43.02,1,-1,-1,-1
115,9,-17.38,208.84,298.13,166.60,1,-1,-1,-1
115,10,213.05,183.12,123.43,61.99,1,-1,-1,-1
116,2,661.50,179.98,57.49,42.39,1,-1,-1,-1
116,9,-18.49,214.73,284.16,160.65,1,-1,-1,-1
116,10,207.63,183.22,125.23,62.80,1,-1,-1,-1
117,2,661.52,180.18,55.88,41.21,1,-1,-1,-1
117,9,-16.04,226.23,261.11,149.06,1,-1,-1,-1
117,10,202.23,183.37,127.76,63.99,1,-1,-1,-1
118,2,661.06,180.26,55.01,40.59,1,-1,-1,-1
118,9,-13.07,239.86,235.40,135.53,1,-1,-1,-1
118,10,196.63,183.59,130.20,65.06,1,-1,-1,-1
119,2,660.19,180.08,54.45,40.34,1,-1,-1,-1
119,9,-4.66,262.50,196.33,112.90,1,-1,-1,-1
119,10,190.51,183.57,132.73,66.12,1,-1,-1,-1
119,11,371.54,180.20,105.35,71.69,1,-1,-1,-1
120,2,660.10,180.09,53.09,39.47,1,-1,-1,-1
120,9,7.16,291.77,148.16,83.48,1,-1,-1,-1
120,10,184.72,183.47,135.07,67.05,1,-1,-1,-1
120,11,369.41,180.61,105.94,72.05,1,-1,-1,-1
121,2,659.74,179.91,52.03,38.85,1,-1,-1,-1
121,9,10.39,311.52,115.36,63.63,1,-1,-1,-1
121,10,178.77,183.39,138.04,68.30,1,-1,-1,-1
121,11,366.46,180.65,107.20,72.87,1,-1,-1,-1
122,2,658.97,179.63,51.90,38.88,1,-1,-1,-1
122,9,6.43,324.93,92.05,50.19,1,-1,-1,-1
122,10,173.01,183.55,140.42,69.19,1,-1,-1,-1
122,11,363.31,180.54,108.82,73.90,1,-1,-1,-1
123,2,658.50,179.56,50.79,38.14,1,-1,-1,-1
123,10,166.73,183.45,143.03,70.18,1,-1,-1,-1
123,11,359.85,180.26,111.32,75.54,1,-1,-1,-1
124,2,658.53,179.30,48.68,36.63,1,-1,-1,-1
124,10,160.63,183.24,145.10,70.80,1,-1,-1,-1
124,11,356.43,179.97,112.92,76.53,1,-1,-1,-1
125,2,657.95,179.21,47.91,36.06,1,-1,-1,-1
125,10,153.64,183.10,149.02,72.41,1,-1,-1,-1
125,11,352.81,179.94,114.79,77.67,1,-1,-1,-1
126,2,657.25,179.27,47.42,35.75,1,-1,-1,-1
126,10,146.59,183.35,152.11,73.48,1,-1,-1,-1
126,11,348.88,180.15,117.07,79.08,1,-1,-1,-1
127,2,656.12,179.11,46.73,35.34,1,-1,-1,-1
127,10,139.60,183.48,154.82,74.35,1,-1,-1,-1
127,11,345.03,180.33,119.03,80.24,1,-1,-1,-1
128,2,655.35,178.82,46.14,34.95,1,-1,-1,-1
128,10,131.84,183.27,158.61,75.75,1,-1,-1,-1
128,11,341.20,180.34,120.78,81.16,1,-1,-1,-1
129,2,654.68,178.65,45.05,34.21,1,-1,-1,-1
129,10,124.43,183.29,161.69,76.72,1,-1,-1,-1
129,11,336.40,180.25,123.99,83.17,1,-1,-1,-1
130,2,654.03,178.91,44.01,33.51,1,-1,-1,-1
130,10,117.11,183.57,165.34,77.96,1,-1,-1,-1
130,11,332.00,180.51,126.38,84.52,1,-1,-1,-1
131,2,653.41,179.16,42.90,32.74,1,-1,-1,-1
131,10,108.93,183.77,169.37,79.35,1,-1,-1,-1
131,11,327.73,180.95,128.21,85.50,1,-1,-1,-1
132,2,652.47,179.16,41.60,31.74,1,-1,-1,-1
132,10,101.10,184.20,173.09,80.58,1,-1,-1,-1
132,11,323.56,181.07,130.15,86.46,1,-1,-1,-1
133,2,652.13,179.05,40.01,30.43,1,-1,-1,-1
133,10,93.65,184.33,176.49,81.60,1,-1,-1,-1
133,11,319.12,180.91,132.52,87.77,1,-1,-1,-1
134,2,650.91,179.06,39.35,29.91,1,-1,-1,-1
134,10,85.71,184.48,179.91,82.60,1,-1,-1,-1
134,11,314.90,180.95,134.80,88.96,1,-1,-1,-1
135,2,649.87,178.92,39.02,29.63,1,-1,-1,-1
135,10,78.17,184.48,183.55,83.60,1,-1,-1,-1
135,11,311.13,180.91,136.66,89.85,1,-1,-1,-1
136,2,648.45,178.76,38.80,29.45,1,-1,-1,-1
136,10,70.31,184.49,187.50,84.79,1,-1,-1,-1
136,11,306.48,180.86,139.43,91.30,1,-1,-1,-1
137,2,648.04,178.71,38.59,29.36,1,-1,-1,-1
137,10,62.24,184.72,191.70,86.05,1,-1,-1,-1
137,11,302.82,181.05,141.73,92.44,1,-1,-1,-1
138,2,647.51,178.89,38.26,29.19,1,-1,-1,-1
138,10,54.15,185.13,195.55,87.12,1,-1,-1,-1
138,11,298.65,181.37,144.19,93.69,1,-1,-1,-1
139,2,647.20,178.68,37.82,28.91,1,-1,-1,-1
139,10,46.69,185.41,199.31,88.13,1,-1,-1,-1
139,11,295.17,181.44,146.38,94.70,1,-1,-1,-1
140,2,646.71,178.53,37.09,28.42,1,-1,-1,-1
140,10,39.18,185.59,203.01,89.09,1,-1,-1,-1
140,11,290.97,181.72,149.19,96.15,1,-1,-1,-1
141,2,646.05,178.63,36.51,28.06,1,-1,-1,-1
141,10,30.80,185.77,208.16,90.74,1,-1,-1,-1
141,11,287.08,182.06,151.69,97.41,1,-1,-1,-1
142,2,645.46,178.59,36.05,27.83,1,-1,-1,-1
142,10,21.24,184.35,215.76,93.68,1,-1,-1,-1
142,11,283.10,182.00,154.68,99.00,1,-1,-1,-1
143,2,645.20,178.57,35.57,27.51,1,-1,-1,-1
143,10,13.71,185.23,219.60,94.81,1,-1,-1,-1
143,11,278.99,182.16,157.23,100.34,1,-1,-1,-1
144,2,644.74,178.76,35.04,27.16,1,-1,-1,-1
144,10,6.76,186.03,222.68,95.58,1,-1,-1,-1
144,11,275.22,182.68,159.26,101.24,1,-1,-1,-1
145,10,2.17,186.53,225.77,96.65,1,-1,-1,-1
145,11,271.73,183.10,161.32,102.10,1,-1,-1,-1
146,10,-0.97,187.34,227.21,97.24,1,-1,-1,-1
146,11,267.61,183.56,164.02,103.49,1,-1,-1,-1
147,10,-4.62,187.77,229.83,98.72,1,-1,-1,-1
147,11,263.43,183.69,166.89,104.97,1,-1,-1,-1
148,10,-7.68,188.02,231.75,100.18,1,-1,-1,-1
148,11,258.70,183.65,170.05,106.67,1,-1,-1,-1
149,10,-9.94,188.50,231.76,101.01,1,-1,-1,-1
149,11,254.73,183.90,171.97,107.52,1,-1,-1,-1
149,2,640.67,179.21,32.97,25.69,1,-1,-1,-1
150,10,-12.79,188.75,232.34,102.42,1,-1,-1,-1
150,11,250.79,184.22,173.83,108.19,1,-1,-1,-1
151,10,-15.45,189.35,233.27,104.27,1,-1,-1,-1
151,11,246.90,184.74,175.91,109.03,1,-1,-1,-1
152,10,-17.55,190.07,234.09,106.27,1,-1,-1,-1
152,11,242.21,185.02,178.95,110.45,1,-1,-1,-1
153,10,-20.87,190.29,233.71,108.17,1,-1,-1,-1
153,11,236.93,185.13,182.56,112.32,1,-1,-1,-1
154,10,-24.19,190.55,233.95,110.73,1,-1,-1,-1
154,11,232.56,185.29,185.23,113.58,1,-1,-1,-1
155,10,-27.12,191.49,233.12,113.12,1,-1,-1,-1
155,11,227.90,186.07,187.58,114.56,1,-1,-1,-1
155,13,967.86,199.02,265.34,175.08,1,-1,-1,-1
156,10,-29.87,193.30,231.55,115.49,1,-1,-1,-1
156,11,222.56,187.35,190.98,116.23,1,-1,-1,-1
156,13,942.97,190.47,279.55,183.94,1,-1,-1,-1
157,10,-31.21,195.29,225.51,115.80,1,-1,-1,-1
157,11,216.14,188.56,194.90,118.22,1,-1,-1,-1
157,13,921.26,186.31,287.70,188.01,1,-1,-1,-1
158,10,-30.93,196.43,215.26,113.86,1,-1,-1,-1
158,11,208.87,189.18,198.95,120.28,1,-1,-1,-1
158,13,904.01,185.41,292.18,188.64,1,-1,-1,-1
159,10,-27.23,196.75,196.58,106.84,1,-1,-1,-1
159,11,200.67,189.06,203.06,122.33,1,-1,-1,-1
159,13,887.88,184.62,298.39,189.35,1,-1,-1,-1
160,10,-27.71,196.78,184.42,103.47,1,-1,-1,-1
160,11,190.70,188.16,208.30,125.02,1,-1,-1,-1
160,13,871.56,183.07,306.15,190.32,1,-1,-1,-1
161,10,-28.75,199.21,171.24,99.59,1,-1,-1,-1
161,11,179.45,187.94,213.07,127.32,1,-1,-1,-1
161,13,834.83,182.64,307.63,189.03,1,-1,-1,-1
162,10,-27.65,208.33,150.71,91.12,1,-1,-1,-1
162,11,166.13,188.31,218.24,129.71,1,-1,-1,-1
162,13,801.00,182.35,294.96,180.03,1,-1,-1,-1
163,10,-27.18,221.51,128.88,81.54,1,-1,-1,-1
163,11,150.84,188.95,224.26,132.42,1,-1,-1,-1
163,13,772.99,182.12,274.66,167.06,1,-1,-1,-1
164,10,-31.27,231.12,112.49,75.67,1,-1,-1,-1
164,11,133.29,189.35,231.86,135.96,1,-1,-1,-1
164,13,752.35,181.61,251.11,152.53,1,-1,-1,-1
165,11,113.37,189.77,240.49,139.83,1,-1,-1,-1
165,13,733.55,181.49,231.67,140.85,1,-1,-1,-1
166,11,90.67,190.67,250.75,144.45,1,-1,-1,-1
166,13,717.40,181.90,216.06,131.75,1,-1,-1,-1
167,11,65.13,191.82,262.30,149.51,1,-1,-1,-1
167,13,703.43,182.76,200.36,122.73,1,-1,-1,-1
168,11,34.77,192.48,277.06,156.12,1,-1,-1,-1
168,13,691.47,183.49,186.72,114.99,1,-1,-1,-1
169,11,11.03,192.70,291.43,163.67,1,-1,-1,-1
169,13,680.62,183.14,173.92,107.68,1,-1,-1,-1
170,11,-7.50,192.94,304.79,172.46,1,-1,-1,-1
170,13,669.99,182.58,163.79,102.08,1,-1,-1,-1
171,11,-21.14,193.49,311.16,178.72,1,-1,-1,-1
171,13,659.07,182.28,155.66,97.80,1,-1,-1,-1
172,11,-30.50,194.11,308.70,180.93,1,-1,-1,-1
172,13,648.20,182.04,149.47,94.84,1,-1,-1,-1
173,11,-38.05,195.86,299.83,180.37,1,-1,-1,-1
173,13,638.20,181.80,142.69,91.43,1,-1,-1,-1
174,11,-45.99,197.52,287.75,179.00,1,-1,-1,-1
174,13,629.04,181.31,136.69,88.55,1,-1,-1,-1
175,11,-53.39,200.66,271.46,176.01,1,-1,-1,-1
175,13,619.73,180.88,130.73,85.64,1,-1,-1,-1
176,11,-55.05,214.65,237.66,161.66,1,-1,-1,-1
176,13,610.24,180.76,125.20,82.88,1,-1,-1,-1
177,13,601.98,180.90,118.53,79.20,1,-1,-1,-1
178,13,593.02,180.62,114.20,77.10,1,-1,-1,-1
178,15,132.13,196.75,183.41,97.65,1,-1,-1,-1
179,13,584.24,180.25,109.99,75.05,1,-1,-1,-1
179,15,98.59,197.81,195.51,103.96,1,-1,-1,-1
180,13,575.66,179.44,106.27,73.38,1,-1,-1,-1
180,15,54.89,198.75,210.52,111.56,1,-1,-1,-1
181,13,566.91,178.81,103.33,72.28,1,-1,-1,-1
181,15,13.16,199.46,229.25,121.26,1,-1,-1,-1
182,13,558.98,178.58,99.37,70.21,1,-1,-1,-1
182,15,-16.95,200.95,248.10,132.12,1,-1,-1,-1
183,13,551.31,178.45,96.16,68.67,1,-1,-1,-1
183,15,-43.77,203.90,267.08,144.75,1,-1,-1,-1
184,13,545.13,177.99,92.49,66.69,1,-1,-1,-1
184,15,-63.45,206.82,271.03,151.00,1,-1,-1,-1
185,13,539.42,178.00,89.56,65.18,1,-1,-1,-1
185,15,-66.47,213.82,238.80,137.65,1,-1,-1,-1
186,13,534.87,177.83,86.15,63.20,1,-1,-1,-1
187,13,530.58,177.90,83.86,61.99,1,-1,-1,-1
188,13,527.17,178.17,81.74,60.92,1,-1,-1,-1
189,13,524.25,178.57,79.48,59.76,1,-1,-1,-1
190,13,521.71,179.08,78.00,59.21,1,-1,-1,-1
190,16,-17.49,202.41,241.71,122.92,1,-1,-1,-1
191,13,519.20,179.11,75.64,57.87,1,-1,-1,-1
191,16,-40.38,204.39,263.05,134.72,1,-1,-1,-1
191,17,423.59,180.65,65.04,57.03,1,-1,-1,-1
191,18,179.37,188.90,131.41,64.24,1,-1,-1,-1
192,13,518.03,179.28,73.30,56.50,1,-1,-1,-1
192,16,-49.26,207.91,249.04,129.10,1,-1,-1,-1
192,17,420.75,180.66,65.12,57.06,1,-1,-1,-1
192,18,163.28,189.39,136.80,66.81,1,-1,-1,-1
193,13,517.03,179.44,72.11,55.97,1,-1,-1,-1
193,16,-48.92,222.56,210.91,111.31,1,-1,-1,-1
193,17,417.40,180.93,66.04,57.78,1,-1,-1,-1
193,18,141.42,190.13,144.19,70.19,1,-1,-1,-1
194,13,517.06,179.34,69.71,54.45,1,-1,-1,-1
194,17,413.47,180.60,68.25,59.62,1,-1,-1,-1
194,18,119.72,190.14,153.53,74.39,1,-1,-1,-1
195,13,517.01,178.67,68.25,53.57,1,-1,-1,-1
195,17,409.36,179.95,71.45,62.30,1,-1,-1,-1
195,18,96.99,189.83,163.68,78.83,1,-1,-1,-1
196,13,516.75,177.85,67.64,53.39,1,-1,-1,-1
196,17,405.87,179.53,73.36,63.80,1,-1,-1,-1
196,18,70.98,189.57,175.73,83.94,1,-1,-1,-1
197,13,517.44,177.21,66.40,52.79,1,-1,-1,-1
197,17,402.83,179.28,74.90,64.84,1,-1,-1,-1
197,18,42.40,189.61,188.60,89.10,1,-1,-1,-1
198,13,518.89,176.68,64.84,51.81,1,-1,-1,-1
198,17,400.06,178.85,76.97,66.27,1,-1,-1,-1
198,18,16.71,189.83,201.60,94.41,1,-1,-1,-1
199,13,520.52,176.58,63.09,50.65,1,-1,-1,-1
199,17,396.83,178.73,80.00,68.53,1,-1,-1,-1
199,18,-1.29,190.68,213.44,100.00,1,-1,-1,-1
200,13,522.10,176.38,62.64,50.63,1,-1,-1,-1
200,17,393.35,178.82,83.52,71.17,1,-1,-1,-1
200,18,-17.39,191.26,226.44,107.29,1,-1,-1,-1
201,13,524.22,176.29,60.98,49.51,1,-1,-1,-1
201,17,389.69,178.95,87.01,73.72,1,-1,-1,-1
201,18,-32.63,192.63,237.92,115.20,1,-1,-1,-1
201,19,251.08,184.59,97.74,53.85,1,-1,-1,-1
202,13,526.13,176.45,60.20,49.14,1,-1,-1,-1
202,17,385.39,179.08,90.38,76.22,1,-1,-1,-1
202,18,-47.46,193.86,247.48,123.75,1,-1,-1,-1
202,19,243.49,184.76,99.91,54.99,1,-1,-1,-1
203,13,528.55,176.58,59.06,48.34,1,-1,-1,-1
203,17,381.86,178.88,93.61,78.32,1,-1,-1,-1
203,18,-48.63,196.47,226.99,117.38,1,-1,-1,-1
203,19,231.75,184.53,106.54,58.60,1,-1,-1,-1
204,13,530.82,176.36,58.49,48.06,1,-1,-1,-1
204,17,377.48,178.77,97.79,81.21,1,-1,-1,-1
204,18,-46.45,206.01,196.40,105.57,1,-1,-1,-1
204,19,220.38,184.65,111.70,61.32,1,-1,-1,-1
205,13,532.46,176.39,58.61,48.47,1,-1,-1,-1
205,17,371.13,178.81,103.08,85.25,1,-1,-1,-1
205,19,208.62,184.77,116.62,63.73,1,-1,-1,-1
206,13,534.74,176.24,57.93,48.19,1,-1,-1,-1
206,17,365.65,178.92,106.87,87.79,1,-1,-1,-1
206,19,195.04,184.38,123.38,67.13,1,-1,-1,-1
207,13,537.29,175.85,57.14,47.78,1,-1,-1,-1
207,17,360.86,178.97,110.98,90.24,1,-1,-1,-1
207,19,179.94,184.42,129.56,69.92,1,-1,-1,-1
208,13,540.19,175.95,55.71,46.82,1,-1,-1,-1
208,17,354.47,179.78,115.89,93.25,1,-1,-1,-1
208,19,165.13,185.41,136.25,72.89,1,-1,-1,-1
209,13,542.69,175.87,55.01,46.43,1,-1,-1,-1
209,17,346.89,180.04,122.45,97.63,1,-1,-1,-1
209,19,147.84,186.66,144.41,76.47,1,-1,-1,-1
210,13,545.40,176.22,54.07,45.80,1,-1,-1,-1
210,17,339.06,180.71,128.26,101.18,1,-1,-1,-1
210,19,129.06,187.58,152.49,79.73,1,-1,-1,-1
211,13,548.38,176.58,52.00,44.09,1,-1,-1,-1
211,17,329.62,181.03,135.67,105.92,1,-1,-1,-1
211,19,107.10,188.70,162.27,83.52,1,-1,-1,-1
212,13,550.54,175.84,51.66,43.93,1,-1,-1,-1
212,17,319.65,180.72,142.81,110.24,1,-1,-1,-1
212,19,81.65,189.10,173.43,87.64,1,-1,-1,-1
213,13,552.87,176.00,49.96,42.47,1,-1,-1,-1
213,17,308.03,180.94,150.86,115.09,1,-1,-1,-1
213,19,51.44,189.99,187.82,93.08,1,-1,-1,-1
214,13,554.36,175.41,50.00,42.61,1,-1,-1,-1
214,17,294.57,180.74,160.11,120.74,1,-1,-1,-1
214,19,23.46,190.73,203.01,99.16,1,-1,-1,-1
215,13,555.76,175.24,49.68,42.39,1,-1,-1,-1
215,17,279.00,180.67,170.98,127.50,1,-1,-1,-1
215,19,4.19,191.78,214.79,104.73,1,-1,-1,-1
216,13,556.84,175.74,49.40,42.24,1,-1,-1,-1
216,17,260.35,180.46,184.53,136.16,1,-1,-1,-1
216,19,-13.05,193.53,226.24,111.68,1,-1,-1,-1
217,13,557.46,176.18,49.32,42.35,1,-1,-1,-1
217,17,239.77,181.00,198.34,144.71,1,-1,-1,-1
217,19,-30.76,195.01,238.16,120.74,1,-1,-1,-1
218,13,558.18,176.68,48.37,41.64,1,-1,-1,-1
218,17,215.92,181.46,213.71,153.92,1,-1,-1,-1
218,19,-38.63,197.49,228.52,119.56,1,-1,-1,-1
219,13,558.64,176.65,47.54,41.01,1,-1,-1,-1
219,17,188.47,182.22,231.21,164.10,1,-1,-1,-1
219,19,-43.73,201.13,209.57,114.09,1,-1,-1,-1
220,13,559.01,176.80,46.92,40.52,1,-1,-1,-1
220,17,156.31,183.28,251.30,175.35,1,-1,-1,-1
220,19,-40.15,219.95,169.04,96.12,1,-1,-1,-1
221,13,559.37,177.07,46.39,40.13,1,-1,-1,-1
221,17,119.81,183.57,271.80,185.49,1,-1,-1,-1
221,22,370.03,189.46,92.56,74.66,1,-1,-1,-1
222,13,559.28,177.05,46.04,39.89,1,-1,-1,-1
222,17,79.55,184.66,287.83,189.63,1,-1,-1,-1
222,22,361.28,189.81,95.20,76.64,1,-1,-1,-1
223,13,558.97,176.87,46.00,39.95,1,-1,-1,-1
223,17,51.40,186.48,297.94,189.80,1,-1,-1,-1
223,22,349.44,190.53,99.66,79.90,1,-1,-1,-1
224,13,558.93,176.91,45.61,39.71,1,-1,-1,-1
224,17,33.81,187.28,305.29,189.78,1,-1,-1,-1
224,22,336.38,191.29,105.67,84.18,1,-1,-1,-1
225,13,559.06,176.78,45.14,39.37,1,-1,-1,-1
225,17,21.01,187.92,309.06,188.99,1,-1,-1,-1
225,22,322.33,191.51,112.53,88.80,1,-1,-1,-1
226,13,559.08,177.04,44.75,39.11,1,-1,-1,-1
226,17,9.69,189.09,309.63,187.77,1,-1,-1,-1
226,22,307.65,192.35,118.75,92.46,1,-1,-1,-1
227,13,559.28,177.23,44.45,38.94,1,-1,-1,-1
227,17,1.14,193.59,302.24,182.73,1,-1,-1,-1
227,22,292.52,193.60,126.26,96.85,1,-1,-1,-1
228,13,559.15,177.29,44.30,38.92,1,-1,-1,-1
228,17,-8.38,199.48,290.95,176.77,1,-1,-1,-1
228,22,275.30,194.70,135.91,102.63,1,-1,-1,-1
229,13,559.35,177.32,44.22,38.95,1,-1,-1,-1
229,17,-15.02,212.52,266.65,163.69,1,-1,-1,-1
229,22,256.24,195.55,146.86,109.07,1,-1,-1,-1
230,13,560.11,177.32,43.65,38.45,1,-1,-1,-1
230,17,-5.66,254.21,200.23,122.15,1,-1,-1,-1
230,22,234.81,196.55,159.86,116.78,1,-1,-1,-1
231,13,560.97,177.20,43.21,38.03,1,-1,-1,-1
231,22,211.21,197.62,173.59,124.47,1,-1,-1,-1
232,13,561.70,176.79,43.41,38.19,1,-1,-1,-1
232,22,184.10,198.36,189.98,133.61,1,-1,-1,-1
233,13,563.12,176.94,42.84,37.69,1,-1,-1,-1
233,22,152.75,199.66,209.34,144.30,1,-1,-1,-1
234,13,564.77,176.52,42.47,37.37,1,-1,-1,-1
234,22,116.08,200.68,231.64,156.30,1,-1,-1,-1
235,13,566.19,177.02,41.74,36.71,1,-1,-1,-1
235,22,73.68,201.75,255.03,167.66,1,-1,-1,-1
236,13,566.97,177.45,41.89,36.84,1,-1,-1,-1
236,22,42.84,204.32,267.11,170.83,1,-1,-1,-1
237,13,567.88,177.48,41.63,36.60,1,-1,-1,-1
237,22,25.27,207.35,271.06,169.79,1,-1,-1,-1
238,13,568.92,177.78,41.67,36.62,1,-1,-1,-1
238,22,13.54,211.52,268.58,165.87,1,-1,-1,-1
239,13,569.85,177.95,41.29,36.23,1,-1,-1,-1
239,22,3.54,217.19,261.32,160.29,1,-1,-1,-1
240,13,570.27,177.56,41.71,36.50,1,-1,-1,-1
240,22,-4.42,227.38,244.96,150.21,1,-1,-1,-1
241,13,571.24,176.98,41.95,36.75,1,-1,-1,-1
241,22,-7.73,247.28,211.85,130.08,1,-1,-1,-1
242,13,572.40,176.74,41.52,36.41,1,-1,-1,-1
242,22,2.24,297.05,134.07,79.86,1,-1,-1,-1
243,13,573.42,176.51,41.46,36.40,1,-1,-1,-1
244,13,574.64,176.67,41.34,36.24,1,-1,-1,-1
245,13,575.18,176.87,41.70,36.53,1,-1,-1,-1
246,13,575.93,176.88,42.03,36.80,1,-1,-1,-1
247,13,576.47,176.39,42.40,37.14,1,-1,-1,-1
248,13,577.55,176.40,42.71,37.39,1,-1,-1,-1
248,27,219.78,185.24,113.14,70.48,1,-1,-1,-1
249,13,578.38,176.00,42.83,37.49,1,-1,-1,-1
249,27,196.20,185.35,120.24,74.66,1,-1,-1,-1
250,13,579.17,175.63,42.78,37.49,1,-1,-1,-1
250,27,167.67,184.75,130.64,80.73,1,-1,-1,-1
251,13,580.21,175.23,42.50,37.28,1,-1,-1,-1
251,27,135.80,185.34,141.38,86.47,1,-1,-1,-1
252,13,580.98,174.98,42.24,37.03,1,-1,-1,-1
252,27,97.36,184.42,156.89,94.54,1,-1,-1,-1
253,13,581.15,174.79,42.26,37.04,1,-1,-1,-1
253,27,51.44,183.88,175.78,103.86,1,-1,-1,-1
254,13,580.73,174.69,42.64,37.38,1,-1,-1,-1
254,27,19.81,185.23,190.17,111.08,1,-1,-1,-1
255,13,580.26,174.83,43.06,37.75,1,-1,-1,-1
255,27,-5.46,186.60,205.79,120.56,1,-1,-1,-1
256,13,579.98,175.02,43.51,38.20,1,-1,-1,-1
256,27,-28.07,188.54,215.51,128.55,1,-1,-1,-1
257,13,579.55,175.22,43.97,38.62,1,-1,-1,-1
257,27,-38.85,193.30,196.73,120.52,1,-1,-1,-1
258,13,579.15,175.24,44.39,39.07,1,-1,-1,-1
259,13,578.61,175.33,44.83,39.50,1,-1,-1,-1
260,13,578.11,175.31,45.17,39.82,1,-1,-1,-1
261,13,577.74,175.32,45.34,40.00,1,-1,-1,-1
262,13,577.59,175.36,45.37,40.05,1,-1,-1,-1
263,13,577.36,175.51,45.10,39.79,1,-1,-1,-1
264,13,577.03,175.61,45.15,39.85,1,-1,-1,-1
265,13,576.53,175.63,45.57,40.21,1,-1,-1,-1
266,13,576.00,175.83,46.04,40.67,1,-1,-1,-1
267,13,575.73,176.36,45.87,40.51,1,-1,-1,-1
268,13,575.49,176.98,45.92,40.51,1,-1,-1,-1
269,13,575.01,176.56,46.41,40.95,1,-1,-1,-1
270,13,574.57,176.05,47.11,41.62,1,-1,-1,-1
271,13,574.36,176.00,47.28,41.79,1,-1,-1,-1
272,13,573.99,176.57,47.68,42.17,1,-1,-1,-1
272,29,154.47,183.27,143.32,81.79,1,-1,-1,-1
272,30,-9.68,197.42,122.09,110.69,1,-1,-1,-1
273,13,573.56,176.65,47.99,42.43,1,-1,-1,-1
273,29,126.11,183.48,152.96,87.18,1,-1,-1,-1
274,13,572.92,175.98,48.79,43.17,1,-1,-1,-1
274,29,89.44,183.51,165.80,94.22,1,-1,-1,-1
275,13,572.50,175.61,48.90,43.27,1,-1,-1,-1
275,29,47.43,183.76,179.91,101.71,1,-1,-1,-1
276,13,571.95,175.06,49.33,43.71,1,-1,-1,-1
276,29,10.95,183.28,193.32,108.98,1,-1,-1,-1
277,13,571.56,173.99,50.05,44.41,1,-1,-1,-1
277,29,-16.84,182.89,208.65,118.69,1,-1,-1,-1
278,13,571.27,173.14,50.34,44.71,1,-1,-1,-1
278,32,448.41,187.01,36.25,67.62,1,-1,-1,-1
278,30,2.40,184.49,135.04,122.17,1,-1,-1,-1
279,13,570.74,172.87,51.20,45.55,1,-1,-1,-1
279,32,441.19,186.80,38.78,72.19,1,-1,-1,-1
279,30,-7.21,187.12,124.40,114.44,1,-1,-1,-1
280,13,570.68,173.44,51.15,45.47,1,-1,-1,-1
280,32,432.09,186.03,41.41,76.79,1,-1,-1,-1
281,13,570.35,174.14,51.65,45.87,1,-1,-1,-1
281,32,421.78,186.42,44.66,82.21,1,-1,-1,-1
282,13,569.64,174.50,53.13,47.24,1,-1,-1,-1
282,32,411.13,187.92,47.81,87.08,1,-1,-1,-1
283,13,569.26,175.07,54.21,48.30,1,-1,-1,-1
283,32,398.95,189.50,51.37,91.99,1,-1,-1,-1
284,13,568.81,175.55,55.30,49.37,1,-1,-1,-1
284,32,385.00,189.54,56.74,99.64,1,-1,-1,-1
285,13,568.70,176.24,55.63,49.66,1,-1,-1,-1
285,32,369.95,193.03,60.94,103.69,1,-1,-1,-1
286,13,568.50,176.05,56.16,50.12,1,-1,-1,-1
286,32,351.96,193.98,67.14,109.95,1,-1,-1,-1
287,13,568.40,175.47,56.71,50.62,1,-1,-1,-1
287,32,330.46,194.93,75.16,117.52,1,-1,-1,-1
288,13,568.06,175.05,57.32,51.21,1,-1,-1,-1
288,32,304.07,192.61,87.48,130.21,1,-1,-1,-1
289,13,567.98,174.73,57.66,51.52,1,-1,-1,-1
289,32,273.45,193.87,100.66,141.08,1,-1,-1,-1
290,13,567.79,174.06,58.61,52.40,1,-1,-1,-1
290,32,235.86,194.93,118.03,154.74,1,-1,-1,-1
291,13,567.43,173.70,59.44,53.16,1,-1,-1,-1
291,32,189.48,194.50,139.82,169.92,1,-1,-1,-1
292,13,566.97,173.88,60.30,53.93,1,-1,-1,-1
292,32,132.00,195.49,161.98,177.48,1,-1,-1,-1
292,34,325.99,181.61,62.46,45.59,1,-1,-1,-1
293,13,566.68,174.32,60.98,54.54,1,-1,-1,-1
293,34,320.71,181.90,63.63,46.43,1,-1,-1,-1
293,35,304.21,178.49,35.92,33.67,1,-1,-1,-1
294,13,566.50,174.49,61.62,55.11,1,-1,-1,-1
294,34,312.51,182.09,64.60,47.24,1,-1,-1,-1
294,35,299.43,178.55,36.58,34.32,1,-1,-1,-1
294,32,67.23,173.97,196.79,202.30,1,-1,-1,-1
295,13,566.29,174.02,62.32,55.74,1,-1,-1,-1
295,34,303.78,181.92,65.89,48.41,1,-1,-1,-1
295,35,293.11,178.34,37.72,35.44,1,-1,-1,-1
295,32,45.13,172.43,207.29,203.29,1,-1,-1,-1
296,13,565.95,173.34,63.38,56.75,1,-1,-1,-1
296,34,294.58,181.49,67.01,49.68,1,-1,-1,-1
296,35,287.17,177.72,38.73,36.46,1,-1,-1,-1
296,32,29.66,178.24,208.41,197.43,1,-1,-1,-1
296,30,76.09,191.71,96.42,78.55,1,-1,-1,-1
297,13,565.68,173.00,63.95,57.27,1,-1,-1,-1
297,34,284.79,181.27,68.02,51.20,1,-1,-1,-1
297,35,281.44,177.27,39.57,37.36,1,-1,-1,-1
297,32,27.60,213.39,180.42,162.21,1,-1,-1,-1
297,30,33.52,193.24,123.91,94.20,1,-1,-1,-1
298,13,565.24,172.77,64.91,58.19,1,-1,-1,-1
298,34,274.88,181.77,67.61,52.06,1,-1,-1,-1
298,35,275.42,177.13,40.04,37.92,1,-1,-1,-1
298,32,23.38,245.88,151.01,129.49,1,-1,-1,-1
298,30,16.79,194.40,129.29,96.06,1,-1,-1,-1
299,13,564.84,172.94,65.66,58.91,1,-1,-1,-1
299,34,264.39,182.13,65.98,52.48,1,-1,-1,-1
299,35,268.99,177.26,40.89,38.96,1,-1,-1,-1
299,32,22.79,290.87,106.00,84.59,1,-1,-1,-1
299,30,-1.32,196.57,135.39,103.00,1,-1,-1,-1
300,13,564.16,172.68,66.72,60.02,1,-1,-1,-1
300,34,254.44,184.65,61.34,50.91,1,-1,-1,-1
300,35,260.21,177.59,40.15,39.02,1,-1,-1,-1
300,32,9.48,323.35,67.35,52.11,1,-1,-1,-1
300,30,-11.11,207.95,123.05,97.30,1,-1,-1,-1
301,13,563.72,172.09,67.70,61.01,1,-1,-1,-1
301,30,-20.34,223.24,105.41,89.00,1,-1,-1,-1
302,13,562.95,171.52,68.56,61.89,1,-1,-1,-1
303,13,562.44,171.30,68.94,62.30,1,-1,-1,-1
304,13,561.93,171.33,69.18,62.52,1,-1,-1,-1
305,13,561.54,171.45,69.56,62.81,1,-1,-1,-1
306,13,560.91,171.45,70.15,63.31,1,-1,-1,-1
307,13,560.49,171.99,70.46,63.56,1,-1,-1,-1
308,13,559.81,172.39,71.10,64.09,1,-1,-1,-1
309,13,559.10,172.78,72.24,65.15,1,-1,-1,-1
310,13,558.80,173.33,72.57,65.40,1,-1,-1,-1
311,13,558.26,173.72,73.28,66.05,1,-1,-1,-1
312,13,557.99,173.84,73.70,66.43,1,-1,-1,-1
313,13,557.65,174.02,74.09,66.78,1,-1,-1,-1
314,13,557.36,174.24,74.41,67.09,1,-1,-1,-1
315,13,557.04,173.98,74.76,67.45,1,-1,-1,-1
316,13,556.67,174.01,74.82,67.49,1,-1,-1,-1
317,13,556.08,174.18,75.04,67.60,1,-1,-1,-1
318,13,555.89,174.74,74.99,67.47,1,-1,-1,-1
319,13,555.65,175.02,74.83,67.21,1,-1,-1,-1
320,13,555.33,175.19,74.73,66.96,1,-1,-1,-1
321,13,554.92,175.30,74.94,67.01,1,-1,-1,-1
322,13,554.52,175.20,75.18,67.11,1,-1,-1,-1
323,13,554.34,174.98,75.40,67.21,1,-1,-1,-1
324,13,554.17,174.79,75.59,67.35,1,-1,-1,-1
325,13,554.01,174.61,75.81,67.52,1,-1,-1,-1
326,13,553.73,174.60,76.00,67.69,1,-1,-1,-1
327,13,553.51,174.33,76.27,67.92,1,-1,-1,-1
328,13,553.05,174.00,76.99,68.59,1,-1,-1,-1
329,13,552.79,173.80,77.13,68.73,1,-1,-1,-1
330,13,552.79,173.91,76.78,68.36,1,-1,-1,-1
331,13,552.52,173.73,76.91,68.53,1,-1,-1,-1
332,13,552.85,174.09,76.32,67.98,1,-1,-1,-1
333,13,553.18,174.49,75.88,67.60,1,-1,-1,-1
334,13,553.30,174.58,75.41,67.13,1,-1,-1,-1
335,13,553.45,174.71,75.09,66.81,1,-1,-1,-1
336,13,553.86,175.09,74.51,66.33,1,-1,-1,-1
337,13,553.97,175.19,74.16,66.13,1,-1,-1,-1
338,13,553.88,175.13,73.92,65.97,1,-1,-1,-1
339,13,553.86,175.11,73.50,65.61,1,-1,-1,-1
340,13,553.85,175.45,73.30,65.46,1,-1,-1,-1
341,13,553.87,175.74,72.77,64.99,1,-1,-1,-1
342,13,554.23,176.13,71.70,64.04,1,-1,-1,-1
343,13,553.97,176.39,71.94,64.34,1,-1,-1,-1
344,13,554.09,176.49,71.51,64.02,1,-1,-1,-1
345,13,554.26,176.55,71.05,63.66,1,-1,-1,-1
347,13,554.75,176.69,69.93,62.72,1,-1,-1,-1
348,13,554.98,176.97,69.05,61.96,1,-1,-1,-1
349,13,555.71,177.08,68.51,61.59,1,-1,-1,-1
350,13,556.39,177.21,67.71,61.01,1,-1,-1,-1
351,13,557.04,177.26,66.85,60.29,1,-1,-1,-1
352,13,557.35,177.38,66.09,59.62,1,-1,-1,-1
353,13,558.07,177.55,65.15,58.78,1,-1,-1,-1
354,13,558.45,177.82,64.64,58.28,1,-1,-1,-1
355,13,558.78,178.16,64.35,57.97,1,-1,-1,-1
356,13,559.21,178.25,63.74,57.32,1,-1,-1,-1
357,13,559.75,178.42,63.17,56.73,1,-1,-1,-1
358,13,560.03,178.51,62.75,56.24,1,-1,-1,-1
359,13,560.07,178.61,62.23,55.66,1,-1,-1,-1
360,13,560.14,179.23,61.77,55.22,1,-1,-1,-1
361,13,560.13,179.41,61.69,55.16,1,-1,-1,-1
362,13,560.08,179.44,61.45,54.95,1,-1,-1,-1
362,42,-6.92,221.02,326.27,153.01,1,-1,-1,-1
363,13,559.89,179.40,61.00,54.51,1,-1,-1,-1
363,42,-10.31,235.23,296.54,139.29,1,-1,-1,-1
364,13,559.43,178.85,60.42,54.01,1,-1,-1,-1
364,42,4.73,274.70,213.28,99.94,1,-1,-1,-1
365,13,559.32,178.50,59.80,53.46,1,-1,-1,-1
365,43,245.83,176.56,212.77,143.26,1,-1,-1,-1
366,13,559.07,178.14,59.42,53.13,1,-1,-1,-1
366,43,219.26,176.20,227.85,153.19,1,-1,-1,-1
366,44,-11.80,185.48,218.96,132.32,1,-1,-1,-1
367,13,558.74,177.92,58.77,52.57,1,-1,-1,-1
367,43,182.06,174.65,251.30,168.51,1,-1,-1,-1
367,44,-22.69,186.70,222.05,134.83,1,-1,-1,-1
368,13,558.48,178.28,57.95,51.80,1,-1,-1,-1
368,43,140.12,175.37,273.94,182.64,1,-1,-1,-1
368,44,-27.20,189.94,201.36,123.30,1,-1,-1,-1
369,13,557.82,178.50,57.93,51.81,1,-1,-1,-1
369,43,90.60,174.90,297.97,196.45,1,-1,-1,-1
369,44,-43.50,195.77,182.25,113.89,1,-1,-1,-1
370,13,557.42,178.48,57.26,51.20,1,-1,-1,-1
370,43,50.59,174.86,310.99,201.63,1,-1,-1,-1
371,13,556.45,178.83,57.37,51.30,1,-1,-1,-1
371,43,28.62,174.32,318.16,203.45,1,-1,-1,-1
372,13,555.63,179.00,57.19,51.05,1,-1,-1,-1
372,43,13.60,174.98,320.20,202.80,1,-1,-1,-1
373,13,555.03,179.07,56.87,50.65,1,-1,-1,-1
373,43,0.31,175.84,319.59,201.67,1,-1,-1,-1
374,13,554.61,178.77,56.09,49.82,1,-1,-1,-1
374,43,-14.38,176.62,316.27,200.54,1,-1,-1,-1
375,13,554.02,178.28,56.19,49.81,1,-1,-1,-1
375,43,-20.05,194.44,286.29,182.78,1,-1,-1,-1
376,13,553.69,177.52,56.17,49.75,1,-1,-1,-1
376,43,0.54,258.84,190.28,118.15,1,-1,-1,-1
377,13,553.64,177.09,55.62,49.21,1,-1,-1,-1
378,13,553.84,176.59,55.19,48.77,1,-1,-1,-1
379,13,554.36,176.29,54.69,48.33,1,-1,-1,-1
380,13,555.03,176.09,54.19,47.93,1,-1,-1,-1
381,13,555.39,176.05,53.92,47.73,1,-1,-1,-1
382,13,555.96,176.34,53.46,47.36,1,-1,-1,-1
383,13,556.36,176.72,52.84,46.86,1,-1,-1,-1
384,13,557.05,177.07,51.83,45.96,1,-1,-1,-1
385,13,557.92,177.34,51.50,45.69,1,-1,-1,-1
386,13,558.63,177.19,50.97,45.23,1,-1,-1,-1
387,13,559.20,177.18,50.38,44.57,1,-1,-1,-1
387,45,315.17,177.10,168.65,114.35,1,-1,-1,-1
388,13,560.39,177.32,48.77,42.90,1,-1,-1,-1
388,45,301.39,177.18,176.88,119.83,1,-1,-1,-1
389,13,561.29,178.06,47.95,41.97,1,-1,-1,-1
389,45,281.30,176.74,190.15,128.67,1,-1,-1,-1
390,13,561.97,178.76,47.94,41.81,1,-1,-1,-1
390,45,259.58,178.43,202.46,136.64,1,-1,-1,-1
391,13,562.51,179.13,48.17,41.97,1,-1,-1,-1
391,45,234.52,178.97,217.56,146.20,1,-1,-1,-1
392,13,563.58,179.18,47.78,41.57,1,-1,-1,-1
392,45,205.28,179.55,235.54,157.30,1,-1,-1,-1
392,46,-10.48,189.54,150.86,73.53,1,-1,-1,-1
393,13,564.68,179.14,47.34,41.10,1,-1,-1,-1
393,45,170.66,179.62,257.24,170.22,1,-1,-1,-1
393,46,-18.81,193.45,140.31,68.82,1,-1,-1,-1
394,13,565.63,179.19,46.88,40.65,1,-1,-1,-1
394,45,128.78,180.23,282.25,184.33,1,-1,-1,-1
395,13,566.36,178.93,47.05,40.75,1,-1,-1,-1
395,45,82.26,180.42,302.69,193.08,1,-1,-1,-1
396,13,567.20,178.47,47.39,41.01,1,-1,-1,-1
396,45,49.95,180.38,315.75,196.57,1,-1,-1,-1
397,13,568.06,177.72,47.77,41.29,1,-1,-1,-1
397,45,30.52,179.85,324.25,198.16,1,-1,-1,-1
398,13,569.29,177.36,47.42,40.92,1,-1,-1,-1
398,45,16.88,179.98,327.88,197.81,1,-1,-1,-1
399,13,570.56,177.23,47.22,40.68,1,-1,-1,-1
399,45,5.44,181.82,326.62,195.69,1,-1,-1,-1
400,13,572.52,177.04,46.47,40.08,1,-1,-1,-1
400,45,-7.23,183.28,323.24,194.00,1,-1,-1,-1
401,13,574.06,176.91,46.46,40.16,1,-1,-1,-1
401,45,-13.55,196.20,299.71,180.65,1,-1,-1,-1
402,13,575.01,177.12,46.17,39.89,1,-1,-1,-1
402,45,2.94,248.74,217.72,127.92,1,-1,-1,-1
403,13,576.10,177.37,45.80,39.56,1,-1,-1,-1
403,45,4.22,298.03,135.74,78.40,1,-1,-1,-1
404,13,577.12,177.20,45.61,39.41,1,-1,-1,-1
405,13,577.95,176.64,45.55,39.41,1,-1,-1,-1
406,13,578.29,176.04,45.93,39.86,1,-1,-1,-1
407,13,579.15,175.95,45.31,39.39,1,-1,-1,-1
408,13,580.27,176.26,44.61,38.86,1,-1,-1,-1
409,13,581.21,176.92,43.96,38.30,1,-1,-1,-1
410,13,581.78,177.45,43.47,37.91,1,-1,-1,-1
411,13,581.95,177.54,43.21,37.73,1,-1,-1,-1
412,13,582.00,177.56,42.73,37.35,1,-1,-1,-1
413,13,582.08,178.41,42.02,36.74,1,-1,-1,-1
414,13,581.92,179.65,41.56,36.34,1,-1,-1,-1
415,13,581.60,180.60,40.99,35.82,1,-1,-1,-1
416,13,580.71,179.63,41.07,35.90,1,-1,-1,-1
417,13,579.57,177.53,40.93,35.75,1,-1,-1,-1
417,47,-8.43,200.29,342.48,173.60,1,-1,-1,-1
418,13,578.87,176.85,39.95,34.80,1,-1,-1,-1
418,47,-19.16,206.78,329.06,167.27,1,-1,-1,-1
419,13,577.89,177.25,39.72,34.55,1,-1,-1,-1
419,47,-26.04,224.92,292.19,149.37,1,-1,-1,-1
419,48,396.28,188.00,112.58,72.02,1,-1,-1,-1
419,49,261.32,187.75,112.25,59.14,1,-1,-1,-1
420,13,576.65,178.20,39.43,34.25,1,-1,-1,-1
420,47,-7.87,277.51,189.88,97.17,1,-1,-1,-1
420,48,385.49,190.36,116.06,74.19,1,-1,-1,-1
420,49,245.44,189.33,116.70,61.44,1,-1,-1,-1
420,50,-24.85,190.57,170.55,73.40,1,-1,-1,-1
421,13,575.23,178.64,39.67,34.53,1,-1,-1,-1
421,48,369.51,191.64,125.37,80.07,1,-1,-1,-1
421,49,224.32,191.12,123.44,64.87,1,-1,-1,-1
421,50,-32.30,195.21,156.03,67.78,1,-1,-1,-1
422,13,574.21,179.65,39.33,34.26,1,-1,-1,-1
422,48,352.97,194.38,133.07,84.77,1,-1,-1,-1
422,49,200.86,192.91,132.28,69.33,1,-1,-1,-1
423,13,573.14,180.33,38.94,33.95,1,-1,-1,-1
423,48,334.17,197.06,142.06,90.09,1,-1,-1,-1
423,49,175.70,194.16,140.61,73.32,1,-1,-1,-1
424,13,572.09,180.65,38.60,33.68,1,-1,-1,-1
424,48,309.95,197.16,156.92,99.10,1,-1,-1,-1
424,49,146.44,195.29,151.61,78.51,1,-1,-1,-1
425,13,570.95,180.67,38.36,33.44,1,-1,-1,-1
425,48,283.53,198.73,171.23,107.36,1,-1,-1,-1
425,49,112.89,196.23,163.85,84.06,1,-1,-1,-1
426,13,570.05,180.04,38.53,33.56,1,-1,-1,-1
426,48,249.72,198.49,191.66,119.16,1,-1,-1,-1
426,49,73.83,196.42,178.73,90.58,1,-1,-1,-1
427,13,569.11,179.22,38.16,33.22,1,-1,-1,-1
427,48,209.11,199.89,215.15,132.17,1,-1,-1,-1
427,49,28.20,196.41,197.11,98.80,1,-1,-1,-1
428,13,568.84,178.76,37.76,32.83,1,-1,-1,-1
428,48,156.75,199.65,248.02,150.13,1,-1,-1,-1
428,49,-8.66,196.90,213.16,108.14,1,-1,-1,-1
429,13,569.05,178.80,37.36,32.40,1,-1,-1,-1
429,48,92.97,201.10,282.64,167.01,1,-1,-1,-1
429,49,-39.34,198.04,222.96,116.80,1,-1,-1,-1
430,13,569.56,178.85,37.28,32.26,1,-1,-1,-1
430,48,52.08,204.67,297.03,170.95,1,-1,-1,-1
431,13,570.05,178.87,37.10,32.00,1,-1,-1,-1
431,48,27.01,207.28,301.99,170.75,1,-1,-1,-1
432,48,11.15,214.85,293.11,163.81,1,-1,-1,-1
433,48,2.50,233.75,262.34,145.21,1,-1,-1,-1
433,13,570.18,178.87,36.19,31.17,1,-1,-1,-1
434,48,15.87,290.38,170.54,88.26,1,-1,-1,-1
434,13,569.98,178.72,35.99,30.96,1,-1,-1,-1
435,13,569.33,178.80,35.96,30.99,1,-1,-1,-1
436,13,568.64,178.90,36.01,31.08,1,-1,-1,-1
436,51,-27.42,192.59,245.23,120.24,1,-1,-1,-1
437,13,568.30,178.94,35.93,31.05,1,-1,-1,-1
437,51,-39.72,198.46,227.88,112.63,1,-1,-1,-1
438,13,568.28,178.44,35.62,30.79,1,-1,-1,-1
438,51,-49.66,222.02,184.21,92.63,1,-1,-1,-1
439,13,568.39,178.32,35.48,30.65,1,-1,-1,-1
440,13,568.55,178.72,35.25,30.40,1,-1,-1,-1
441,13,568.37,179.43,35.91,30.96,1,-1,-1,-1
441,52,131.95,198.36,242.33,109.29,1,-1,-1,-1
442,13,568.46,180.16,36.32,31.38,1,-1,-1,-1
442,52,71.64,200.21,276.84,124.55,1,-1,-1,-1
443,13,568.67,180.41,36.36,31.49,1,-1,-1,-1
443,52,11.04,202.67,324.57,146.11,1,-1,-1,-1
444,13,569.18,180.45,36.11,31.29,1,-1,-1,-1
444,52,-31.25,206.90,360.42,163.44,1,-1,-1,-1
445,13,569.68,179.96,35.79,31.01,1,-1,-1,-1
445,52,-54.81,212.26,361.62,166.11,1,-1,-1,-1
446,13,570.15,179.41,35.92,31.11,1,-1,-1,-1
446,52,-69.58,222.38,336.90,158.04,1,-1,-1,-1
447,13,570.54,179.31,36.00,31.18,1,-1,-1,-1
448,13,570.98,179.65,36.08,31.29,1,-1,-1,-1
449,13,571.43,179.74,36.11,31.33,1,-1,-1,-1
450,13,571.99,179.58,36.18,31.41,1,-1,-1,-1
451,13,572.27,180.25,36.34,31.54,1,-1,-1,-1
452,13,572.71,180.57,36.62,31.85,1,-1,-1,-1
453,13,573.62,180.85,36.05,31.35,1,-1,-1,-1
454,13,574.17,179.83,36.31,31.63,1,-1,-1,-1
455,13,575.05,178.94,36.00,31.36,1,-1,-1,-1
457,13,575.89,178.01,36.50,31.76,1,-1,-1,-1
459,13,576.11,179.16,36.93,32.14,1,-1,-1,-1
460,13,576.11,179.35,37.04,32.19,1,-1,-1,-1
461,13,575.74,178.79,36.95,32.12,1,-1,-1,-1
462,13,575.54,177.70,37.29,32.43,1,-1,-1,-1
463,13,575.19,177.09,37.80,32.91,1,-1,-1,-1
464,13,574.85,176.71,38.07,33.21,1,-1,-1,-1
465,13,574.74,176.82,37.96,33.10,1,-1,-1,-1
465,59,-13.62,206.41,331.79,167.64,1,-1,-1,-1
466,13,574.44,176.87,38.14,33.27,1,-1,-1,-1
466,59,-25.81,222.61,298.89,151.64,1,-1,-1,-1
467,13,573.71,176.31,39.01,34.05,1,-1,-1,-1
467,59,4.18,206.54,198.54,100.34,1,-1,-1,-1
468,59,-19.12,203.59,199.72,101.79,1,-1,-1,-1
469,59,-27.17,213.13,164.66,85.33,1,-1,-1,-1
470,13,573.52,174.52,39.57,34.49,1,-1,-1,-1
471,13,572.98,173.54,40.26,35.15,1,-1,-1,-1
471,59,-39.57,166.53,171.90,91.63,1,-1,-1,-1
473,13,572.79,173.71,40.31,35.10,1,-1,-1,-1
475,13,572.20,174.81,40.68,35.32,1,-1,-1,-1
476,13,572.00,174.73,41.34,35.92,1,-1,-1,-1
477,13,572.04,174.57,41.36,35.88,1,-1,-1,-1
478,13,571.84,174.40,41.75,36.13,1,-1,-1,-1
478,63,93.48,187.50,262.75,134.65,1,-1,-1,-1
479,13,571.62,174.67,42.30,36.57,1,-1,-1,-1
479,63,27.53,190.64,304.64,156.04,1,-1,-1,-1
480,13,571.43,175.17,42.83,37.02,1,-1,-1,-1
480,63,-18.94,197.22,333.85,171.82,1,-1,-1,-1
481,13,571.29,175.01,43.48,37.59,1,-1,-1,-1
481,63,-46.23,206.67,326.40,169.82,1,-1,-1,-1
482,13,571.14,174.77,44.05,38.12,1,-1,-1,-1
483,13,570.96,174.45,44.89,38.86,1,-1,-1,-1
483,65,-30.45,194.40,221.35,106.87,1,-1,-1,-1
484,13,570.72,174.04,45.53,39.41,1,-1,-1,-1
484,65,-35.48,212.10,184.83,90.02,1,-1,-1,-1
485,13,570.94,173.85,45.73,39.58,1,-1,-1,-1
486,13,571.17,174.30,45.71,39.58,1,-1,-1,-1
487,13,571.10,174.73,46.04,39.92,1,-1,-1,-1
488,13,571.58,174.72,45.88,39.73,1,-1,-1,-1
489,13,571.19,173.57,46.66,40.42,1,-1,-1,-1
490,13,570.96,173.14,46.96,40.73,1,-1,-1,-1
491,13,570.84,173.71,47.14,40.85,1,-1,-1,-1
491,69,23.48,185.63,298.44,148.41,1,-1,-1,-1
492,13,570.56,174.62,47.49,41.18,1,-1,-1,-1
492,69,-26.38,187.29,348.51,174.17,1,-1,-1,-1
493,13,570.16,175.14,48.16,41.83,1,-1,-1,-1
493,69,-57.55,195.23,352.99,178.30,1,-1,-1,-1
494,13,570.39,176.02,47.88,41.55,1,-1,-1,-1
494,69,-73.53,218.59,308.61,158.91,1,-1,-1,-1
495,13,570.38,176.48,48.02,41.63,1,-1,-1,-1
496,13,570.08,176.53,48.53,42.04,1,-1,-1,-1
496,71,-25.88,166.23,223.73,138.79,1,-1,-1,-1
497,13,569.79,175.73,48.98,42.42,1,-1,-1,-1
497,71,-41.65,180.94,198.64,124.46,1,-1,-1,-1
498,13,569.31,174.48,50.03,43.42,1,-1,-1,-1
499,13,569.07,173.28,51.04,44.41,1,-1,-1,-1
500,13,568.93,172.32,51.88,45.27,1,-1,-1,-1
501,13,569.52,173.02,51.71,45.14,1,-1,-1,-1
502,13,569.91,174.22,51.84,45.36,1,-1,-1,-1
502,72,403.08,168.96,81.36,64.82,1,-1,-1,-1
503,13,570.09,174.51,52.35,45.92,1,-1,-1,-1
503,72,395.18,169.19,86.32,68.65,1,-1,-1,-1
504,13,570.43,175.01,52.25,45.78,1,-1,-1,-1
505,13,570.58,175.66,52.93,46.42,1,-1,-1,-1
506,13,570.83,176.14,53.66,47.13,1,-1,-1,-1
507,13,571.25,175.43,54.01,47.42,1,-1,-1,-1
507,72,330.41,169.36,116.68,91.75,1,-1,-1,-1
508,13,571.76,174.85,54.07,47.45,1,-1,-1,-1
508,73,52.84,189.01,191.03,90.45,1,-1,-1,-1
508,72,307.86,168.53,127.76,99.08,1,-1,-1,-1
509,13,571.81,173.85,54.70,48.01,1,-1,-1,-1
509,73,8.34,188.95,212.36,100.68,1,-1,-1,-1
509,72,280.82,167.71,141.15,107.64,1,-1,-1,-1
510,13,571.74,172.48,55.20,48.51,1,-1,-1,-1
510,73,-30.95,191.07,235.73,112.84,1,-1,-1,-1
510,72,247.28,165.55,158.86,118.85,1,-1,-1,-1
511,13,571.61,172.20,56.15,49.45,1,-1,-1,-1
511,73,-47.92,198.54,213.35,103.91,1,-1,-1,-1
511,72,206.21,164.21,180.73,132.27,1,-1,-1,-1
512,13,572.33,173.03,55.83,49.18,1,-1,-1,-1
512,73,-23.31,195.08,156.22,76.34,1,-1,-1,-1
512,72,155.35,163.42,208.17,148.42,1,-1,-1,-1
513,13,572.80,173.82,55.68,48.98,1,-1,-1,-1
513,73,-40.22,197.08,136.25,68.87,1,-1,-1,-1
513,72,89.72,162.37,244.03,168.64,1,-1,-1,-1
514,13,573.04,173.44,56.65,49.90,1,-1,-1,-1
514,72,36.69,160.10,283.84,194.09,1,-1,-1,-1
515,13,573.53,173.24,57.07,50.24,1,-1,-1,-1
515,72,1.46,158.05,307.41,211.00,1,-1,-1,-1
516,13,573.50,173.03,58.26,51.39,1,-1,-1,-1
516,72,-22.89,158.46,311.61,217.07,1,-1,-1,-1
516,75,370.52,183.12,94.12,62.24,1,-1,-1,-1
517,13,574.62,173.72,57.56,50.54,1,-1,-1,-1
517,72,-39.25,169.08,291.88,208.56,1,-1,-1,-1
517,75,357.13,183.10,101.68,67.16,1,-1,-1,-1
518,13,574.64,174.76,58.17,51.06,1,-1,-1,-1
518,75,339.41,183.49,111.89,73.78,1,-1,-1,-1
519,13,574.66,175.58,58.61,51.40,1,-1,-1,-1
519,75,320.12,185.50,120.22,78.94,1,-1,-1,-1
520,13,574.75,175.43,59.68,52.32,1,-1,-1,-1
520,75,299.05,187.37,130.09,84.99,1,-1,-1,-1
520,76,19.82,189.28,225.72,94.73,1,-1,-1,-1
521,13,575.03,175.75,60.25,52.82,1,-1,-1,-1
521,75,274.71,188.52,141.44,91.71,1,-1,-1,-1
521,76,22.27,191.40,230.32,97.24,1,-1,-1,-1
522,13,575.09,175.00,61.41,53.85,1,-1,-1,-1
522,75,246.24,190.03,154.02,98.78,1,-1,-1,-1
522,76,-20.38,192.03,253.89,108.04,1,-1,-1,-1
523,13,575.41,174.21,62.38,54.72,1,-1,-1,-1
523,75,210.98,190.70,171.79,108.73,1,-1,-1,-1
523,76,-48.96,193.51,266.89,115.40,1,-1,-1,-1
524,13,576.08,173.59,62.94,55.20,1,-1,-1,-1
524,75,167.84,192.22,193.97,120.78,1,-1,-1,-1
524,76,-53.29,200.17,233.84,103.24,1,-1,-1,-1
525,13,576.24,172.84,63.92,56.10,1,-1,-1,-1
525,75,114.19,193.56,223.14,136.37,1,-1,-1,-1
526,13,576.80,172.85,64.13,56.24,1,-1,-1,-1
526,75,53.38,195.11,257.11,154.18,1,-1,-1,-1
527,13,576.58,172.09,65.27,57.32,1,-1,-1,-1
527,75,13.02,197.67,283.33,169.53,1,-1,-1,-1
528,13,576.78,172.59,65.18,57.21,1,-1,-1,-1
528,75,-10.41,203.29,285.27,171.66,1,-1,-1,-1
528,77,207.86,184.39,122.69,61.29,1,-1,-1,-1
529,13,576.10,172.32,66.46,58.41,1,-1,-1,-1
529,75,-27.07,211.21,271.53,166.04,1,-1,-1,-1
529,77,181.99,185.05,130.76,65.38,1,-1,-1,-1
530,13,576.34,173.08,66.31,58.27,1,-1,-1,-1
530,75,-34.19,235.50,228.76,143.23,1,-1,-1,-1
530,77,146.19,185.90,144.04,72.23,1,-1,-1,-1
531,13,575.65,173.69,67.08,58.86,1,-1,-1,-1
531,77,106.13,186.90,157.04,79.16,1,-1,-1,-1
532,13,575.40,174.15,67.20,58.82,1,-1,-1,-1
532,77,63.00,189.29,166.46,84.51,1,-1,-1,-1
533,13,575.24,173.59,67.55,59.08,1,-1,-1,-1
533,77,12.80,191.79,173.73,89.04,1,-1,-1,-1
534,13,575.01,172.83,68.17,59.60,1,-1,-1,-1
534,77,-31.88,194.24,178.91,94.26,1,-1,-1,-1
535,13,574.80,172.69,68.35,59.64,1,-1,-1,-1
536,13,574.59,172.83,69.39,60.52,1,-1,-1,-1
537,13,574.78,173.74,69.86,60.88,1,-1,-1,-1
538,13,575.30,174.09,69.75,60.65,1,-1,-1,-1
539,13,575.74,174.02,70.43,61.22,1,-1,-1,-1
540,13,576.03,174.03,71.27,61.97,1,-1,-1,-1
541,13,576.30,174.21,72.01,62.66,1,-1,-1,-1
542,13,576.58,174.42,72.31,62.96,1,-1,-1,-1
543,13,576.56,174.24,73.14,63.75,1,-1,-1,-1
544,13,576.90,174.26,73.35,63.90,1,-1,-1,-1
545,13,576.78,174.03,74.69,65.15,1,-1,-1,-1
545,81,104.71,187.15,170.56,86.50,1,-1,-1,-1
546,13,576.89,173.56,75.53,65.95,1,-1,-1,-1
546,81,66.84,187.67,181.94,92.31,1,-1,-1,-1
547,13,577.01,172.68,76.16,66.61,1,-1,-1,-1
547,81,13.14,188.88,198.32,100.80,1,-1,-1,-1
548,13,577.09,171.96,76.42,66.93,1,-1,-1,-1
548,81,-22.37,190.51,211.13,108.31,1,-1,-1,-1
549,13,577.13,171.47,76.75,67.30,1,-1,-1,-1
549,81,-53.34,192.26,226.43,118.76,1,-1,-1,-1
549,85,68.25,178.69,318.39,182.68,1,-1,-1,-1
550,13,577.05,171.87,77.08,67.67,1,-1,-1,-1
550,85,29.28,180.38,332.11,190.21,1,-1,-1,-1
551,13,577.46,173.27,76.42,66.91,1,-1,-1,-1
551,85,6.24,182.37,335.09,191.80,1,-1,-1,-1
551,87,371.72,181.11,105.30,71.20,1,-1,-1,-1
552,13,577.01,173.70,77.21,67.54,1,-1,-1,-1
552,85,-7.87,187.68,327.02,187.49,1,-1,-1,-1
552,87,360.72,183.14,109.44,73.90,1,-1,-1,-1
553,13,575.92,173.50,79.80,69.93,1,-1,-1,-1
553,85,-25.93,189.05,322.07,186.13,1,-1,-1,-1
553,87,344.12,183.25,119.77,80.78,1,-1,-1,-1
554,13,575.85,173.54,80.65,70.81,1,-1,-1,-1
554,85,-32.30,209.38,283.72,165.90,1,-1,-1,-1
554,87,326.49,182.73,128.88,86.72,1,-1,-1,-1
555,13,575.93,173.75,81.03,71.18,1,-1,-1,-1
555,87,306.97,182.92,139.10,93.24,1,-1,-1,-1
556,13,575.67,173.87,81.85,71.95,1,-1,-1,-1
556,87,284.32,183.29,150.40,100.27,1,-1,-1,-1
556,88,84.95,187.24,189.93,85.42,1,-1,-1,-1
557,13,575.14,173.44,83.15,73.17,1,-1,-1,-1
557,87,257.69,184.13,163.92,108.40,1,-1,-1,-1
557,88,55.75,187.80,199.34,89.59,1,-1,-1,-1
558,13,574.17,173.12,84.69,74.72,1,-1,-1,-1
558,87,225.80,184.62,181.67,119.03,1,-1,-1,-1
558,88,14.81,189.70,210.51,94.54,1,-1,-1,-1
559,13,573.38,172.81,86.11,76.28,1,-1,-1,-1
559,87,188.20,185.08,202.61,131.25,1,-1,-1,-1
559,88,-16.02,191.69,219.47,99.25,1,-1,-1,-1
560,13,573.77,173.57,84.29,74.55,1,-1,-1,-1
560,87,142.19,185.67,227.78,145.41,1,-1,-1,-1
561,13,573.25,174.02,84.38,74.52,1,-1,-1,-1
561,87,84.66,185.86,260.47,163.40,1,-1,-1,-1
562,13,571.96,173.42,85.70,75.66,1,-1,-1,-1
562,87,33.93,185.51,292.75,181.87,1,-1,-1,-1
563,13,571.37,173.21,86.16,76.00,1,-1,-1,-1
563,87,4.63,185.34,305.84,189.75,1,-1,-1,-1
564,13,570.02,172.98,87.34,76.96,1,-1,-1,-1
564,87,-15.30,186.09,306.45,191.60,1,-1,-1,-1
565,13,569.44,173.86,88.07,77.56,1,-1,-1,-1
565,87,-27.29,195.66,288.35,182.87,1,-1,-1,-1
565,89,118.38,182.26,121.04,52.39,1,-1,-1,-1
566,13,568.50,174.69,89.32,78.70,1,-1,-1,-1
566,87,-32.68,218.36,247.55,160.26,1,-1,-1,-1
566,89,100.24,183.50,128.09,55.42,1,-1,-1,-1
567,13,568.86,176.22,88.01,77.36,1,-1,-1,-1
567,89,79.60,184.74,134.05,57.94,1,-1,-1,-1
568,13,568.70,176.87,88.24,77.49,1,-1,-1,-1
568,89,57.14,185.36,140.81,60.76,1,-1,-1,-1
569,13,568.38,176.86,88.82,78.00,1,-1,-1,-1
569,89,34.15,185.40,148.03,63.65,1,-1,-1,-1
570,13,569.04,176.72,88.27,77.36,1,-1,-1,-1
570,89,9.84,185.02,156.21,66.92,1,-1,-1,-1
571,13,569.70,176.83,87.54,76.60,1,-1,-1,-1
571,89,-4.58,185.53,160.07,68.74,1,-1,-1,-1
572,13,571.17,177.20,86.15,75.14,1,-1,-1,-1
572,89,-17.31,186.12,165.14,71.85,1,-1,-1,-1
572,90,236.13,193.94,169.75,96.58,1,-1,-1,-1
573,13,571.92,177.26,86.74,75.65,1,-1,-1,-1
573,89,-27.98,187.30,167.06,74.36,1,-1,-1,-1
573,90,212.23,195.16,181.57,103.22,1,-1,-1,-1
574,13,572.81,176.79,87.11,76.08,1,-1,-1,-1
574,89,-31.45,187.67,154.77,70.81,1,-1,-1,-1
574,90,180.13,196.16,197.54,112.07,1,-1,-1,-1
575,13,574.11,176.87,87.25,76.28,1,-1,-1,-1
575,89,-36.63,190.50,143.17,68.15,1,-1,-1,-1
575,90,143.14,197.81,215.57,121.79,1,-1,-1,-1
576,13,575.55,176.75,87.51,76.70,1,-1,-1,-1
576,90,100.18,199.95,237.68,133.44,1,-1,-1,-1
577,13,577.09,176.29,87.82,77.24,1,-1,-1,-1
577,90,47.37,202.10,267.32,148.81,1,-1,-1,-1
578,13,579.80,176.28,86.83,76.45,1,-1,-1,-1
578,90,8.02,204.24,294.73,163.91,1,-1,-1,-1
579,13,582.31,176.42,85.96,75.68,1,-1,-1,-1
579,90,-13.74,207.22,302.11,168.69,1,-1,-1,-1
580,13,584.75,176.32,85.85,75.74,1,-1,-1,-1
580,90,-26.80,212.17,295.22,166.39,1,-1,-1,-1
580,91,306.06,182.82,144.67,84.76,1,-1,-1,-1
581,13,587.27,176.13,85.72,75.79,1,-1,-1,-1
581,90,-36.98,219.48,278.91,159.86,1,-1,-1,-1
581,91,288.50,183.29,153.94,90.12,1,-1,-1,-1
582,13,589.99,176.12,84.81,75.04,1,-1,-1,-1
582,90,-40.11,237.19,242.07,141.84,1,-1,-1,-1
582,91,264.54,183.48,166.95,97.59,1,-1,-1,-1
583,13,592.37,176.05,85.20,75.60,1,-1,-1,-1
583,91,237.08,183.89,181.91,106.03,1,-1,-1,-1
584,13,595.86,176.02,83.63,74.24,1,-1,-1,-1
584,91,206.47,185.04,196.66,114.00,1,-1,-1,-1
584,92,83.86,184.27,140.28,57.20,1,-1,-1,-1
585,13,598.79,175.64,83.38,74.11,1,-1,-1,-1
585,91,168.86,185.78,216.95,124.78,1,-1,-1,-1
585,92,56.72,184.78,144.96,59.25,1,-1,-1,-1
586,13,601.98,175.40,82.78,73.70,1,-1,-1,-1
586,91,124.71,188.24,238.66,135.57,1,-1,-1,-1
586,92,23.82,185.60,152.00,62.42,1,-1,-1,-1
586,94,722.08,181.21,30.94,20.27,1,-1,-1,-1
587,13,605.86,175.85,81.19,72.32,1,-1,-1,-1
587,91,69.19,191.05,267.41,149.32,1,-1,-1,-1
587,94,727.44,181.17,30.98,20.30,1,-1,-1,-1
588,13,608.85,176.32,80.84,72.14,1,-1,-1,-1
588,91,22.79,193.92,302.55,168.02,1,-1,-1,-1
588,94,733.97,181.99,30.27,19.82,1,-1,-1,-1
589,13,612.07,176.89,79.45,70.98,1,-1,-1,-1
589,91,-4.30,196.87,317.11,176.39,1,-1,-1,-1
589,94,739.80,182.93,29.22,19.07,1,-1,-1,-1
590,13,614.91,176.98,78.58,70.24,1,-1,-1,-1
590,91,-18.88,204.09,310.31,173.64,1,-1,-1,-1
590,94,745.38,183.06,29.68,19.35,1,-1,-1,-1
591,13,617.90,177.37,77.89,69.68,1,-1,-1,-1
591,91,-28.29,213.33,290.39,164.45,1,-1,-1,-1
591,94,750.28,182.99,29.80,19.38,1,-1,-1,-1
592,13,620.25,177.67,77.23,69.15,1,-1,-1,-1
592,91,-32.90,234.46,249.82,144.04,1,-1,-1,-1
592,94,754.98,183.31,30.10,19.51,1,-1,-1,-1
593,13,622.73,178.06,76.18,68.26,1,-1,-1,-1
593,94,759.68,183.25,30.01,19.46,1,-1,-1,-1
593,95,-19.09,198.69,196.99,90.81,1,-1,-1,-1
593,96,690.94,183.35,30.65,25.38,1,-1,-1,-1
594,13,624.53,178.65,75.23,67.39,1,-1,-1,-1
594,94,764.02,183.62,29.83,19.30,1,-1,-1,-1
594,95,-49.74,202.60,209.46,97.64,1,-1,-1,-1
594,96,693.94,183.43,30.60,25.30,1,-1,-1,-1
595,13,626.80,179.02,74.35,66.57,1,-1,-1,-1
595,94,769.30,183.51,30.10,19.44,1,-1,-1,-1
595,96,697.30,183.38,30.67,25.29,1,-1,-1,-1
596,13,628.99,178.95,73.55,65.88,1,-1,-1,-1
596,94,773.90,183.53,29.79,19.20,1,-1,-1,-1
596,96,701.23,183.31,30.39,24.94,1,-1,-1,-1
597,13,631.11,178.90,72.54,64.97,1,-1,-1,-1
597,94,777.49,182.89,29.64,19.15,1,-1,-1,-1
597,96,704.98,183.20,30.47,24.92,1,-1,-1,-1
598,13,633.46,179.34,71.34,63.82,1,-1,-1,-1
598,94,782.02,182.50,29.60,19.10,1,-1,-1,-1
598,96,708.42,183.06,30.96,25.21,1,-1,-1,-1
599,13,635.47,179.51,70.85,63.37,1,-1,-1,-1
599,94,786.69,182.72,29.07,18.85,1,-1,-1,-1
599,96,711.93,183.52,30.79,24.96,1,-1,-1,-1
600,13,638.00,179.76,69.50,62.06,1,-1,-1,-1
600,94,790.98,182.87,28.29,18.47,1,-1,-1,-1
600,96,716.96,183.61,30.27,24.28,1,-1,-1,-1
601,13,639.98,179.21,69.20,61.69,1,-1,-1,-1
601,94,795.35,182.33,27.76,18.16,1,-1,-1,-1
601,96,721.20,183.26,30.33,24.12,1,-1,-1,-1
602,13,642.84,178.99,68.19,60.67,1,-1,-1,-1
602,94,799.08,182.31,26.22,17.59,1,-1,-1,-1
602,96,724.74,183.03,30.45,24.11,1,-1,-1,-1
603,13,646.32,179.78,67.09,59.48,1,-1,-1,-1
603,96,728.93,183.60,30.77,24.22,1,-1,-1,-1
604,13,650.24,181.46,65.88,58.05,1,-1,-1,-1
604,96,733.64,184.44,30.86,24.14,1,-1,-1,-1
604,98,395.50,185.90,57.08,44.91,1,-1,-1,-1
604,94,809.50,183.28,26.33,17.98,1,-1,-1,-1
605,13,653.41,182.58,65.19,57.27,1,-1,-1,-1
605,96,738.26,185.13,30.86,24.00,1,-1,-1,-1
605,98,384.83,187.13,59.02,46.36,1,-1,-1,-1
605,94,814.72,184.23,24.85,17.29,1,-1,-1,-1
606,13,656.65,182.80,64.74,56.65,1,-1,-1,-1
606,96,742.73,185.40,31.04,23.98,1,-1,-1,-1
606,98,370.51,187.91,61.97,48.47,1,-1,-1,-1
606,99,267.23,187.52,106.65,79.17,1,-1,-1,-1
607,13,659.93,182.53,65.36,57.02,1,-1,-1,-1
607,96,746.62,185.02,31.74,24.43,1,-1,-1,-1
607,98,356.03,189.24,64.41,50.00,1,-1,-1,-1
607,99,235.97,188.78,115.84,85.54,1,-1,-1,-1
608,13,663.31,182.44,64.66,56.30,1,-1,-1,-1
608,96,751.03,184.85,31.41,23.96,1,-1,-1,-1
608,98,340.49,190.75,66.90,51.33,1,-1,-1,-1
608,99,196.82,190.80,128.75,94.26,1,-1,-1,-1
609,13,667.16,182.18,63.69,55.34,1,-1,-1,-1
609,96,755.09,184.26,31.38,23.85,1,-1,-1,-1
609,98,322.96,192.54,70.11,52.90,1,-1,-1,-1
609,99,152.72,192.42,143.98,104.07,1,-1,-1,-1
610,13,670.80,181.70,63.90,55.37,1,-1,-1,-1
610,96,759.43,183.26,31.42,23.66,1,-1,-1,-1
610,98,304.76,193.44,75.45,55.95,1,-1,-1,-1
610,99,100.53,194.76,161.46,114.48,1,-1,-1,-1
611,13,674.67,181.30,63.13,54.65,1,-1,-1,-1
611,96,763.34,182.47,31.53,23.58,1,-1,-1,-1
611,98,285.06,194.48,80.48,58.43,1,-1,-1,-1
611,99,44.12,197.43,184.53,128.46,1,-1,-1,-1
612,13,679.10,180.23,62.15,53.47,1,-1,-1,-1
612,96,767.61,181.11,31.69,23.56,1,-1,-1,-1
612,98,262.94,195.06,86.87,61.69,1,-1,-1,-1
612,99,2.68,200.01,205.88,143.43,1,-1,-1,-1
613,13,682.73,179.68,62.01,53.18,1,-1,-1,-1
613,96,771.40,180.29,31.58,23.30,1,-1,-1,-1
613,98,237.87,196.08,94.60,65.54,1,-1,-1,-1
613,99,-32.33,203.97,220.29,156.57,1,-1,-1,-1
614,13,687.01,179.18,61.56,52.47,1,-1,-1,-1
614,96,775.81,180.02,31.50,22.92,1,-1,-1,-1
614,98,210.06,197.67,103.20,69.71,1,-1,-1,-1
614,99,-45.70,220.74,185.49,135.98,1,-1,-1,-1
615,13,690.30,178.86,61.72,52.36,1,-1,-1,-1
615,96,778.47,179.38,32.12,23.28,1,-1,-1,-1
615,98,177.68,199.79,111.67,73.13,1,-1,-1,-1
616,13,693.64,177.85,61.59,52.11,1,-1,-1,-1
616,96,781.52,178.42,32.02,22.99,1,-1,-1,-1
616,98,140.29,200.49,124.46,79.21,1,-1,-1,-1
617,13,696.80,177.48,60.66,51.07,1,-1,-1,-1
617,96,784.21,178.06,32.01,22.92,1,-1,-1,-1
617,98,95.84,201.80,138.66,85.33,1,-1,-1,-1
618,13,700.34,178.22,60.16,50.36,1,-1,-1,-1
618,96,786.81,178.71,31.93,22.70,1,-1,-1,-1
618,98,47.19,204.62,152.72,90.54,1,-1,-1,-1
619,13,704.43,179.08,58.84,48.88,1,-1,-1,-1
619,96,789.02,179.59,31.82,22.48,1,-1,-1,-1
619,98,13.25,206.92,163.57,96.19,1,-1,-1,-1
620,13,706.90,179.27,59.20,49.06,1,-1,-1,-1
620,96,790.85,179.71,32.01,22.47,1,-1,-1,-1
620,98,-15.66,209.55,171.81,103.29,1,-1,-1,-1
621,13,709.41,179.88,59.10,48.86,1,-1,-1,-1
621,96,792.41,180.17,32.15,22.43,1,-1,-1,-1
621,98,-30.25,215.80,150.47,93.90,1,-1,-1,-1
622,13,712.23,180.41,59.45,48.96,1,-1,-1,-1
622,96,792.93,181.08,32.59,22.72,1,-1,-1,-1
623,13,714.84,181.87,59.15,48.63,1,-1,-1,-1
623,96,793.95,182.05,32.52,22.60,1,-1,-1,-1
624,13,717.75,181.56,58.94,48.37,1,-1,-1,-1
624,96,794.86,181.52,32.79,22.74,1,-1,-1,-1
625,13,720.54,181.29,58.44,47.81,1,-1,-1,-1
625,96,795.78,180.68,32.48,22.54,1,-1,-1,-1
626,13,723.64,181.22,58.10,47.47,1,-1,-1,-1
626,96,796.66,180.17,32.16,22.25,1,-1,-1,-1
627,13,726.54,180.60,57.63,47.05,1,-1,-1,-1
627,96,797.39,179.46,31.79,21.90,1,-1,-1,-1
628,13,729.44,179.52,57.28,46.74,1,-1,-1,-1
628,96,797.90,177.69,32.33,22.27,1,-1,-1,-1
629,13,732.14,178.30,56.98,46.49,1,-1,-1,-1
629,96,798.21,176.44,32.34,22.21,1,-1,-1,-1
630,13,734.77,179.93,56.47,46.07,1,-1,-1,-1
630,96,798.27,178.29,32.24,22.13,1,-1,-1,-1
631,13,736.59,180.02,56.51,46.07,1,-1,-1,-1
631,96,797.96,178.68,32.13,21.96,1,-1,-1,-1
632,13,738.25,179.17,56.09,45.75,1,-1,-1,-1
632,96,797.00,177.77,32.68,22.31,1,-1,-1,-1
633,13,739.52,176.84,56.13,45.90,1,-1,-1,-1
633,96,795.58,176.17,32.65,22.26,1,-1,-1,-1
634,13,740.78,175.77,55.25,45.17,1,-1,-1,-1
634,96,793.89,175.08,33.02,22.56,1,-1,-1,-1
635,13,741.73,174.26,54.52,44.63,1,-1,-1,-1
635,96,791.68,173.66,32.37,22.16,1,-1,-1,-1
636,13,742.55,172.75,53.77,44.06,1,-1,-1,-1
636,96,789.76,172.34,31.43,21.65,1,-1,-1,-1
637,13,743.50,171.74,53.82,44.14,1,-1,-1,-1
637,96,788.06,171.44,30.76,21.30,1,-1,-1,-1
638,13,743.64,171.29,53.76,44.17,1,-1,-1,-1
638,96,786.35,171.24,29.95,21.11,1,-1,-1,-1
639,13,743.45,171.47,54.15,44.63,1,-1,-1,-1
639,96,785.47,171.22,29.26,20.94,1,-1,-1,-1
640,13,743.49,171.90,53.44,44.14,1,-1,-1,-1
640,96,783.42,171.67,28.95,21.15,1,-1,-1,-1
641,13,743.53,171.95,52.84,43.71,1,-1,-1,-1
641,96,781.68,172.16,27.05,20.30,1,-1,-1,-1
642,13,742.85,171.65,52.35,43.36,1,-1,-1,-1
642,96,778.35,171.69,26.48,20.41,1,-1,-1,-1
643,13,742.44,171.32,51.42,42.55,1,-1,-1,-1
644,13,741.49,170.76,50.92,42.09,1,-1,-1,-1
645,13,740.22,170.53,50.78,42.02,1,-1,-1,-1
646,13,738.26,170.12,51.15,42.47,1,-1,-1,-1
647,13,736.37,170.51,50.71,42.30,1,-1,-1,-1
648,13,734.58,170.84,51.06,42.78,1,-1,-1,-1
649,13,732.56,171.17,50.44,42.50,1,-1,-1,-1
650,13,730.66,171.47,49.71,42.10,1,-1,-1,-1
651,13,727.96,171.73,49.15,41.74,1,-1,-1,-1
652,13,725.43,172.02,48.35,41.20,1,-1,-1,-1
653,13,722.53,172.03,48.15,41.22,1,-1,-1,-1
654,13,719.01,171.81,47.86,41.11,1,-1,-1,-1
655,13,715.75,171.34,47.25,40.67,1,-1,-1,-1
655,119,701.03,175.59,21.17,21.34,1,-1,-1,-1
656,13,711.38,170.62,46.97,40.59,1,-1,-1,-1
656,119,694.94,174.56,22.15,22.32,1,-1,-1,-1
657,13,706.57,169.86,46.80,40.51,1,-1,-1,-1
657,119,687.67,174.09,22.83,22.95,1,-1,-1,-1
658,13,702.06,169.50,46.19,40.06,1,-1,-1,-1
658,119,679.93,173.99,23.29,23.33,1,-1,-1,-1
659,13,696.37,169.99,45.95,39.85,1,-1,-1,-1
659,119,672.31,174.83,23.50,23.38,1,-1,-1,-1
660,13,690.36,170.50,45.59,39.54,1,-1,-1,-1
660,119,663.81,175.34,23.75,23.41,1,-1,-1,-1
661,13,684.05,170.66,45.18,39.14,1,-1,-1,-1
661,119,654.70,175.52,24.19,23.61,1,-1,-1,-1
662,13,676.66,171.40,45.23,39.10,1,-1,-1,-1
662,119,645.47,176.72,24.60,23.85,1,-1,-1,-1
663,13,668.89,172.19,44.77,38.55,1,-1,-1,-1
663,119,636.12,177.89,24.35,23.36,1,-1,-1,-1
664,13,660.46,172.50,45.12,38.70,1,-1,-1,-1
664,119,625.95,178.59,24.45,23.20,1,-1,-1,-1
665,13,651.78,172.79,45.44,38.87,1,-1,-1,-1
665,119,615.70,179.14,24.51,23.07,1,-1,-1,-1
666,13,643.20,172.51,45.21,38.53,1,-1,-1,-1
666,119,605.65,179.07,25.21,23.49,1,-1,-1,-1
667,13,634.57,171.76,45.24,38.38,1,-1,-1,-1
667,119,595.86,177.67,25.95,23.95,1,-1,-1,-1
668,13,626.17,171.13,45.58,38.58,1,-1,-1,-1
668,119,586.16,176.78,26.53,24.25,1,-1,-1,-1
669,13,618.24,170.59,45.54,38.34,1,-1,-1,-1
669,119,577.45,176.20,26.87,24.33,1,-1,-1,-1
670,13,610.51,170.65,46.16,38.76,1,-1,-1,-1
670,119,569.08,176.36,27.22,24.39,1,-1,-1,-1
671,13,603.21,170.51,46.50,39.01,1,-1,-1,-1
671,119,561.21,176.48,27.52,24.36,1,-1,-1,-1
672,13,596.63,171.34,45.96,38.40,1,-1,-1,-1
672,119,554.04,177.27,27.63,24.23,1,-1,-1,-1
673,13,589.74,172.93,46.13,38.43,1,-1,-1,-1
673,119,546.41,178.78,27.96,24.32,1,-1,-1,-1
674,13,582.85,174.06,45.84,38.08,1,-1,-1,-1
674,119,538.82,179.62,28.37,24.54,1,-1,-1,-1
675,13,575.87,174.46,46.06,38.13,1,-1,-1,-1
675,119,532.25,179.97,28.62,24.62,1,-1,-1,-1
676,13,569.26,175.46,46.75,38.59,1,-1,-1,-1
676,119,525.82,181.01,29.03,24.80,1,-1,-1,-1
677,13,563.05,176.62,46.63,38.34,1,-1,-1,-1
677,119,519.61,182.28,29.29,24.84,1,-1,-1,-1
678,13,557.05,176.80,46.58,38.18,1,-1,-1,-1
678,119,513.83,182.31,29.24,24.72,1,-1,-1,-1
679,13,550.92,176.50,46.52,37.99,1,-1,-1,-1
679,119,507.05,181.77,29.49,24.78,1,-1,-1,-1
680,13,544.61,176.18,46.57,37.82,1,-1,-1,-1
680,119,501.38,181.01,29.54,24.73,1,-1,-1,-1
681,13,538.69,175.70,46.26,37.49,1,-1,-1,-1
681,119,494.42,180.24,29.90,24.92,1,-1,-1,-1
682,13,532.42,175.44,46.55,37.55,1,-1,-1,-1
682,119,488.20,179.87,29.90,24.79,1,-1,-1,-1
683,13,526.24,175.17,46.67,37.54,1,-1,-1,-1
683,119,481.24,179.55,30.02,24.67,1,-1,-1,-1
684,13,520.23,175.40,46.69,37.42,1,-1,-1,-1
684,119,474.99,179.54,30.27,24.56,1,-1,-1,-1
685,13,514.32,175.62,46.94,37.48,1,-1,-1,-1
685,119,470.19,179.66,30.03,24.34,1,-1,-1,-1
686,13,509.18,175.68,46.98,37.42,1,-1,-1,-1
686,119,463.93,179.60,30.33,24.38,1,-1,-1,-1
687,13,503.76,175.32,47.45,37.71,1,-1,-1,-1
687,119,458.63,179.19,29.80,23.71,1,-1,-1,-1
688,13,499.41,174.97,47.24,37.40,1,-1,-1,-1
688,119,452.44,178.29,30.58,23.99,1,-1,-1,-1
689,13,495.30,173.78,47.54,37.54,1,-1,-1,-1
689,119,447.15,177.20,30.95,23.96,1,-1,-1,-1
689,135,352.50,174.69,32.09,19.12,1,-1,-1,-1
690,13,491.92,173.47,47.72,37.61,1,-1,-1,-1
690,119,443.01,176.76,31.83,24.49,1,-1,-1,-1
690,135,348.63,174.63,30.82,18.35,1,-1,-1,-1
691,13,489.20,174.42,47.25,37.08,1,-1,-1,-1
691,119,437.86,177.68,31.88,23.99,1,-1,-1,-1
691,135,343.75,175.17,29.82,17.73,1,-1,-1,-1
692,13,486.79,174.58,47.35,36.98,1,-1,-1,-1
692,119,434.43,177.40,32.67,24.36,1,-1,-1,-1
692,135,340.18,174.83,26.12,15.41,1,-1,-1,-1
693,13,484.25,173.25,47.25,36.71,1,-1,-1,-1
693,119,430.31,176.16,32.59,23.73,1,-1,-1,-1
693,135,336.36,173.00,25.83,15.11,1,-1,-1,-1
694,13,482.21,171.38,47.48,36.68,1,-1,-1,-1
694,119,426.84,174.65,33.76,24.38,1,-1,-1,-1
694,135,331.93,171.05,26.80,15.53,1,-1,-1,-1
695,13,480.06,170.76,47.52,36.47,1,-1,-1,-1
695,119,422.26,174.49,34.49,24.48,1,-1,-1,-1
695,135,328.91,170.58,26.45,15.15,1,-1,-1,-1
696,13,478.27,170.70,47.86,36.64,1,-1,-1,-1
696,119,418.24,174.61,35.38,24.81,1,-1,-1,-1
696,135,326.85,170.83,26.04,14.79,1,-1,-1,-1
697,13,476.46,170.50,47.99,36.66,1,-1,-1,-1
697,119,413.94,174.32,36.26,25.07,1,-1,-1,-1
698,13,475.23,170.09,47.69,36.22,1,-1,-1,-1
698,119,410.47,173.76,35.99,24.49,1,-1,-1,-1
698,135,321.90,169.04,27.55,15.63,1,-1,-1,-1
699,13,474.12,169.51,47.99,36.30,1,-1,-1,-1
699,119,407.00,172.88,37.37,25.13,1,-1,-1,-1
699,135,315.47,167.10,30.06,16.71,1,-1,-1,-1
700,13,472.97,168.64,48.29,36.32,1,-1,-1,-1
700,119,403.68,171.95,38.67,25.76,1,-1,-1,-1
701,13,472.65,168.09,48.18,36.10,1,-1,-1,-1
701,119,401.30,171.62,38.98,25.64,1,-1,-1,-1
701,135,310.48,163.99,33.98,18.72,1,-1,-1,-1
702,13,472.30,167.63,48.37,36.04,1,-1,-1,-1
702,119,399.73,171.13,38.87,25.36,1,-1,-1,-1
702,135,312.79,164.00,32.84,18.11,1,-1,-1,-1
703,13,472.79,167.38,48.19,35.73,1,-1,-1,-1
703,119,398.61,170.76,39.66,25.79,1,-1,-1,-1
703,135,315.41,163.81,32.67,18.14,1,-1,-1,-1
704,13,473.61,167.51,47.81,35.22,1,-1,-1,-1
704,119,397.00,170.81,40.47,26.14,1,-1,-1,-1
704,135,319.32,164.45,31.28,17.43,1,-1,-1,-1
705,13,474.54,166.82,48.32,35.47,1,-1,-1,-1
705,119,396.60,170.37,40.43,25.97,1,-1,-1,-1
706,13,474.84,165.61,48.90,35.75,1,-1,-1,-1
706,119,396.49,169.36,40.40,25.83,1,-1,-1,-1
707,13,475.66,165.14,49.18,35.80,1,-1,-1,-1
707,119,396.41,169.02,40.24,25.62,1,-1,-1,-1
708,13,476.51,164.21,49.65,35.93,1,-1,-1,-1
708,119,396.69,168.12,40.30,25.71,1,-1,-1,-1
709,13,477.52,163.24,49.79,35.87,1,-1,-1,-1
709,119,395.44,166.91,40.93,26.04,1,-1,-1,-1
710,13,478.22,162.64,49.46,35.49,1,-1,-1,-1
710,119,394.83,166.02,41.40,26.31,1,-1,-1,-1
711,13,478.83,162.37,49.41,35.34,1,-1,-1,-1
711,119,395.10,165.45,41.57,26.49,1,-1,-1,-1
712,13,479.96,162.25,49.66,35.36,1,-1,-1,-1
712,119,395.24,165.17,41.89,26.79,1,-1,-1,-1
713,13,480.50,161.83,50.01,35.48,1,-1,-1,-1
713,119,395.99,164.88,42.13,27.10,1,-1,-1,-1
714,13,481.30,161.31,50.45,35.65,1,-1,-1,-1
714,119,397.57,164.49,42.11,27.33,1,-1,-1,-1
715,13,482.61,161.90,50.40,35.49,1,-1,-1,-1
715,119,401.08,165.26,40.94,26.99,1,-1,-1,-1
716,13,483.96,163.23,51.01,35.84,1,-1,-1,-1
716,119,402.62,166.99,41.37,27.47,1,-1,-1,-1
717,13,486.47,164.08,51.29,35.98,1,-1,-1,-1
717,119,406.26,167.88,41.43,27.86,1,-1,-1,-1
718,13,489.81,164.90,51.06,35.82,1,-1,-1,-1
718,119,409.66,168.83,41.18,27.87,1,-1,-1,-1
719,13,493.38,165.03,50.99,35.89,1,-1,-1,-1
719,119,413.98,168.82,41.56,28.32,1,-1,-1,-1
720,13,497.64,165.02,50.61,35.64,1,-1,-1,-1
720,119,419.10,169.12,40.92,27.98,1,-1,-1,-1
721,13,502.14,164.86,50.72,35.79,1,-1,-1,-1
721,119,424.80,169.00,40.82,28.07,1,-1,-1,-1
722,13,507.88,164.53,50.42,35.69,1,-1,-1,-1
722,119,430.96,168.39,41.46,28.75,1,-1,-1,-1
723,13,514.19,164.19,49.88,35.34,1,-1,-1,-1
723,119,437.91,167.98,41.56,29.09,1,-1,-1,-1
724,13,520.85,163.56,49.66,35.27,1,-1,-1,-1
724,119,445.45,167.55,41.74,29.47,1,-1,-1,-1
725,13,528.54,162.81,49.28,35.13,1,-1,-1,-1
725,119,453.62,167.14,41.49,29.51,1,-1,-1,-1
726,13,536.02,162.37,48.89,35.01,1,-1,-1,-1
726,119,461.96,166.79,41.59,29.82,1,-1,-1,-1
727,13,543.89,162.49,48.28,34.72,1,-1,-1,-1
727,119,470.15,166.13,42.33,30.70,1,-1,-1,-1
728,13,552.32,162.78,48.06,34.64,1,-1,-1,-1
728,119,478.75,166.47,42.14,30.84,1,-1,-1,-1
729,13,560.75,163.03,47.85,34.62,1,-1,-1,-1
729,119,487.47,166.15,42.89,31.76,1,-1,-1,-1
730,13,569.66,163.68,47.14,34.24,1,-1,-1,-1
730,119,495.94,165.83,43.92,32.91,1,-1,-1,-1
731,13,578.56,163.96,46.78,34.13,1,-1,-1,-1
731,119,505.20,166.48,44.27,33.53,1,-1,-1,-1
732,13,587.87,163.84,46.66,34.24,1,-1,-1,-1
732,119,514.78,166.57,43.90,33.62,1,-1,-1,-1
733,13,596.73,163.86,46.29,34.10,1,-1,-1,-1
733,119,523.88,166.44,44.23,34.21,1,-1,-1,-1
734,13,605.78,164.13,45.68,33.83,1,-1,-1,-1
734,119,533.27,167.11,43.54,33.87,1,-1,-1,-1
735,13,613.93,164.70,45.69,34.00,1,-1,-1,-1
735,119,541.69,167.99,43.99,34.51,1,-1,-1,-1
736,13,622.16,165.65,44.65,33.35,1,-1,-1,-1
736,119,549.38,169.03,44.19,34.92,1,-1,-1,-1
737,13,627.87,164.49,46.42,35.02,1,-1,-1,-1
737,119,556.48,169.85,44.80,35.69,1,-1,-1,-1
738,13,633.93,166.82,45.01,33.98,1,-1,-1,-1
738,119,562.39,171.20,45.15,36.24,1,-1,-1,-1
739,13,639.37,169.12,43.07,32.49,1,-1,-1,-1
739,119,567.09,173.08,45.21,36.42,1,-1,-1,-1
740,13,642.21,170.57,43.14,32.58,1,-1,-1,-1
740,119,570.57,174.53,46.12,37.33,1,-1,-1,-1
741,13,645.03,170.87,43.10,32.64,1,-1,-1,-1
741,119,573.96,175.58,46.99,38.24,1,-1,-1,-1
742,13,648.76,170.61,42.53,32.27,1,-1,-1,-1
742,119,576.66,175.74,47.88,39.17,1,-1,-1,-1
743,13,650.76,169.73,42.29,32.18,1,-1,-1,-1
743,119,579.30,175.02,49.42,40.68,1,-1,-1,-1
744,13,652.87,168.93,41.59,31.69,1,-1,-1,-1
744,119,581.90,174.59,50.06,41.43,1,-1,-1,-1
745,13,654.66,168.10,41.03,31.32,1,-1,-1,-1
745,119,584.32,174.64,50.64,41.98,1,-1,-1,-1
746,13,655.91,167.33,40.64,31.12,1,-1,-1,-1
746,119,585.82,174.14,51.72,43.00,1,-1,-1,-1
747,13,656.60,166.01,40.87,31.51,1,-1,-1,-1
747,119,586.75,173.68,53.17,44.46,1,-1,-1,-1
748,13,656.67,165.92,40.45,31.29,1,-1,-1,-1
748,119,587.84,174.37,53.60,44.99,1,-1,-1,-1
749,13,656.74,166.15,40.30,31.39,1,-1,-1,-1
749,119,588.22,175.20,54.56,45.94,1,-1,-1,-1
750,13,656.88,167.34,39.43,30.80,1,-1,-1,-1
750,119,588.65,176.27,55.37,46.77,1,-1,-1,-1
751,13,656.91,169.09,38.69,30.31,1,-1,-1,-1
751,119,589.27,177.72,55.81,47.25,1,-1,-1,-1
752,13,656.83,170.61,37.95,29.71,1,-1,-1,-1
752,119,588.82,178.98,58.13,49.47,1,-1,-1,-1
753,13,656.50,171.77,37.35,29.24,1,-1,-1,-1
753,119,589.19,180.67,58.52,49.84,1,-1,-1,-1
754,13,655.83,171.76,37.32,29.25,1,-1,-1,-1
754,119,589.33,181.32,59.44,50.68,1,-1,-1,-1
755,13,655.18,171.20,36.95,29.04,1,-1,-1,-1
755,119,589.00,181.05,61.00,52.15,1,-1,-1,-1
755,137,370.70,169.02,34.15,18.85,1,-1,-1,-1
756,13,654.36,170.72,36.42,28.60,1,-1,-1,-1
756,119,588.55,180.45,62.64,53.65,1,-1,-1,-1
757,13,653.31,170.34,36.48,28.62,1,-1,-1,-1
757,119,587.77,180.01,64.56,55.50,1,-1,-1,-1
757,137,366.29,166.31,36.87,20.31,1,-1,-1,-1
758,13,652.56,170.22,35.83,28.08,1,-1,-1,-1
758,119,586.90,179.95,66.29,57.17,1,-1,-1,-1
759,13,651.94,170.25,34.91,27.36,1,-1,-1,-1
759,119,586.39,180.21,67.53,58.26,1,-1,-1,-1
759,137,358.33,164.89,39.33,21.74,1,-1,-1,-1
760,13,650.93,169.70,35.23,27.69,1,-1,-1,-1
760,119,585.83,180.56,68.77,59.36,1,-1,-1,-1
760,137,356.33,164.74,40.65,22.45,1,-1,-1,-1
761,13,650.25,169.24,35.22,27.86,1,-1,-1,-1
761,119,584.99,180.97,70.98,61.37,1,-1,-1,-1
762,13,650.40,168.87,34.89,27.69,1,-1,-1,-1
762,119,584.17,181.03,73.48,63.69,1,-1,-1,-1
763,13,650.57,168.42,33.99,27.01,1,-1,-1,-1
763,119,583.45,181.28,76.01,66.05,1,-1,-1,-1
764,13,650.41,168.33,32.91,26.19,1,-1,-1,-1
764,119,583.17,181.58,78.17,67.99,1,-1,-1,-1
765,13,650.72,168.17,32.41,25.97,1,-1,-1,-1
765,119,582.43,181.72,81.34,70.98,1,-1,-1,-1
766,13,651.24,167.77,31.73,25.58,1,-1,-1,-1
766,119,581.95,182.09,83.85,73.26,1,-1,-1,-1
767,13,651.96,167.39,31.26,25.33,1,-1,-1,-1
767,119,581.21,182.43,86.74,75.84,1,-1,-1,-1
768,13,652.18,166.70,31.23,25.45,1,-1,-1,-1
768,119,580.52,182.48,90.16,78.98,1,-1,-1,-1
769,13,653.00,166.06,31.31,25.68,1,-1,-1,-1
769,119,580.24,183.40,92.67,81.23,1,-1,-1,-1
770,13,653.74,165.53,31.44,25.97,1,-1,-1,-1
770,119,579.68,184.38,96.03,84.16,1,-1,-1,-1
771,13,655.11,165.05,31.05,25.67,1,-1,-1,-1
771,119,578.81,185.49,98.86,86.53,1,-1,-1,-1
772,13,656.88,164.51,30.73,25.36,1,-1,-1,-1
772,119,577.69,185.85,102.83,89.94,1,-1,-1,-1
773,13,658.55,163.94,30.75,25.35,1,-1,-1,-1
773,119,576.16,186.17,107.22,93.78,1,-1,-1,-1
774,13,660.71,163.73,30.57,25.03,1,-1,-1,-1
774,119,574.30,186.28,112.13,98.21,1,-1,-1,-1
775,13,663.05,163.41,30.67,24.80,1,-1,-1,-1
775,119,572.66,186.61,116.10,101.69,1,-1,-1,-1
775,137,328.31,167.63,39.17,20.87,1,-1,-1,-1
776,13,665.37,163.10,30.76,24.51,1,-1,-1,-1
776,119,571.23,187.02,119.90,105.06,1,-1,-1,-1
776,137,324.17,168.20,38.54,20.48,1,-1,-1,-1
777,13,668.32,162.60,30.87,24.21,1,-1,-1,-1
777,119,569.30,187.23,124.66,109.32,1,-1,-1,-1
778,13,671.91,162.20,30.84,23.67,1,-1,-1,-1
778,119,568.03,187.78,128.14,112.28,1,-1,-1,-1
778,137,320.53,166.66,41.63,21.72,1,-1,-1,-1
779,13,674.74,161.19,32.00,24.04,1,-1,-1,-1
779,119,566.38,187.99,131.73,115.33,1,-1,-1,-1
779,137,319.18,166.79,42.32,21.56,1,-1,-1,-1
780,13,678.49,161.21,32.20,23.73,1,-1,-1,-1
780,119,565.12,188.85,135.40,118.50,1,-1,-1,-1
780,137,317.42,167.09,42.92,21.58,1,-1,-1,-1
781,13,682.32,160.99,32.89,23.66,1,-1,-1,-1
781,119,563.39,189.91,139.82,122.44,1,-1,-1,-1
782,13,687.28,160.53,33.57,23.63,1,-1,-1,-1
782,119,562.48,190.74,142.58,124.76,1,-1,-1,-1
783,13,692.13,160.40,34.24,23.43,1,-1,-1,-1
783,119,560.86,191.79,146.38,128.14,1,-1,-1,-1
784,13,696.95,160.37,35.17,23.52,1,-1,-1,-1
784,119,559.70,192.72,149.06,130.36,1,-1,-1,-1
785,13,702.92,160.13,35.74,23.27,1,-1,-1,-1
785,119,558.60,193.24,151.76,132.63,1,-1,-1,-1
786,13,708.82,159.46,37.51,23.75,1,-1,-1,-1
786,119,557.85,193.59,154.30,134.69,1,-1,-1,-1
787,13,715.06,159.57,37.47,23.16,1,-1,-1,-1
787,119,556.53,194.00,156.97,136.96,1,-1,-1,-1
788,13,721.41,159.26,38.38,23.19,1,-1,-1,-1
788,119,555.81,194.40,159.17,138.82,1,-1,-1,-1
789,13,727.67,158.85,39.94,23.73,1,-1,-1,-1
789,119,555.24,195.31,161.22,140.56,1,-1,-1,-1
790,13,734.86,159.55,40.56,23.62,1,-1,-1,-1
790,119,554.30,195.98,163.65,142.70,1,-1,-1,-1
791,13,744.67,160.59,37.62,21.48,1,-1,-1,-1
791,119,553.49,197.10,165.63,144.54,1,-1,-1,-1
792,119,552.91,197.83,166.61,145.25,1,-1,-1,-1
793,119,552.34,198.03,168.54,146.85,1,-1,-1,-1
794,119,551.70,198.17,170.64,148.70,1,-1,-1,-1
795,119,551.17,198.44,171.95,149.78,1,-1,-1,-1
796,119,550.94,198.80,172.84,150.47,1,-1,-1,-1
797,119,550.90,198.93,173.03,150.40,1,-1,-1,-1
798,119,550.54,198.92,174.35,151.41,1,-1,-1,-1
799,119,549.87,198.96,175.65,152.47,1,-1,-1,-1
800,119,549.54,199.13,176.60,153.22,1,-1,-1,-1
801,119,549.15,199.38,177.64,154.12,1,-1,-1,-1
802,119,548.87,199.69,178.33,154.69,1,-1,-1,-1
803,119,548.74,200.13,178.81,155.09,1,-1,-1,-1
804,119,549.18,200.17,178.50,154.80,1,-1,-1,-1
805,119,549.59,200.15,177.94,154.21,1,-1,-1,-1
806,119,549.59,200.24,178.06,154.19,1,-1,-1,-1
807,119,549.14,200.23,178.93,154.95,1,-1,-1,-1
808,119,549.09,200.18,179.01,155.00,1,-1,-1,-1
809,119,549.18,200.23,178.73,154.70,1,-1,-1,-1
810,119,548.92,200.35,179.03,154.94,1,-1,-1,-1
811,119,548.88,200.39,179.13,155.01,1,-1,-1,-1
812,119,548.73,200.33,179.25,155.06,1,-1,-1,-1
813,119,548.56,200.33,179.52,155.29,1,-1,-1,-1
814,119,548.54,200.44,179.48,155.24,1,-1,-1,-1
815,119,548.34,200.34,179.71,155.44,1,-1,-1,-1
816,119,548.65,200.62,179.16,154.97,1,-1,-1,-1
817,119,548.55,200.76,179.20,155.01,1,-1,-1,-1
817,139,231.79,178.96,11.48,24.50,1,-1,-1,-1
818,119,548.52,200.81,179.23,155.04,1,-1,-1,-1
818,139,231.84,179.08,11.44,24.40,1,-1,-1,-1
819,119,548.53,200.76,179.22,155.03,1,-1,-1,-1
819,139,231.87,179.14,11.38,24.26,1,-1,-1,-1
820,119,548.60,200.75,179.09,154.91,1,-1,-1,-1
820,139,231.90,179.10,11.43,24.36,1,-1,-1,-1
821,119,548.58,200.67,179.14,154.95,1,-1,-1,-1
821,139,231.83,178.91,11.54,24.62,1,-1,-1,-1
822,119,548.44,200.61,179.33,155.13,1,-1,-1,-1
822,139,231.87,178.92,11.53,24.58,1,-1,-1,-1
823,119,548.37,200.56,179.47,155.26,1,-1,-1,-1
823,139,231.82,178.65,11.66,24.87,1,-1,-1,-1
824,119,548.30,200.55,179.55,155.36,1,-1,-1,-1
824,139,231.86,178.72,11.62,24.79,1,-1,-1,-1
825,119,548.26,200.42,179.66,155.49,1,-1,-1,-1
825,139,231.92,178.89,11.53,24.60,1,-1,-1,-1
826,119,548.40,200.43,179.43,155.30,1,-1,-1,-1
826,139,231.92,178.97,11.49,24.52,1,-1,-1,-1
827,119,548.52,200.49,179.19,155.09,1,-1,-1,-1
827,139,231.85,178.78,11.60,24.77,1,-1,-1,-1
828,119,548.75,200.45,178.87,154.79,1,-1,-1,-1
828,139,231.86,178.67,11.58,24.73,1,-1,-1,-1
829,119,548.83,200.47,178.68,154.56,1,-1,-1,-1
829,139,231.96,178.79,11.48,24.53,1,-1,-1,-1
830,119,548.75,200.40,178.78,154.63,1,-1,-1,-1
830,139,231.97,178.74,11.50,24.60,1,-1,-1,-1
831,119,549.00,200.43,178.01,153.85,1,-1,-1,-1
831,139,232.00,178.83,11.44,24.46,1,-1,-1,-1
832,119,549.03,200.42,177.76,153.55,1,-1,-1,-1
832,139,232.00,178.80,11.42,24.45,1,-1,-1,-1
833,119,548.97,200.38,177.45,153.22,1,-1,-1,-1
833,139,231.98,178.84,11.40,24.39,1,-1,-1,-1
834,119,549.41,200.40,176.50,152.28,1,-1,-1,-1
834,139,232.00,178.91,11.37,24.33,1,-1,-1,-1
835,119,549.25,200.27,177.19,152.99,1,-1,-1,-1
835,139,231.96,178.86,11.41,24.44,1,-1,-1,-1
836,119,549.77,200.29,176.27,152.24,1,-1,-1,-1
836,139,231.91,178.68,11.53,24.72,1,-1,-1,-1
