0,2,565.60,169.37,18.91,16.10,1,-1,-1,-1
0,3,638.07,166.41,9.25,16.04,1,-1,-1,-1
1,2,564.57,169.35,19.36,16.47,1,-1,-1,-1
1,4,760.27,158.48,33.55,18.76,1,-1,-1,-1
2,2,563.54,168.95,19.98,17.00,1,-1,-1,-1
2,4,763.59,157.87,34.42,19.25,1,-1,-1,-1
3,2,562.51,168.69,20.47,17.42,1,-1,-1,-1
3,4,760.08,157.91,37.94,20.98,1,-1,-1,-1
4,2,561.60,168.74,20.64,17.57,1,-1,-1,-1
4,4,768.21,157.17,39.55,21.85,1,-1,-1,-1
4,6,538.85,168.47,19.07,13.96,1,-1,-1,-1
5,2,561.68,168.46,19.97,16.92,1,-1,-1,-1
5,4,774.23,156.44,40.40,22.24,1,-1,-1,-1
5,8,631.34,163.58,9.47,18.61,1,-1,-1,-1
5,9,583.72,164.27,9.15,18.46,1,-1,-1,-1
5,10,486.32,170.58,8.20,17.05,1,-1,-1,-1
6,2,560.61,167.08,20.43,17.24,1,-1,-1,-1
6,4,781.18,154.97,40.93,22.44,1,-1,-1,-1
6,8,630.21,161.54,9.81,19.33,1,-1,-1,-1
7,2,559.46,165.79,21.17,17.78,1,-1,-1,-1
7,4,790.01,153.97,39.93,22.04,1,-1,-1,-1
7,8,629.68,160.99,9.82,19.41,1,-1,-1,-1
8,2,558.27,165.21,21.93,18.34,1,-1,-1,-1
8,4,802.29,153.55,38.46,21.83,1,-1,-1,-1
8,8,628.46,159.34,10.47,20.70,1,-1,-1,-1
8,11,616.58,160.18,12.44,9.95,1,-1,-1,-1
9,2,557.22,166.08,21.67,17.97,1,-1,-1,-1
9,8,626.88,160.23,10.78,21.12,1,-1,-1,-1
10,2,556.10,164.36,22.99,18.93,1,-1,-1,-1
10,8,625.31,158.86,11.19,21.80,1,-1,-1,-1
10,12,481.37,164.53,9.48,21.75,1,-1,-1,-1
10,13,508.67,163.41,10.69,19.34,1,-1,-1,-1
11,2,555.11,162.02,23.85,19.47,1,-1,-1,-1
11,8,624.02,158.11,10.22,20.00,1,-1,-1,-1
12,2,553.73,161.67,24.08,19.47,1,-1,-1,-1
12,8,622.20,158.38,9.73,19.25,1,-1,-1,-1
13,2,551.80,162.85,24.88,20.07,1,-1,-1,-1
14,2,550.36,164.91,25.16,20.19,1,-1,-1,-1
14,8,618.92,160.41,10.97,21.46,1,-1,-1,-1
15,2,549.01,166.10,25.34,20.26,1,-1,-1,-1
15,8,617.32,160.64,11.66,22.55,1,-1,-1,-1
15,6,525.81,167.14,19.79,14.44,1,-1,-1,-1
15,12,477.22,167.84,9.63,21.75,1,-1,-1,-1
16,2,547.61,165.59,26.21,20.95,1,-1,-1,-1
16,12,475.87,167.50,9.42,21.19,1,-1,-1,-1
17,2,545.47,164.84,27.43,21.94,1,-1,-1,-1
17,8,613.76,161.63,10.39,20.36,1,-1,-1,-1
18,2,543.99,164.86,28.33,22.66,1,-1,-1,-1
18,8,611.82,161.77,10.57,20.97,1,-1,-1,-1
18,4,816.69,149.62,45.33,26.36,1,-1,-1,-1
18,12,474.52,166.92,9.99,22.38,1,-1,-1,-1
19,2,542.30,166.03,28.42,22.60,1,-1,-1,-1
19,8,609.26,162.39,11.10,22.03,1,-1,-1,-1
19,4,825.25,149.02,49.99,28.57,1,-1,-1,-1
19,12,471.74,166.23,11.08,24.68,1,-1,-1,-1
19,17,419.70,172.16,16.26,27.16,1,-1,-1,-1
20,2,540.47,167.28,29.39,23.48,1,-1,-1,-1
20,4,837.21,148.32,57.35,31.17,1,-1,-1,-1
20,12,469.80,169.58,10.92,23.81,1,-1,-1,-1
21,2,538.96,169.42,29.14,23.13,1,-1,-1,-1
21,4,847.94,148.22,62.84,32.37,1,-1,-1,-1
21,12,468.31,170.98,11.24,24.26,1,-1,-1,-1
22,2,537.31,170.27,29.94,23.65,1,-1,-1,-1
22,4,856.48,147.78,68.58,33.85,1,-1,-1,-1
22,12,467.54,172.79,10.80,23.28,1,-1,-1,-1
22,18,795.15,157.44,34.95,19.42,1,-1,-1,-1
23,2,535.14,170.27,30.61,24.06,1,-1,-1,-1
23,4,864.06,146.69,73.68,35.02,1,-1,-1,-1
23,12,465.49,171.38,11.86,25.34,1,-1,-1,-1
23,8,596.89,164.18,12.20,24.54,1,-1,-1,-1
24,2,532.75,170.22,31.47,24.59,1,-1,-1,-1
24,4,871.44,145.60,78.11,35.86,1,-1,-1,-1
24,12,463.04,169.84,12.92,27.14,1,-1,-1,-1
24,8,593.52,163.36,13.24,26.10,1,-1,-1,-1
25,2,530.41,170.88,32.53,25.30,1,-1,-1,-1
25,4,881.16,145.54,83.56,37.02,1,-1,-1,-1
25,12,460.98,170.46,13.57,27.88,1,-1,-1,-1
25,8,589.57,164.43,13.10,25.65,1,-1,-1,-1
25,20,405.95,176.27,16.79,31.59,1,-1,-1,-1
26,2,528.59,173.11,33.44,25.95,1,-1,-1,-1
26,4,890.44,147.18,89.50,38.53,1,-1,-1,-1
26,12,459.07,172.62,14.31,28.94,1,-1,-1,-1
27,2,525.49,175.63,34.76,26.79,1,-1,-1,-1
27,4,899.80,148.95,95.21,40.22,1,-1,-1,-1
27,12,457.44,173.39,15.35,30.85,1,-1,-1,-1
27,20,398.97,180.42,17.97,33.89,1,-1,-1,-1
28,2,523.04,176.03,35.96,27.65,1,-1,-1,-1
28,4,910.99,149.47,100.49,41.73,1,-1,-1,-1
28,12,456.48,173.96,15.35,30.96,1,-1,-1,-1
28,20,395.23,180.78,17.79,33.73,1,-1,-1,-1
29,2,520.25,175.57,37.02,28.35,1,-1,-1,-1
29,4,918.56,148.27,104.64,43.37,1,-1,-1,-1
29,12,454.87,173.08,15.82,31.82,1,-1,-1,-1
29,20,391.31,180.46,17.65,33.51,1,-1,-1,-1
29,23,588.79,166.18,14.61,27.12,1,-1,-1,-1
29,8,573.00,168.27,14.32,28.03,1,-1,-1,-1
30,2,518.02,175.81,37.63,28.64,1,-1,-1,-1
30,4,933.35,147.33,109.16,44.67,1,-1,-1,-1
30,12,452.78,173.03,16.50,32.93,1,-1,-1,-1
30,20,387.56,180.19,18.00,34.31,1,-1,-1,-1
30,8,568.76,168.98,14.66,29.32,1,-1,-1,-1
30,24,878.24,154.14,52.98,23.81,1,-1,-1,-1
30,25,611.39,167.99,26.93,12.28,1,-1,-1,-1
30,18,823.51,159.71,40.23,21.94,1,-1,-1,-1
31,2,515.88,175.61,38.93,29.41,1,-1,-1,-1
31,4,949.22,145.79,114.41,46.02,1,-1,-1,-1
31,12,450.10,172.90,16.70,33.09,1,-1,-1,-1
31,8,563.68,169.30,14.87,29.89,1,-1,-1,-1
31,24,885.67,151.31,57.22,25.70,1,-1,-1,-1
31,18,830.26,158.86,42.11,22.29,1,-1,-1,-1
32,2,512.83,174.55,40.24,30.40,1,-1,-1,-1
32,4,965.90,144.18,120.81,47.63,1,-1,-1,-1
32,12,447.97,171.68,17.10,34.10,1,-1,-1,-1
32,8,558.14,167.95,15.04,30.24,1,-1,-1,-1
32,24,894.25,150.74,56.39,25.27,1,-1,-1,-1
32,26,355.49,178.55,12.58,29.26,1,-1,-1,-1
33,2,509.82,173.97,41.08,30.94,1,-1,-1,-1
33,4,982.84,142.04,128.64,49.82,1,-1,-1,-1
33,24,900.06,149.93,56.93,25.37,1,-1,-1,-1
33,20,375.99,177.76,17.64,33.54,1,-1,-1,-1
33,18,838.37,159.79,39.31,20.01,1,-1,-1,-1
34,2,507.54,174.81,42.28,31.78,1,-1,-1,-1
34,4,1001.91,140.98,136.77,52.06,1,-1,-1,-1
34,24,906.03,150.27,58.33,25.83,1,-1,-1,-1
34,20,371.60,178.67,18.61,35.57,1,-1,-1,-1
34,18,842.80,160.20,41.19,20.37,1,-1,-1,-1
34,10,486.00,170.56,13.82,28.70,1,-1,-1,-1
34,12,446.95,173.52,18.71,37.25,1,-1,-1,-1
35,2,504.46,175.22,43.58,32.88,1,-1,-1,-1
35,4,1023.61,139.71,147.78,55.39,1,-1,-1,-1
35,24,913.09,150.32,60.67,26.72,1,-1,-1,-1
35,18,847.73,159.50,45.34,21.88,1,-1,-1,-1
35,12,444.52,173.88,18.48,36.68,1,-1,-1,-1
35,29,340.95,179.89,13.63,31.71,1,-1,-1,-1
35,8,542.00,168.23,15.46,31.88,1,-1,-1,-1
36,2,500.93,174.53,45.64,34.35,1,-1,-1,-1
36,4,1046.42,137.57,157.17,58.12,1,-1,-1,-1
36,18,853.31,158.27,47.36,22.18,1,-1,-1,-1
36,12,439.25,173.77,20.15,39.62,1,-1,-1,-1
37,2,497.99,173.64,47.63,35.74,1,-1,-1,-1
37,4,1060.62,135.36,165.46,61.71,1,-1,-1,-1
37,18,859.13,158.05,47.92,21.82,1,-1,-1,-1
37,12,440.80,172.11,17.65,35.28,1,-1,-1,-1
37,30,470.92,169.92,11.92,29.57,1,-1,-1,-1
37,29,330.82,178.62,14.22,33.18,1,-1,-1,-1
38,2,494.11,173.31,49.47,37.05,1,-1,-1,-1
38,4,1074.44,134.08,170.79,65.61,1,-1,-1,-1
38,18,864.94,158.59,48.44,21.55,1,-1,-1,-1
38,12,438.68,172.38,17.42,35.23,1,-1,-1,-1
38,30,465.69,169.39,12.76,31.60,1,-1,-1,-1
39,2,490.66,173.18,51.19,38.32,1,-1,-1,-1
39,4,1097.34,138.67,156.44,62.43,1,-1,-1,-1
39,18,872.17,157.98,50.91,22.20,1,-1,-1,-1
39,12,438.46,171.96,16.89,34.39,1,-1,-1,-1
39,30,461.57,170.37,12.30,30.36,1,-1,-1,-1
39,31,757.56,158.09,13.34,27.70,1,-1,-1,-1
40,2,487.08,173.87,53.24,39.78,1,-1,-1,-1
40,4,1131.85,151.30,125.67,52.97,1,-1,-1,-1
40,18,877.85,158.55,53.69,22.95,1,-1,-1,-1
40,12,436.85,170.39,17.09,35.12,1,-1,-1,-1
40,30,454.43,170.36,13.05,32.07,1,-1,-1,-1
41,2,482.77,174.17,55.97,41.79,1,-1,-1,-1
41,18,884.32,159.46,54.83,22.97,1,-1,-1,-1
41,12,434.31,170.03,17.58,36.59,1,-1,-1,-1
41,30,446.67,170.33,13.81,33.93,1,-1,-1,-1
41,33,682.28,160.18,18.13,35.08,1,-1,-1,-1
42,2,479.18,174.76,57.85,43.23,1,-1,-1,-1
42,18,891.56,160.78,56.61,23.11,1,-1,-1,-1
42,12,433.61,169.48,18.69,38.68,1,-1,-1,-1
42,30,437.40,169.59,15.74,38.17,1,-1,-1,-1
42,33,691.89,161.22,19.05,36.94,1,-1,-1,-1
42,24,966.58,150.58,72.17,31.30,1,-1,-1,-1
43,2,474.86,174.05,59.95,44.62,1,-1,-1,-1
43,18,899.51,160.70,57.45,22.90,1,-1,-1,-1
43,12,430.56,167.11,19.49,40.77,1,-1,-1,-1
43,30,431.17,167.12,16.96,41.03,1,-1,-1,-1
43,24,974.70,149.50,75.37,32.31,1,-1,-1,-1
43,25,590.29,163.76,56.49,28.36,1,-1,-1,-1
44,2,469.90,172.28,63.25,47.00,1,-1,-1,-1
44,18,907.76,160.35,59.54,23.33,1,-1,-1,-1
44,12,429.55,165.21,19.30,41.65,1,-1,-1,-1
44,24,983.99,148.84,76.14,32.39,1,-1,-1,-1
44,17,417.29,166.60,22.04,40.38,1,-1,-1,-1
45,2,464.84,171.49,66.23,49.23,1,-1,-1,-1
45,18,915.20,159.92,62.75,24.26,1,-1,-1,-1
45,12,428.39,163.60,19.63,43.14,1,-1,-1,-1
45,24,995.46,148.66,79.13,33.11,1,-1,-1,-1
45,17,413.25,166.24,22.38,41.90,1,-1,-1,-1
45,36,522.80,163.08,14.81,40.26,1,-1,-1,-1
46,2,460.23,171.90,68.88,51.14,1,-1,-1,-1
46,18,923.65,160.83,65.03,24.74,1,-1,-1,-1
46,12,426.28,162.70,20.50,45.14,1,-1,-1,-1
46,24,1006.76,149.69,80.83,33.18,1,-1,-1,-1
46,36,524.83,162.28,16.57,44.90,1,-1,-1,-1
46,31,747.60,155.97,19.69,40.75,1,-1,-1,-1
46,30,406.31,167.25,18.55,44.11,1,-1,-1,-1
47,2,455.60,172.88,70.90,52.46,1,-1,-1,-1
47,18,929.70,161.63,69.17,25.95,1,-1,-1,-1
47,12,424.70,162.74,21.39,46.82,1,-1,-1,-1
47,36,526.59,163.08,17.55,46.97,1,-1,-1,-1
47,30,396.80,167.56,19.08,44.72,1,-1,-1,-1
48,2,449.76,172.50,74.60,55.02,1,-1,-1,-1
48,18,939.77,160.43,72.04,26.93,1,-1,-1,-1
48,12,422.79,162.26,21.71,47.33,1,-1,-1,-1
48,36,526.91,162.24,18.26,48.11,1,-1,-1,-1
48,30,386.49,166.06,20.27,46.77,1,-1,-1,-1
48,24,1024.65,147.47,88.62,35.80,1,-1,-1,-1
49,2,444.10,172.21,76.78,56.28,1,-1,-1,-1
49,18,948.73,158.29,74.80,27.82,1,-1,-1,-1
49,12,420.88,160.38,21.82,47.85,1,-1,-1,-1
49,36,528.63,159.91,19.06,50.15,1,-1,-1,-1
49,30,374.58,164.91,21.07,48.21,1,-1,-1,-1
49,24,1037.37,145.83,91.58,36.85,1,-1,-1,-1
49,42,667.21,159.02,16.08,33.40,1,-1,-1,-1
50,2,436.91,171.77,81.06,59.17,1,-1,-1,-1
50,18,958.29,156.89,77.63,28.83,1,-1,-1,-1
50,12,418.39,158.66,24.43,54.16,1,-1,-1,-1
50,36,532.45,157.95,19.85,52.27,1,-1,-1,-1
50,30,361.16,164.95,22.98,51.28,1,-1,-1,-1
50,24,1045.94,144.73,95.94,37.83,1,-1,-1,-1
51,2,430.27,173.76,84.09,60.90,1,-1,-1,-1
51,18,967.63,158.12,79.56,29.35,1,-1,-1,-1
51,12,415.85,159.56,24.39,54.72,1,-1,-1,-1
51,36,535.87,159.46,20.72,53.68,1,-1,-1,-1
51,30,355.51,168.99,21.52,48.97,1,-1,-1,-1
51,24,1060.44,144.86,97.67,38.19,1,-1,-1,-1
51,26,343.15,169.21,21.80,51.85,1,-1,-1,-1
52,2,422.05,175.84,89.31,64.34,1,-1,-1,-1
52,18,974.43,158.71,83.00,30.26,1,-1,-1,-1
52,12,413.82,161.16,23.28,52.15,1,-1,-1,-1
52,36,538.92,161.02,22.04,55.38,1,-1,-1,-1
52,30,345.51,172.17,21.85,50.00,1,-1,-1,-1
52,24,1073.81,144.92,99.98,38.69,1,-1,-1,-1
52,26,343.83,171.52,21.58,51.46,1,-1,-1,-1
52,44,332.12,169.58,18.55,52.49,1,-1,-1,-1
52,20,311.99,172.39,25.27,50.57,1,-1,-1,-1
53,2,413.42,176.87,95.34,68.50,1,-1,-1,-1
53,18,983.29,159.79,83.82,29.95,1,-1,-1,-1
53,36,541.65,161.83,22.75,56.77,1,-1,-1,-1
53,24,1087.94,145.28,102.72,39.58,1,-1,-1,-1
53,45,945.97,143.86,25.98,55.74,1,-1,-1,-1
53,10,486.30,170.39,14.03,19.93,1,-1,-1,-1
53,33,716.25,160.40,18.13,34.90,1,-1,-1,-1
54,2,404.49,177.09,100.80,72.09,1,-1,-1,-1
54,18,1003.12,159.46,83.40,30.08,1,-1,-1,-1
54,36,544.70,161.51,23.06,58.40,1,-1,-1,-1
54,10,484.49,170.27,16.06,19.19,1,-1,-1,-1
54,33,725.00,159.63,18.68,36.09,1,-1,-1,-1
54,46,970.42,142.09,21.82,55.05,1,-1,-1,-1
54,11,621.66,165.77,15.60,12.10,1,-1,-1,-1
55,2,393.79,177.45,106.40,75.50,1,-1,-1,-1
55,18,1016.43,158.40,84.40,30.69,1,-1,-1,-1
55,36,548.65,159.77,24.92,62.28,1,-1,-1,-1
55,10,482.35,170.12,17.96,19.29,1,-1,-1,-1
55,11,622.12,165.84,15.34,11.82,1,-1,-1,-1
55,48,233.53,179.46,18.96,48.90,1,-1,-1,-1
55,49,843.59,155.46,16.87,40.84,1,-1,-1,-1
56,2,383.14,177.56,112.60,79.28,1,-1,-1,-1
56,36,551.57,159.11,26.88,65.02,1,-1,-1,-1
56,10,480.31,169.84,19.72,19.61,1,-1,-1,-1
56,48,228.06,179.12,19.48,50.20,1,-1,-1,-1
56,49,848.88,154.28,17.04,41.24,1,-1,-1,-1
56,51,211.25,180.00,26.88,54.38,1,-1,-1,-1
56,29,267.84,170.05,29.05,66.86,1,-1,-1,-1
56,20,302.24,170.31,29.86,59.69,1,-1,-1,-1
57,2,371.35,178.34,119.61,83.53,1,-1,-1,-1
57,36,554.50,160.21,27.29,64.79,1,-1,-1,-1
57,10,478.18,169.23,21.38,20.25,1,-1,-1,-1
57,49,854.00,153.08,17.59,42.58,1,-1,-1,-1
57,51,213.70,178.81,26.97,54.75,1,-1,-1,-1
57,29,270.19,172.86,27.09,63.52,1,-1,-1,-1
57,20,301.19,169.98,30.76,61.72,1,-1,-1,-1
57,54,769.44,156.33,18.48,35.14,1,-1,-1,-1
57,30,256.55,170.71,29.08,67.75,1,-1,-1,-1
57,11,623.07,164.57,15.32,11.80,1,-1,-1,-1
58,2,359.06,178.43,127.09,88.13,1,-1,-1,-1
58,36,560.34,158.40,27.92,67.43,1,-1,-1,-1
58,10,476.45,168.65,22.58,20.70,1,-1,-1,-1
58,51,208.39,177.87,27.42,56.09,1,-1,-1,-1
58,29,263.55,175.20,27.08,61.82,1,-1,-1,-1
58,20,301.23,169.42,31.06,61.81,1,-1,-1,-1
58,30,237.58,170.17,29.07,69.81,1,-1,-1,-1
58,11,623.31,164.13,15.29,11.70,1,-1,-1,-1
58,57,197.23,178.62,19.98,56.33,1,-1,-1,-1
59,2,346.16,178.77,135.28,93.12,1,-1,-1,-1
59,36,565.85,157.96,28.29,68.84,1,-1,-1,-1
59,10,474.55,168.45,23.95,21.38,1,-1,-1,-1
59,29,249.87,175.43,27.82,63.74,1,-1,-1,-1
59,20,300.30,168.97,30.92,61.47,1,-1,-1,-1
59,30,217.87,169.99,30.08,72.87,1,-1,-1,-1
59,57,191.38,178.14,21.00,59.21,1,-1,-1,-1
59,59,1014.44,139.29,23.47,53.88,1,-1,-1,-1
59,49,866.09,151.60,19.11,46.29,1,-1,-1,-1
60,2,331.87,179.31,144.27,98.55,1,-1,-1,-1
60,36,571.97,158.47,29.63,70.27,1,-1,-1,-1
60,10,472.75,168.53,24.91,21.82,1,-1,-1,-1
60,30,198.82,170.97,31.44,73.91,1,-1,-1,-1
60,57,183.01,179.73,21.64,60.84,1,-1,-1,-1
60,18,1068.76,156.14,90.33,33.42,1,-1,-1,-1
60,48,227.33,175.44,24.64,64.05,1,-1,-1,-1
61,2,316.54,179.81,153.36,103.80,1,-1,-1,-1
61,36,576.21,157.57,31.44,73.12,1,-1,-1,-1
61,10,471.07,167.78,25.98,22.45,1,-1,-1,-1
61,30,177.53,171.48,33.42,75.96,1,-1,-1,-1
61,51,207.26,176.29,32.04,65.95,1,-1,-1,-1
61,11,624.54,163.19,15.17,11.67,1,-1,-1,-1
61,49,879.57,150.04,19.91,48.28,1,-1,-1,-1
62,2,300.14,180.51,163.34,109.50,1,-1,-1,-1
62,36,582.01,156.54,32.07,75.51,1,-1,-1,-1
62,10,468.85,166.68,27.40,23.57,1,-1,-1,-1
62,30,155.77,171.01,35.23,80.27,1,-1,-1,-1
62,51,197.37,177.43,32.43,66.67,1,-1,-1,-1
62,11,624.70,162.73,15.36,11.85,1,-1,-1,-1
62,49,886.32,148.66,20.15,49.02,1,-1,-1,-1
62,17,407.85,156.04,17.48,28.96,1,-1,-1,-1
63,2,281.92,181.68,174.20,115.53,1,-1,-1,-1
63,36,589.09,155.38,32.71,78.38,1,-1,-1,-1
63,10,467.53,166.51,27.80,23.72,1,-1,-1,-1
63,30,130.64,170.69,36.53,84.98,1,-1,-1,-1
63,49,892.89,148.86,20.09,48.89,1,-1,-1,-1
63,63,158.04,178.46,21.35,66.81,1,-1,-1,-1
63,20,273.99,163.10,29.60,60.63,1,-1,-1,-1
63,57,178.21,178.60,24.61,67.17,1,-1,-1,-1
64,2,261.76,182.87,186.36,122.13,1,-1,-1,-1
64,36,597.60,156.06,34.14,79.81,1,-1,-1,-1
64,10,466.13,166.94,27.96,23.56,1,-1,-1,-1
64,30,106.27,171.58,37.62,86.99,1,-1,-1,-1
64,63,157.56,178.44,22.56,69.97,1,-1,-1,-1
64,20,261.59,163.70,26.06,52.79,1,-1,-1,-1
64,57,172.87,178.41,22.27,61.06,1,-1,-1,-1
64,44,323.47,165.43,11.65,26.48,1,-1,-1,-1
64,18,1107.16,153.45,91.39,36.58,1,-1,-1,-1
64,17,403.85,157.08,22.83,37.87,1,-1,-1,-1
65,2,239.48,183.67,201.92,130.88,1,-1,-1,-1
65,36,603.17,156.30,36.59,82.44,1,-1,-1,-1
65,10,464.85,167.56,28.25,23.62,1,-1,-1,-1
65,30,79.12,173.67,40.54,88.69,1,-1,-1,-1
65,63,162.00,178.59,22.24,68.50,1,-1,-1,-1
65,57,164.29,178.64,24.16,65.80,1,-1,-1,-1
65,18,1105.86,152.93,97.52,37.88,1,-1,-1,-1
65,17,401.01,157.24,27.96,47.95,1,-1,-1,-1
65,29,236.63,167.25,24.53,54.00,1,-1,-1,-1
65,48,141.03,179.21,27.72,72.04,1,-1,-1,-1
66,2,215.49,185.13,217.94,139.56,1,-1,-1,-1
66,36,608.40,156.65,37.98,84.27,1,-1,-1,-1
66,10,463.88,168.29,28.39,23.53,1,-1,-1,-1
66,30,56.14,175.86,43.93,92.11,1,-1,-1,-1
66,63,159.56,179.34,22.53,68.49,1,-1,-1,-1
66,57,158.00,179.32,25.25,67.83,1,-1,-1,-1
66,17,398.19,156.69,33.81,59.31,1,-1,-1,-1
66,29,223.99,166.61,23.87,49.61,1,-1,-1,-1
66,48,136.72,181.79,27.55,70.66,1,-1,-1,-1
66,51,116.97,181.91,36.33,74.30,1,-1,-1,-1
66,44,330.42,164.41,12.98,24.16,1,-1,-1,-1
67,2,189.57,186.97,235.24,148.64,1,-1,-1,-1
67,36,620.88,155.64,39.98,87.99,1,-1,-1,-1
67,10,462.84,169.16,28.62,23.53,1,-1,-1,-1
67,30,31.44,176.94,46.51,96.08,1,-1,-1,-1
67,57,149.96,179.70,26.32,70.20,1,-1,-1,-1
67,17,395.84,155.48,47.49,85.00,1,-1,-1,-1
67,29,208.22,165.24,22.99,45.43,1,-1,-1,-1
67,48,127.94,182.68,28.10,72.39,1,-1,-1,-1
67,51,94.17,184.14,39.45,77.89,1,-1,-1,-1
67,44,334.62,165.49,15.26,24.26,1,-1,-1,-1
67,49,918.18,148.91,22.29,54.55,1,-1,-1,-1
68,2,160.45,188.52,254.82,158.83,1,-1,-1,-1
68,36,633.87,155.26,42.15,90.70,1,-1,-1,-1
68,10,461.29,169.54,29.10,23.78,1,-1,-1,-1
68,30,2.43,177.52,47.27,99.70,1,-1,-1,-1
68,57,142.37,179.72,26.00,69.19,1,-1,-1,-1
68,17,395.40,154.87,53.53,99.06,1,-1,-1,-1
68,29,188.66,166.02,22.52,42.64,1,-1,-1,-1
68,48,118.82,183.05,28.59,73.77,1,-1,-1,-1
68,51,69.67,185.48,41.21,79.40,1,-1,-1,-1
68,44,339.65,166.02,19.17,27.45,1,-1,-1,-1
68,49,924.70,149.35,22.40,55.42,1,-1,-1,-1
69,2,129.50,190.06,275.25,168.98,1,-1,-1,-1
69,36,638.50,155.96,42.98,92.58,1,-1,-1,-1
69,10,460.11,169.53,29.51,24.03,1,-1,-1,-1
69,57,136.51,178.95,21.86,56.44,1,-1,-1,-1
69,17,399.01,155.03,58.14,108.69,1,-1,-1,-1
69,48,113.71,182.94,23.89,60.22,1,-1,-1,-1
69,51,46.28,185.57,41.38,81.43,1,-1,-1,-1
69,49,931.60,149.07,22.40,56.13,1,-1,-1,-1
69,59,994.19,147.37,21.60,48.18,1,-1,-1,-1
69,11,626.14,163.80,16.40,12.53,1,-1,-1,-1
69,63,168.26,169.82,14.58,40.69,1,-1,-1,-1
70,2,99.86,192.26,289.21,173.47,1,-1,-1,-1
70,36,649.85,157.14,46.02,94.64,1,-1,-1,-1
70,10,459.04,169.82,29.93,24.29,1,-1,-1,-1
70,17,403.83,156.07,59.43,113.68,1,-1,-1,-1
70,48,109.30,183.39,19.81,46.81,1,-1,-1,-1
70,51,21.82,186.35,42.48,84.68,1,-1,-1,-1
70,49,937.05,149.18,22.85,57.10,1,-1,-1,-1
70,59,1008.76,146.98,22.50,49.35,1,-1,-1,-1
70,26,353.77,164.95,33.64,65.65,1,-1,-1,-1
71,2,69.29,194.14,300.75,174.69,1,-1,-1,-1
71,36,660.56,156.35,47.61,97.32,1,-1,-1,-1
71,10,458.13,169.88,30.47,24.64,1,-1,-1,-1
71,17,400.66,155.70,61.17,118.94,1,-1,-1,-1
71,51,2.48,187.90,42.35,84.76,1,-1,-1,-1
71,26,356.40,165.01,39.95,71.86,1,-1,-1,-1
72,2,46.64,196.43,309.21,173.97,1,-1,-1,-1
72,36,666.88,154.26,48.42,102.34,1,-1,-1,-1
72,10,456.90,169.97,30.78,24.75,1,-1,-1,-1
72,17,403.04,153.70,62.87,124.00,1,-1,-1,-1
72,26,361.40,164.70,44.54,80.42,1,-1,-1,-1
73,2,33.99,198.14,314.99,172.63,1,-1,-1,-1
73,36,678.58,154.53,50.24,104.64,1,-1,-1,-1
73,10,456.06,169.88,31.12,24.90,1,-1,-1,-1
73,17,407.35,151.84,63.14,128.95,1,-1,-1,-1
73,26,369.19,164.35,46.66,86.08,1,-1,-1,-1
73,18,1152.97,162.50,86.38,35.94,1,-1,-1,-1
73,48,86.43,170.31,19.20,41.21,1,-1,-1,-1
74,2,26.16,200.13,318.35,170.69,1,-1,-1,-1
74,36,687.60,155.77,52.68,106.45,1,-1,-1,-1
74,10,455.48,169.83,30.95,24.62,1,-1,-1,-1
74,17,412.02,151.60,63.83,133.05,1,-1,-1,-1
74,26,379.04,164.22,46.92,88.37,1,-1,-1,-1
74,18,1159.17,163.57,78.75,35.25,1,-1,-1,-1
74,48,68.38,170.54,19.58,39.13,1,-1,-1,-1
74,78,89.03,182.05,22.70,25.17,1,-1,-1,-1
74,33,795.05,155.61,14.90,28.64,1,-1,-1,-1
74,57,116.13,178.29,13.00,28.72,1,-1,-1,-1
74,49,960.41,149.03,23.62,58.55,1,-1,-1,-1
75,2,19.98,201.50,320.88,169.10,1,-1,-1,-1
75,36,696.01,155.07,54.72,109.45,1,-1,-1,-1
75,10,455.00,169.46,30.67,24.20,1,-1,-1,-1
75,17,416.50,152.75,66.02,136.20,1,-1,-1,-1
75,48,46.69,170.73,21.42,39.88,1,-1,-1,-1
75,78,85.21,182.26,22.17,24.52,1,-1,-1,-1
75,57,112.48,178.26,13.54,26.39,1,-1,-1,-1
76,2,15.42,203.10,321.73,167.16,1,-1,-1,-1
76,36,711.29,153.30,55.80,113.82,1,-1,-1,-1
76,10,456.44,169.23,30.31,24.22,1,-1,-1,-1
76,17,417.43,152.75,67.83,139.57,1,-1,-1,-1
76,48,25.06,170.24,24.11,42.05,1,-1,-1,-1
76,78,83.22,182.28,22.32,24.56,1,-1,-1,-1
76,57,109.29,178.62,14.56,26.19,1,-1,-1,-1
77,2,11.70,204.82,321.61,165.22,1,-1,-1,-1
77,36,730.41,151.65,57.45,118.04,1,-1,-1,-1
77,17,423.29,151.32,68.67,143.89,1,-1,-1,-1
77,48,7.52,169.34,25.95,43.35,1,-1,-1,-1
77,78,80.35,181.96,23.55,25.78,1,-1,-1,-1
77,57,105.86,178.86,16.17,27.07,1,-1,-1,-1
77,49,977.42,148.63,23.87,60.64,1,-1,-1,-1
78,2,8.66,206.67,320.33,163.12,1,-1,-1,-1
78,36,743.35,152.14,59.31,120.17,1,-1,-1,-1
78,17,437.99,149.56,69.01,146.46,1,-1,-1,-1
78,78,76.67,181.45,25.35,27.58,1,-1,-1,-1
78,57,102.81,178.15,18.43,29.41,1,-1,-1,-1
79,2,5.95,208.41,318.52,161.14,1,-1,-1,-1
79,36,754.28,152.54,61.34,122.63,1,-1,-1,-1
79,17,444.57,149.55,69.55,149.28,1,-1,-1,-1
80,2,3.81,210.43,315.98,159.06,1,-1,-1,-1
80,36,769.03,149.89,62.43,126.53,1,-1,-1,-1
80,17,451.53,150.93,71.60,152.66,1,-1,-1,-1
80,81,494.49,163.06,51.62,91.96,1,-1,-1,-1
80,10,449.82,168.78,31.89,25.61,1,-1,-1,-1
80,78,73.79,182.20,28.21,30.22,1,-1,-1,-1
80,57,100.62,177.91,22.08,34.08,1,-1,-1,-1
81,2,2.21,212.67,312.43,156.69,1,-1,-1,-1
81,36,786.79,148.11,62.55,130.10,1,-1,-1,-1
81,17,456.30,152.25,73.85,153.94,1,-1,-1,-1
81,10,448.86,168.41,32.51,26.14,1,-1,-1,-1
81,57,100.37,178.11,24.19,36.40,1,-1,-1,-1
82,2,0.32,214.11,309.97,155.14,1,-1,-1,-1
82,36,802.81,148.48,64.15,132.09,1,-1,-1,-1
82,17,462.55,151.21,75.63,157.48,1,-1,-1,-1
82,10,448.71,168.28,32.78,26.30,1,-1,-1,-1
82,81,529.66,162.26,52.41,92.86,1,-1,-1,-1
82,78,73.56,180.27,33.75,36.21,1,-1,-1,-1
83,2,-0.90,215.47,307.20,153.57,1,-1,-1,-1
83,36,815.65,149.81,66.29,132.85,1,-1,-1,-1
83,17,473.82,148.51,74.21,156.82,1,-1,-1,-1
83,10,448.77,168.16,33.29,26.56,1,-1,-1,-1
83,81,547.41,162.10,52.68,92.59,1,-1,-1,-1
83,78,74.23,179.72,36.66,39.29,1,-1,-1,-1
84,2,-1.55,217.00,304.04,151.88,1,-1,-1,-1
84,36,828.97,149.13,66.78,134.12,1,-1,-1,-1
84,17,487.90,147.84,72.46,159.53,1,-1,-1,-1
84,10,448.44,168.33,33.65,26.69,1,-1,-1,-1
84,81,567.71,161.77,52.76,92.06,1,-1,-1,-1
84,78,76.54,180.40,38.43,41.57,1,-1,-1,-1
85,2,-1.79,218.77,300.35,149.99,1,-1,-1,-1
85,36,846.96,146.76,65.65,137.59,1,-1,-1,-1
85,17,504.17,148.52,73.41,160.94,1,-1,-1,-1
85,10,448.20,168.70,34.00,26.81,1,-1,-1,-1
85,81,589.55,161.61,52.78,91.42,1,-1,-1,-1
86,2,-2.11,220.13,297.48,148.58,1,-1,-1,-1
86,36,866.71,146.06,66.65,139.99,1,-1,-1,-1
86,17,514.57,150.20,75.30,161.95,1,-1,-1,-1
86,10,447.94,169.09,34.17,26.81,1,-1,-1,-1
86,81,612.63,161.25,52.81,91.19,1,-1,-1,-1
86,83,515.73,156.12,43.33,138.40,1,-1,-1,-1
87,2,-2.33,221.19,295.05,147.43,1,-1,-1,-1
87,36,881.97,147.70,69.07,140.67,1,-1,-1,-1
87,17,520.32,150.92,75.85,160.99,1,-1,-1,-1
87,10,447.66,169.17,34.42,26.94,1,-1,-1,-1
87,81,633.58,160.76,54.68,93.86,1,-1,-1,-1
87,84,116.73,176.62,39.33,99.73,1,-1,-1,-1
88,2,-1.96,222.51,291.97,145.91,1,-1,-1,-1
88,36,892.62,147.64,70.72,142.72,1,-1,-1,-1
88,17,530.44,149.49,75.65,162.84,1,-1,-1,-1
88,10,447.41,169.26,34.65,27.08,1,-1,-1,-1
88,78,64.46,179.94,82.98,94.48,1,-1,-1,-1
88,83,525.76,161.43,42.37,134.85,1,-1,-1,-1
89,2,-2.00,223.31,290.17,145.10,1,-1,-1,-1
89,36,908.66,145.12,69.47,144.92,1,-1,-1,-1
89,17,535.75,147.71,74.69,161.01,1,-1,-1,-1
89,10,447.29,169.28,34.79,27.14,1,-1,-1,-1
89,86,1091.09,146.16,124.60,43.49,1,-1,-1,-1
89,84,130.77,173.92,32.36,82.25,1,-1,-1,-1
90,2,-1.78,223.67,289.05,144.61,1,-1,-1,-1
90,36,929.62,143.27,69.59,147.48,1,-1,-1,-1
90,17,559.47,147.94,74.36,162.32,1,-1,-1,-1
90,10,447.22,169.30,34.92,27.23,1,-1,-1,-1
90,86,1078.80,148.09,120.62,42.11,1,-1,-1,-1
90,84,135.96,175.56,30.81,78.97,1,-1,-1,-1
90,83,555.31,158.32,43.54,138.33,1,-1,-1,-1
91,2,-1.68,223.80,288.47,144.42,1,-1,-1,-1
91,36,945.84,144.83,70.53,146.32,1,-1,-1,-1
91,17,575.69,149.81,76.41,163.85,1,-1,-1,-1
91,10,447.22,169.32,34.98,27.26,1,-1,-1,-1
91,86,1063.42,148.76,120.02,41.91,1,-1,-1,-1
92,2,-1.22,223.88,287.95,144.20,1,-1,-1,-1
92,36,955.19,145.38,72.36,145.74,1,-1,-1,-1
92,17,584.10,151.45,77.12,162.13,1,-1,-1,-1
92,10,447.22,169.32,35.01,27.26,1,-1,-1,-1
92,86,1047.01,149.39,119.32,41.67,1,-1,-1,-1
92,84,127.74,177.25,30.01,76.37,1,-1,-1,-1
93,2,-0.17,224.99,286.11,143.18,1,-1,-1,-1
93,36,969.24,143.86,72.17,145.54,1,-1,-1,-1
93,17,593.31,150.21,77.77,164.49,1,-1,-1,-1
93,10,447.55,170.11,34.86,27.05,1,-1,-1,-1
93,86,1034.05,151.26,117.53,41.15,1,-1,-1,-1
93,84,129.89,178.10,31.75,81.06,1,-1,-1,-1
93,29,164.34,173.52,46.41,100.43,1,-1,-1,-1
93,83,582.02,160.64,44.29,139.80,1,-1,-1,-1
94,2,1.12,226.38,283.97,141.88,1,-1,-1,-1
94,36,988.03,142.51,71.36,146.59,1,-1,-1,-1
94,17,606.45,150.07,74.64,163.17,1,-1,-1,-1
94,10,447.61,171.39,34.89,27.02,1,-1,-1,-1
94,84,133.71,179.36,32.21,83.56,1,-1,-1,-1
94,29,167.21,173.24,43.68,103.55,1,-1,-1,-1
94,83,592.88,161.59,45.82,142.78,1,-1,-1,-1
95,2,1.87,227.31,282.75,141.01,1,-1,-1,-1
95,36,1006.33,142.49,72.00,146.49,1,-1,-1,-1
95,17,622.74,149.64,72.75,164.61,1,-1,-1,-1
95,10,447.76,172.10,34.73,26.87,1,-1,-1,-1
95,29,171.37,173.37,42.08,104.29,1,-1,-1,-1
95,83,607.23,161.35,44.59,141.21,1,-1,-1,-1
96,2,1.53,226.99,283.76,141.36,1,-1,-1,-1
96,36,1019.36,142.99,74.25,145.31,1,-1,-1,-1
96,17,640.64,150.42,73.52,164.19,1,-1,-1,-1
96,10,447.73,172.14,34.89,26.94,1,-1,-1,-1
96,29,178.52,173.79,42.04,104.11,1,-1,-1,-1
96,83,624.39,160.21,44.27,142.06,1,-1,-1,-1
97,2,1.58,227.06,283.88,141.25,1,-1,-1,-1
97,36,1026.83,142.81,75.98,145.20,1,-1,-1,-1
97,17,650.59,152.14,74.82,163.44,1,-1,-1,-1
97,10,447.77,172.33,34.85,26.87,1,-1,-1,-1
97,29,184.71,173.84,41.83,103.11,1,-1,-1,-1
97,83,640.18,161.07,45.66,141.01,1,-1,-1,-1
97,46,976.31,164.52,26.22,31.83,1,-1,-1,-1
98,2,1.41,226.98,284.27,141.32,1,-1,-1,-1
98,36,1038.62,138.66,75.91,147.51,1,-1,-1,-1
98,17,655.67,152.45,76.39,164.23,1,-1,-1,-1
98,10,447.74,172.18,34.95,26.91,1,-1,-1,-1
98,29,192.07,172.86,41.25,104.21,1,-1,-1,-1
98,83,649.23,162.08,47.56,139.75,1,-1,-1,-1
98,12,172.42,176.30,37.07,95.84,1,-1,-1,-1
99,2,1.21,226.79,285.01,141.58,1,-1,-1,-1
99,36,1054.36,135.70,74.50,149.70,1,-1,-1,-1
99,17,665.06,150.67,75.96,165.91,1,-1,-1,-1
99,10,447.75,172.05,35.01,26.92,1,-1,-1,-1
99,29,201.15,171.84,40.25,102.57,1,-1,-1,-1
99,83,653.91,162.16,49.22,140.42,1,-1,-1,-1
99,12,174.28,177.14,40.41,99.38,1,-1,-1,-1
99,86,936.87,157.64,103.11,37.44,1,-1,-1,-1
100,2,1.33,226.90,284.92,141.40,1,-1,-1,-1
100,36,1074.14,135.71,75.00,150.55,1,-1,-1,-1
100,17,676.97,149.16,74.27,166.69,1,-1,-1,-1
100,10,447.74,172.22,34.99,26.88,1,-1,-1,-1
100,29,210.92,171.62,40.49,101.94,1,-1,-1,-1
100,83,663.04,161.62,49.07,140.91,1,-1,-1,-1
100,12,178.06,177.66,42.19,101.40,1,-1,-1,-1
100,86,865.76,153.93,207.77,81.47,1,-1,-1,-1
101,2,1.09,226.67,285.53,141.62,1,-1,-1,-1
101,36,1086.72,136.64,75.20,148.09,1,-1,-1,-1
101,17,696.89,148.86,73.52,166.79,1,-1,-1,-1
101,10,447.71,172.09,35.07,26.90,1,-1,-1,-1
101,29,220.27,171.54,41.10,101.19,1,-1,-1,-1
101,12,182.49,176.86,43.14,102.86,1,-1,-1,-1
101,86,862.77,152.41,219.00,92.71,1,-1,-1,-1
101,11,628.30,165.63,18.50,13.71,1,-1,-1,-1
101,81,919.79,159.20,33.99,39.73,1,-1,-1,-1
102,2,1.00,226.52,285.89,141.73,1,-1,-1,-1
102,36,1096.97,134.73,75.37,148.44,1,-1,-1,-1
102,17,712.87,151.31,74.44,164.99,1,-1,-1,-1
102,10,447.70,171.99,35.14,26.92,1,-1,-1,-1
102,29,225.26,172.09,42.95,102.52,1,-1,-1,-1
102,12,189.59,175.43,42.43,104.84,1,-1,-1,-1
102,11,628.15,165.60,18.79,13.74,1,-1,-1,-1
102,81,913.07,159.92,44.42,38.29,1,-1,-1,-1
102,83,693.92,159.93,50.56,142.97,1,-1,-1,-1
103,2,1.06,226.66,285.76,141.58,1,-1,-1,-1
103,36,1112.71,130.72,73.83,149.99,1,-1,-1,-1
103,17,720.69,152.37,75.86,163.99,1,-1,-1,-1
103,10,447.69,172.12,35.07,26.84,1,-1,-1,-1
103,29,232.39,171.17,43.14,102.99,1,-1,-1,-1
103,12,197.54,174.90,41.08,104.63,1,-1,-1,-1
103,11,628.05,165.91,18.79,13.58,1,-1,-1,-1
103,81,897.83,161.05,51.71,36.81,1,-1,-1,-1
103,83,704.44,160.67,52.95,142.69,1,-1,-1,-1
104,2,0.99,226.55,286.08,141.66,1,-1,-1,-1
104,36,1132.92,129.04,74.22,151.06,1,-1,-1,-1
104,17,730.58,150.93,75.15,162.76,1,-1,-1,-1
104,10,447.68,172.08,35.09,26.81,1,-1,-1,-1
104,29,239.94,170.06,42.17,103.53,1,-1,-1,-1
104,12,206.30,175.02,41.39,105.14,1,-1,-1,-1
104,11,628.03,165.91,18.82,13.48,1,-1,-1,-1
104,81,876.80,162.04,57.63,35.93,1,-1,-1,-1
104,83,708.21,160.72,53.58,141.37,1,-1,-1,-1
105,2,0.95,226.51,286.22,141.69,1,-1,-1,-1
105,36,1145.23,129.71,74.72,150.15,1,-1,-1,-1
105,17,743.77,148.25,73.61,164.27,1,-1,-1,-1
105,10,447.69,172.08,35.15,26.84,1,-1,-1,-1
105,29,247.56,169.58,41.61,104.91,1,-1,-1,-1
105,12,212.08,175.33,41.62,104.71,1,-1,-1,-1
105,11,627.81,165.83,18.95,13.56,1,-1,-1,-1
105,81,855.34,162.50,62.98,35.63,1,-1,-1,-1
105,83,717.75,159.65,53.39,142.57,1,-1,-1,-1
106,2,0.99,226.58,286.22,141.62,1,-1,-1,-1
106,36,1149.95,129.08,75.57,150.87,1,-1,-1,-1
106,17,760.73,147.29,73.11,166.62,1,-1,-1,-1
106,10,447.65,172.06,35.21,26.85,1,-1,-1,-1
106,29,257.06,169.60,41.76,104.90,1,-1,-1,-1
106,12,219.38,174.71,41.00,105.22,1,-1,-1,-1
106,11,627.75,165.77,19.00,13.59,1,-1,-1,-1
106,81,835.11,163.21,66.82,35.13,1,-1,-1,-1
106,83,732.80,157.92,52.73,144.93,1,-1,-1,-1
107,2,1.05,226.56,286.28,141.58,1,-1,-1,-1
107,36,1158.61,127.42,73.93,150.30,1,-1,-1,-1
107,17,778.62,148.55,74.48,165.57,1,-1,-1,-1
107,10,447.51,172.06,35.30,26.92,1,-1,-1,-1
107,29,264.28,169.85,41.92,104.60,1,-1,-1,-1
107,12,227.25,173.54,40.14,105.45,1,-1,-1,-1
107,11,627.76,165.81,18.94,13.56,1,-1,-1,-1
107,81,823.45,163.46,68.36,34.99,1,-1,-1,-1
107,83,749.28,157.76,53.69,145.72,1,-1,-1,-1
108,2,1.06,226.66,286.21,141.48,1,-1,-1,-1
108,17,787.23,150.49,76.43,164.17,1,-1,-1,-1
108,10,447.56,172.12,35.28,26.87,1,-1,-1,-1
108,29,271.97,168.99,41.77,105.43,1,-1,-1,-1
108,12,234.57,173.13,40.32,107.34,1,-1,-1,-1
108,83,762.09,158.82,56.27,145.05,1,-1,-1,-1
109,2,0.86,226.47,286.74,141.70,1,-1,-1,-1
109,17,793.54,150.37,77.90,164.14,1,-1,-1,-1
109,10,447.55,172.05,35.37,26.93,1,-1,-1,-1
109,29,278.92,167.82,41.43,105.73,1,-1,-1,-1
109,12,244.70,173.58,40.80,105.87,1,-1,-1,-1
109,83,768.33,159.52,58.44,143.62,1,-1,-1,-1
110,2,0.91,226.61,286.70,141.63,1,-1,-1,-1
110,17,804.42,148.41,77.47,165.68,1,-1,-1,-1
110,10,447.53,172.10,35.34,26.89,1,-1,-1,-1
110,29,287.37,167.14,41.20,105.42,1,-1,-1,-1
110,12,249.30,174.02,41.73,105.83,1,-1,-1,-1
110,83,776.40,159.80,57.35,140.04,1,-1,-1,-1
111,2,0.88,226.50,286.95,141.71,1,-1,-1,-1
111,17,820.49,146.85,74.88,166.04,1,-1,-1,-1
111,10,447.50,172.04,35.38,26.91,1,-1,-1,-1
111,29,297.09,168.17,41.84,104.69,1,-1,-1,-1
111,12,253.58,173.15,42.71,107.46,1,-1,-1,-1
111,83,789.64,158.27,57.04,143.93,1,-1,-1,-1
111,11,627.77,165.99,18.91,13.51,1,-1,-1,-1
111,81,748.67,165.34,67.15,33.75,1,-1,-1,-1
112,2,0.85,226.53,286.93,141.67,1,-1,-1,-1
112,17,838.87,147.93,73.57,164.49,1,-1,-1,-1
112,10,447.58,172.01,35.37,26.88,1,-1,-1,-1
112,29,303.89,169.48,42.13,102.30,1,-1,-1,-1
112,12,263.24,171.45,42.29,107.73,1,-1,-1,-1
112,83,802.09,157.03,56.84,147.50,1,-1,-1,-1
112,11,627.81,166.04,18.81,13.41,1,-1,-1,-1
112,81,737.09,166.28,68.36,33.07,1,-1,-1,-1
113,2,0.85,226.55,286.99,141.67,1,-1,-1,-1
113,17,852.40,150.00,74.36,162.57,1,-1,-1,-1
113,10,447.58,172.05,35.38,26.88,1,-1,-1,-1
113,29,311.00,169.66,43.21,102.99,1,-1,-1,-1
113,12,273.77,171.04,40.80,105.89,1,-1,-1,-1
113,83,818.39,157.76,58.62,147.36,1,-1,-1,-1
113,11,627.77,166.24,18.45,13.16,1,-1,-1,-1
113,81,726.24,166.75,69.19,32.32,1,-1,-1,-1
114,2,0.80,226.55,287.10,141.70,1,-1,-1,-1
114,17,859.25,149.98,76.14,162.84,1,-1,-1,-1
114,10,447.63,172.02,35.37,26.86,1,-1,-1,-1
114,29,319.30,168.58,42.94,104.11,1,-1,-1,-1
114,12,282.38,171.66,41.14,106.62,1,-1,-1,-1
114,83,827.25,157.74,60.61,146.19,1,-1,-1,-1
114,11,627.56,166.39,17.92,12.87,1,-1,-1,-1
114,81,714.45,167.10,69.91,31.92,1,-1,-1,-1
115,2,0.68,226.46,287.28,141.78,1,-1,-1,-1
115,17,869.15,148.13,76.11,163.71,1,-1,-1,-1
115,10,447.65,172.04,35.29,26.77,1,-1,-1,-1
115,29,327.45,168.62,42.07,104.22,1,-1,-1,-1
115,12,292.11,172.63,41.22,106.90,1,-1,-1,-1
115,83,836.45,156.61,60.66,146.55,1,-1,-1,-1
115,11,627.47,166.44,17.79,12.84,1,-1,-1,-1
115,81,703.49,167.18,69.78,31.35,1,-1,-1,-1
116,2,0.66,226.46,287.35,141.79,1,-1,-1,-1
116,17,884.10,145.54,74.57,164.90,1,-1,-1,-1
116,10,447.62,172.03,35.39,26.83,1,-1,-1,-1
116,29,338.30,168.97,42.17,104.03,1,-1,-1,-1
116,12,300.88,172.98,40.42,107.24,1,-1,-1,-1
116,83,850.86,155.41,58.78,146.12,1,-1,-1,-1
116,11,627.54,166.49,17.75,12.84,1,-1,-1,-1
116,81,693.07,167.05,70.07,31.30,1,-1,-1,-1
117,2,0.41,226.22,287.87,142.08,1,-1,-1,-1
117,17,901.30,145.03,73.80,165.04,1,-1,-1,-1
117,10,447.62,172.02,35.43,26.86,1,-1,-1,-1
117,29,346.72,169.42,42.88,103.64,1,-1,-1,-1
117,12,312.30,172.37,34.16,91.28,1,-1,-1,-1
117,83,863.64,154.72,58.01,147.38,1,-1,-1,-1
117,81,683.96,166.74,69.34,30.95,1,-1,-1,-1
118,2,0.43,226.24,287.86,142.07,1,-1,-1,-1
118,17,918.83,145.77,76.28,164.85,1,-1,-1,-1
118,10,447.59,172.05,35.43,26.84,1,-1,-1,-1
118,29,354.47,169.71,43.14,104.62,1,-1,-1,-1
118,12,318.33,171.51,37.78,102.35,1,-1,-1,-1
118,83,880.86,155.35,60.87,147.92,1,-1,-1,-1
118,81,676.35,166.97,67.27,30.09,1,-1,-1,-1
119,2,0.41,226.18,287.90,142.10,1,-1,-1,-1
119,17,926.94,147.95,78.42,163.14,1,-1,-1,-1
119,10,447.61,172.07,35.38,26.78,1,-1,-1,-1
119,29,362.51,168.80,42.58,104.92,1,-1,-1,-1
119,12,327.78,171.84,39.88,104.82,1,-1,-1,-1
119,83,889.99,156.56,63.82,146.74,1,-1,-1,-1
119,81,669.18,166.83,66.00,29.80,1,-1,-1,-1
120,2,0.40,226.20,287.85,142.09,1,-1,-1,-1
120,17,932.38,147.10,80.48,163.67,1,-1,-1,-1
120,10,447.60,172.10,35.40,26.79,1,-1,-1,-1
120,29,372.94,168.38,42.25,103.66,1,-1,-1,-1
120,12,332.80,172.81,41.94,106.95,1,-1,-1,-1
120,83,897.28,156.63,64.82,145.75,1,-1,-1,-1
120,81,663.11,166.99,63.94,29.17,1,-1,-1,-1
121,2,0.31,226.12,287.96,142.16,1,-1,-1,-1
121,17,942.43,144.56,80.36,165.22,1,-1,-1,-1
121,10,447.61,172.08,35.41,26.78,1,-1,-1,-1
121,29,384.38,168.52,43.74,104.49,1,-1,-1,-1
121,12,339.42,172.69,42.31,107.46,1,-1,-1,-1
121,83,909.94,154.64,61.32,140.23,1,-1,-1,-1
121,81,658.00,166.98,62.08,28.76,1,-1,-1,-1
122,2,0.36,226.12,287.88,142.14,1,-1,-1,-1
122,17,958.27,142.84,78.63,166.75,1,-1,-1,-1
122,10,447.58,172.08,35.45,26.81,1,-1,-1,-1
122,29,391.01,169.09,44.57,103.47,1,-1,-1,-1
122,12,351.86,171.85,40.85,106.53,1,-1,-1,-1
122,83,924.47,153.44,62.17,146.97,1,-1,-1,-1
122,81,653.82,167.18,59.72,28.22,1,-1,-1,-1
123,2,0.35,226.12,287.79,142.11,1,-1,-1,-1
123,17,979.38,142.58,78.19,167.01,1,-1,-1,-1
123,10,447.64,172.16,35.40,26.77,1,-1,-1,-1
123,29,397.82,170.82,44.19,102.20,1,-1,-1,-1
123,12,362.75,172.19,40.67,106.97,1,-1,-1,-1
123,83,938.85,153.36,62.18,148.90,1,-1,-1,-1
123,81,650.89,168.04,56.54,27.25,1,-1,-1,-1
124,2,0.36,226.05,287.82,142.14,1,-1,-1,-1
124,17,995.27,143.50,79.79,166.43,1,-1,-1,-1
124,10,447.62,172.09,35.52,26.89,1,-1,-1,-1
124,29,405.20,169.28,43.73,103.20,1,-1,-1,-1
124,12,371.96,173.24,41.74,106.32,1,-1,-1,-1
124,83,953.13,154.16,63.94,148.09,1,-1,-1,-1
124,81,648.54,168.05,53.95,26.58,1,-1,-1,-1
125,2,0.40,226.13,287.67,142.08,1,-1,-1,-1
125,17,1002.71,143.16,80.39,164.06,1,-1,-1,-1
125,10,447.81,172.11,35.13,26.56,1,-1,-1,-1
125,29,412.74,168.18,43.32,104.36,1,-1,-1,-1
125,12,379.11,174.29,42.31,105.21,1,-1,-1,-1
125,83,964.51,153.69,64.97,149.68,1,-1,-1,-1
125,81,646.56,168.05,51.56,25.98,1,-1,-1,-1
126,2,0.42,226.15,287.72,142.10,1,-1,-1,-1
126,17,1010.84,140.68,80.12,164.08,1,-1,-1,-1
126,10,447.95,172.13,34.61,26.07,1,-1,-1,-1
126,29,424.68,169.37,43.10,102.62,1,-1,-1,-1
126,12,388.76,173.39,41.87,105.13,1,-1,-1,-1
126,83,980.02,151.39,61.40,144.69,1,-1,-1,-1
126,81,644.89,168.12,49.51,25.54,1,-1,-1,-1
127,2,0.50,226.26,287.52,142.00,1,-1,-1,-1
127,17,1025.51,136.76,79.55,166.36,1,-1,-1,-1
127,10,450.06,171.91,33.92,25.91,1,-1,-1,-1
127,29,433.37,169.75,43.53,102.43,1,-1,-1,-1
127,12,401.07,172.39,40.81,105.31,1,-1,-1,-1
127,83,994.33,150.20,61.78,148.34,1,-1,-1,-1
127,81,644.04,168.32,46.66,24.63,1,-1,-1,-1
128,2,0.53,226.30,287.46,141.97,1,-1,-1,-1
128,17,1042.53,135.07,79.17,167.03,1,-1,-1,-1
128,29,440.96,170.12,43.21,102.82,1,-1,-1,-1
128,12,411.53,172.38,42.04,107.31,1,-1,-1,-1
128,83,1012.96,150.55,64.16,149.06,1,-1,-1,-1
128,81,642.63,167.83,45.67,24.73,1,-1,-1,-1
129,2,0.61,226.39,287.30,141.87,1,-1,-1,-1
129,17,1064.03,135.19,82.37,167.72,1,-1,-1,-1
129,29,448.47,169.29,42.22,102.57,1,-1,-1,-1
129,12,418.22,173.12,43.26,106.85,1,-1,-1,-1
129,83,1022.96,150.99,66.85,148.15,1,-1,-1,-1
129,81,641.06,167.21,45.11,25.19,1,-1,-1,-1
130,2,0.67,226.42,287.30,141.85,1,-1,-1,-1
130,17,1073.23,135.14,85.23,167.55,1,-1,-1,-1
130,29,458.21,168.51,41.74,102.89,1,-1,-1,-1
130,12,424.13,172.44,43.95,107.49,1,-1,-1,-1
130,83,1029.87,148.94,68.88,148.45,1,-1,-1,-1
130,81,640.81,167.04,43.22,24.88,1,-1,-1,-1
131,2,0.66,226.35,287.39,141.88,1,-1,-1,-1
131,17,1079.26,133.00,88.46,169.57,1,-1,-1,-1
131,29,469.84,168.44,42.22,101.86,1,-1,-1,-1
131,12,437.46,172.21,41.71,104.48,1,-1,-1,-1
131,83,1038.91,146.40,66.81,145.48,1,-1,-1,-1
131,81,641.19,167.54,40.21,23.73,1,-1,-1,-1
132,2,0.75,226.38,287.37,141.85,1,-1,-1,-1
132,17,1087.07,129.07,89.38,172.77,1,-1,-1,-1
132,29,478.54,169.18,43.25,103.04,1,-1,-1,-1
132,12,447.91,172.04,40.91,104.91,1,-1,-1,-1
132,83,1052.15,143.61,65.50,147.20,1,-1,-1,-1
132,81,641.84,168.09,37.37,22.52,1,-1,-1,-1
132,10,448.07,172.17,33.94,25.95,1,-1,-1,-1
133,2,0.95,226.54,287.09,141.66,1,-1,-1,-1
133,17,1104.70,127.04,86.97,173.88,1,-1,-1,-1
133,29,485.42,168.38,42.54,102.55,1,-1,-1,-1
133,12,457.40,171.84,42.18,105.78,1,-1,-1,-1
133,83,1067.28,142.63,65.58,149.61,1,-1,-1,-1
133,81,642.30,168.41,35.15,21.57,1,-1,-1,-1
133,10,446.19,172.19,33.77,26.28,1,-1,-1,-1
134,2,0.72,226.36,287.47,141.85,1,-1,-1,-1
134,17,1122.16,126.45,86.06,174.94,1,-1,-1,-1
134,29,492.36,167.30,41.92,103.49,1,-1,-1,-1
134,12,463.83,172.65,42.90,105.06,1,-1,-1,-1
134,83,1078.84,142.78,66.03,150.56,1,-1,-1,-1
134,81,641.11,167.80,34.42,21.61,1,-1,-1,-1
134,10,446.68,172.04,34.18,26.65,1,-1,-1,-1
135,2,0.68,226.40,287.54,141.87,1,-1,-1,-1
135,17,1137.24,126.99,85.96,175.14,1,-1,-1,-1
135,29,500.13,166.95,40.74,103.01,1,-1,-1,-1
135,83,1085.74,141.77,66.26,151.29,1,-1,-1,-1
135,81,640.22,167.30,33.78,21.67,1,-1,-1,-1
135,10,447.27,172.06,34.49,26.82,1,-1,-1,-1
136,2,0.64,226.37,287.58,141.88,1,-1,-1,-1
136,17,1143.85,127.34,85.18,174.40,1,-1,-1,-1
136,29,512.67,167.92,40.50,101.40,1,-1,-1,-1
136,83,1098.67,139.48,64.53,150.16,1,-1,-1,-1
136,81,639.81,167.10,32.77,21.46,1,-1,-1,-1
136,10,447.54,172.04,34.71,26.93,1,-1,-1,-1
136,12,486.48,171.31,41.51,104.17,1,-1,-1,-1
137,2,0.56,226.29,287.69,141.94,1,-1,-1,-1
137,17,1148.47,126.06,84.46,175.32,1,-1,-1,-1
137,29,522.74,168.80,40.58,101.60,1,-1,-1,-1
137,83,1114.97,136.40,63.37,149.57,1,-1,-1,-1
137,81,639.48,166.96,32.02,21.34,1,-1,-1,-1
137,10,447.59,172.03,34.83,26.96,1,-1,-1,-1
137,12,496.69,171.33,42.10,105.50,1,-1,-1,-1
138,2,0.61,226.36,287.56,141.86,1,-1,-1,-1
138,17,1164.88,135.84,73.85,159.44,1,-1,-1,-1
138,29,528.86,169.38,39.41,100.54,1,-1,-1,-1
138,83,1129.74,135.86,63.91,151.09,1,-1,-1,-1
138,81,639.24,166.82,31.36,21.24,1,-1,-1,-1
138,10,447.64,172.10,34.88,26.95,1,-1,-1,-1
138,12,502.92,172.30,42.65,104.31,1,-1,-1,-1
139,2,0.61,226.38,287.61,141.88,1,-1,-1,-1
139,29,535.86,168.07,39.03,102.10,1,-1,-1,-1
139,83,1143.79,136.65,66.17,150.55,1,-1,-1,-1
139,81,638.72,166.30,31.05,21.43,1,-1,-1,-1
139,10,447.65,172.08,34.93,26.93,1,-1,-1,-1
139,12,509.06,171.92,43.48,105.15,1,-1,-1,-1
139,91,881.87,153.46,15.71,40.22,1,-1,-1,-1
140,2,0.58,226.39,287.63,141.89,1,-1,-1,-1
140,29,545.71,168.18,37.90,99.84,1,-1,-1,-1
140,83,1148.64,136.72,68.53,151.46,1,-1,-1,-1
140,81,638.60,166.42,29.99,21.07,1,-1,-1,-1
140,10,447.70,172.15,34.90,26.86,1,-1,-1,-1
140,12,519.77,171.44,41.09,101.41,1,-1,-1,-1
141,2,0.62,226.42,287.59,141.86,1,-1,-1,-1
141,29,557.60,168.62,38.46,99.14,1,-1,-1,-1
141,83,1152.18,134.70,70.86,155.02,1,-1,-1,-1
141,81,638.05,166.17,29.55,21.20,1,-1,-1,-1
141,10,447.62,172.06,35.10,26.99,1,-1,-1,-1
141,12,530.64,171.00,40.10,101.92,1,-1,-1,-1
142,2,0.75,226.48,287.36,141.72,1,-1,-1,-1
142,29,566.10,171.05,38.63,98.29,1,-1,-1,-1
142,83,1162.52,132.10,69.33,155.30,1,-1,-1,-1
142,81,637.81,166.27,28.63,20.90,1,-1,-1,-1
142,10,447.56,172.03,35.17,27.01,1,-1,-1,-1
142,12,540.81,171.73,41.07,102.78,1,-1,-1,-1
143,2,0.61,226.39,287.57,141.83,1,-1,-1,-1
143,29,572.00,169.32,39.04,100.69,1,-1,-1,-1
143,81,637.57,166.11,27.96,20.76,1,-1,-1,-1
143,10,447.54,172.03,35.25,27.05,1,-1,-1,-1
143,12,546.39,172.54,42.09,103.08,1,-1,-1,-1
143,91,881.84,153.32,15.80,40.46,1,-1,-1,-1
144,2,0.50,226.22,287.83,141.98,1,-1,-1,-1
144,29,578.12,167.69,38.26,101.70,1,-1,-1,-1
144,81,637.41,166.06,27.26,20.58,1,-1,-1,-1
144,10,447.56,172.00,35.25,27.02,1,-1,-1,-1
144,12,553.35,172.32,42.33,102.85,1,-1,-1,-1
145,2,0.61,226.29,287.62,141.86,1,-1,-1,-1
145,81,637.61,166.27,26.04,19.92,1,-1,-1,-1
145,10,447.60,172.00,35.26,27.01,1,-1,-1,-1
145,12,564.85,171.26,40.23,101.42,1,-1,-1,-1
146,2,0.63,226.32,287.60,141.85,1,-1,-1,-1
146,81,637.75,166.51,24.81,19.21,1,-1,-1,-1
146,10,447.60,172.06,35.21,26.95,1,-1,-1,-1
146,12,575.16,170.76,39.61,102.39,1,-1,-1,-1
146,29,598.54,167.37,38.22,100.99,1,-1,-1,-1
147,2,0.64,226.35,287.61,141.84,1,-1,-1,-1
147,81,637.67,166.42,24.07,18.87,1,-1,-1,-1
147,10,447.60,172.06,35.24,26.94,1,-1,-1,-1
147,12,584.72,171.42,40.66,103.20,1,-1,-1,-1
147,29,607.74,168.26,37.89,99.83,1,-1,-1,-1
148,2,0.67,226.35,287.55,141.80,1,-1,-1,-1
148,81,637.72,166.27,23.26,18.42,1,-1,-1,-1
148,10,447.60,172.07,35.24,26.91,1,-1,-1,-1
148,12,589.60,171.17,41.53,103.84,1,-1,-1,-1
148,29,613.22,167.08,38.03,102.58,1,-1,-1,-1
149,2,0.55,226.23,287.75,141.91,1,-1,-1,-1
149,81,638.18,166.13,22.40,17.93,1,-1,-1,-1
149,10,447.58,172.01,35.29,26.94,1,-1,-1,-1
149,12,597.04,170.95,41.15,103.42,1,-1,-1,-1
150,2,0.66,226.37,287.39,141.71,1,-1,-1,-1
150,10,447.52,172.01,35.38,26.98,1,-1,-1,-1
151,2,0.77,226.54,287.23,141.61,1,-1,-1,-1
151,10,447.54,171.98,35.42,26.99,1,-1,-1,-1
151,29,638.58,166.45,37.25,100.54,1,-1,-1,-1
151,12,617.77,170.03,41.16,104.32,1,-1,-1,-1
152,2,0.78,226.57,287.25,141.60,1,-1,-1,-1
152,10,447.56,172.02,35.43,26.96,1,-1,-1,-1
152,12,627.34,168.86,43.42,105.76,1,-1,-1,-1
153,2,0.81,226.64,287.17,141.52,1,-1,-1,-1
153,10,447.53,172.00,35.45,26.96,1,-1,-1,-1
154,2,0.69,226.54,287.35,141.61,1,-1,-1,-1
154,10,447.48,171.93,35.55,27.03,1,-1,-1,-1
154,81,636.65,166.60,20.83,16.50,1,-1,-1,-1
154,12,643.77,168.17,43.58,105.30,1,-1,-1,-1
155,2,0.63,226.56,287.46,141.66,1,-1,-1,-1
155,10,447.51,171.97,35.50,26.99,1,-1,-1,-1
155,81,636.24,167.05,19.88,15.59,1,-1,-1,-1
155,12,653.55,167.95,42.55,103.98,1,-1,-1,-1
156,2,0.58,226.49,287.65,141.75,1,-1,-1,-1
156,10,447.45,171.92,35.60,27.06,1,-1,-1,-1
156,81,635.58,167.10,19.51,15.31,1,-1,-1,-1
156,12,663.14,169.54,43.44,104.28,1,-1,-1,-1
157,2,0.44,226.32,287.94,141.92,1,-1,-1,-1
157,10,447.45,171.97,35.53,26.98,1,-1,-1,-1
157,81,635.27,167.11,19.28,15.18,1,-1,-1,-1
157,12,670.73,170.52,44.93,103.54,1,-1,-1,-1
158,2,0.52,226.38,287.76,141.83,1,-1,-1,-1
158,10,447.31,171.96,35.59,27.01,1,-1,-1,-1
158,81,634.88,167.12,19.07,15.05,1,-1,-1,-1
158,12,677.23,170.64,45.74,103.46,1,-1,-1,-1
159,2,0.37,226.19,288.07,142.01,1,-1,-1,-1
159,10,447.17,171.95,35.65,27.02,1,-1,-1,-1
159,81,634.68,167.07,18.91,14.96,1,-1,-1,-1
159,12,685.01,169.44,45.05,103.54,1,-1,-1,-1
160,2,0.43,226.27,287.91,141.94,1,-1,-1,-1
160,10,447.01,171.96,35.71,27.03,1,-1,-1,-1
160,81,634.51,166.98,18.92,14.99,1,-1,-1,-1
160,12,692.44,167.77,44.98,105.45,1,-1,-1,-1
161,2,0.56,226.40,287.64,141.80,1,-1,-1,-1
161,10,446.79,171.96,35.79,27.04,1,-1,-1,-1
161,81,634.41,166.99,18.77,14.90,1,-1,-1,-1
161,12,701.74,168.66,45.31,104.99,1,-1,-1,-1
162,2,0.49,226.38,287.74,141.86,1,-1,-1,-1
162,10,446.63,171.97,35.83,27.02,1,-1,-1,-1
162,81,633.97,166.74,19.03,15.15,1,-1,-1,-1
162,12,707.68,167.90,46.17,105.17,1,-1,-1,-1
163,2,0.55,226.49,287.56,141.77,1,-1,-1,-1
163,10,446.34,172.00,35.94,27.05,1,-1,-1,-1
163,81,633.71,166.72,18.92,15.09,1,-1,-1,-1
163,12,715.32,168.72,45.62,102.63,1,-1,-1,-1
164,2,0.58,226.44,287.61,141.79,1,-1,-1,-1
164,10,446.08,171.98,36.16,27.19,1,-1,-1,-1
164,81,633.49,166.72,18.50,14.79,1,-1,-1,-1
164,12,722.77,168.21,45.13,102.67,1,-1,-1,-1
165,2,0.61,226.47,287.50,141.73,1,-1,-1,-1
165,10,445.63,171.99,36.57,27.50,1,-1,-1,-1
165,81,633.36,166.98,17.81,14.21,1,-1,-1,-1
165,12,731.68,168.23,44.41,103.23,1,-1,-1,-1
166,2,0.59,226.43,287.61,141.79,1,-1,-1,-1
166,10,445.16,171.97,36.79,27.68,1,-1,-1,-1
166,81,632.95,166.87,17.61,14.11,1,-1,-1,-1
166,12,741.65,169.15,44.44,102.92,1,-1,-1,-1
167,2,0.54,226.39,287.70,141.83,1,-1,-1,-1
167,10,444.75,172.07,36.87,27.78,1,-1,-1,-1
167,81,632.66,166.91,17.20,13.87,1,-1,-1,-1
167,12,747.90,168.27,45.19,103.77,1,-1,-1,-1
168,2,0.50,226.32,287.81,141.89,1,-1,-1,-1
168,10,444.10,172.20,36.94,27.88,1,-1,-1,-1
168,81,632.18,166.89,17.16,13.93,1,-1,-1,-1
168,12,754.37,167.36,45.54,103.69,1,-1,-1,-1
169,2,0.47,226.24,287.85,141.93,1,-1,-1,-1
169,10,443.63,172.28,37.09,28.03,1,-1,-1,-1
169,81,632.06,166.88,17.03,13.89,1,-1,-1,-1
169,12,760.73,166.92,45.74,104.11,1,-1,-1,-1
169,91,882.27,152.60,15.65,40.72,1,-1,-1,-1
170,2,0.54,226.32,287.59,141.79,1,-1,-1,-1
170,10,443.28,172.32,37.24,28.15,1,-1,-1,-1
170,81,631.96,166.98,16.79,13.69,1,-1,-1,-1
170,12,772.08,167.03,45.11,104.19,1,-1,-1,-1
171,2,0.42,226.17,287.82,141.93,1,-1,-1,-1
171,10,442.91,172.31,37.46,28.33,1,-1,-1,-1
171,81,631.74,166.95,16.77,13.67,1,-1,-1,-1
171,12,783.87,167.45,46.24,104.26,1,-1,-1,-1
172,2,0.48,226.23,287.70,141.88,1,-1,-1,-1
172,10,442.44,172.38,37.74,28.53,1,-1,-1,-1
172,81,631.29,166.99,16.77,13.67,1,-1,-1,-1
172,12,790.03,168.37,45.18,101.00,1,-1,-1,-1
172,91,882.15,152.52,15.72,41.10,1,-1,-1,-1
173,2,0.47,226.25,287.65,141.87,1,-1,-1,-1
173,10,441.95,172.38,38.11,28.82,1,-1,-1,-1
173,81,631.17,167.01,16.77,13.61,1,-1,-1,-1
173,12,794.97,167.24,45.84,101.86,1,-1,-1,-1
173,91,882.44,152.75,15.55,40.83,1,-1,-1,-1
174,2,0.52,226.24,287.57,141.83,1,-1,-1,-1
174,10,441.21,172.31,38.51,29.12,1,-1,-1,-1
174,12,800.14,166.69,46.57,102.66,1,-1,-1,-1
175,2,0.57,226.27,287.58,141.84,1,-1,-1,-1
175,10,440.33,172.27,39.10,29.62,1,-1,-1,-1
175,12,811.53,166.71,46.24,103.94,1,-1,-1,-1
176,2,0.62,226.33,287.47,141.78,1,-1,-1,-1
176,10,439.76,172.32,39.53,30.00,1,-1,-1,-1
176,12,820.79,167.74,45.39,103.21,1,-1,-1,-1
177,2,0.53,226.27,287.63,141.87,1,-1,-1,-1
177,10,439.32,172.28,39.89,30.36,1,-1,-1,-1
177,12,831.27,168.12,43.49,100.02,1,-1,-1,-1
177,92,829.29,163.79,27.22,91.33,1,-1,-1,-1
178,2,0.51,226.28,287.61,141.87,1,-1,-1,-1
178,10,439.01,172.31,40.16,30.68,1,-1,-1,-1
178,12,844.35,167.81,41.92,98.93,1,-1,-1,-1
178,92,834.35,164.87,29.28,98.26,1,-1,-1,-1
179,2,0.30,226.04,288.02,142.11,1,-1,-1,-1
179,10,438.72,172.25,40.55,31.14,1,-1,-1,-1
179,12,854.09,167.47,41.75,101.16,1,-1,-1,-1
179,92,838.33,166.66,29.47,98.25,1,-1,-1,-1
180,2,0.49,226.14,287.73,141.97,1,-1,-1,-1
180,10,438.48,172.23,40.89,31.57,1,-1,-1,-1
180,12,860.32,168.29,41.07,100.88,1,-1,-1,-1
181,2,0.47,226.15,287.75,141.99,1,-1,-1,-1
181,10,438.41,172.28,41.12,31.91,1,-1,-1,-1
181,12,869.15,167.83,42.36,101.79,1,-1,-1,-1
182,2,0.59,226.28,287.50,141.86,1,-1,-1,-1
182,10,438.51,172.27,41.44,32.30,1,-1,-1,-1
182,12,878.52,167.63,42.20,100.88,1,-1,-1,-1
183,2,0.72,226.43,287.26,141.72,1,-1,-1,-1
183,10,438.61,172.28,41.88,32.79,1,-1,-1,-1
183,12,879.35,165.45,41.20,100.95,1,-1,-1,-1
183,29,895.75,165.72,36.23,102.75,1,-1,-1,-1
184,2,0.61,226.36,287.40,141.80,1,-1,-1,-1
184,10,438.99,172.32,42.23,33.15,1,-1,-1,-1
184,12,883.16,164.01,40.68,100.88,1,-1,-1,-1
184,29,904.15,165.51,35.39,103.06,1,-1,-1,-1
185,2,0.65,226.35,287.42,141.80,1,-1,-1,-1
185,10,439.12,172.16,42.87,33.78,1,-1,-1,-1
185,12,895.53,163.10,40.25,99.97,1,-1,-1,-1
185,29,912.22,166.05,38.35,101.86,1,-1,-1,-1
186,2,0.55,226.29,287.55,141.88,1,-1,-1,-1
186,10,439.89,172.17,43.25,34.13,1,-1,-1,-1
186,12,902.95,160.99,38.12,96.38,1,-1,-1,-1
186,29,918.72,165.81,39.98,100.65,1,-1,-1,-1
187,2,0.54,226.31,287.56,141.89,1,-1,-1,-1
187,10,440.90,172.24,43.51,34.29,1,-1,-1,-1
187,12,908.95,159.80,38.23,98.51,1,-1,-1,-1
187,29,926.08,163.82,39.76,100.93,1,-1,-1,-1
188,2,0.52,226.31,287.55,141.89,1,-1,-1,-1
188,10,441.72,172.43,43.80,34.41,1,-1,-1,-1
188,12,915.97,160.30,37.88,99.17,1,-1,-1,-1
188,29,935.50,162.35,39.01,101.73,1,-1,-1,-1
189,2,0.46,226.19,287.69,141.98,1,-1,-1,-1
189,10,442.44,172.28,44.32,34.71,1,-1,-1,-1
189,12,924.24,160.29,38.68,99.61,1,-1,-1,-1
189,29,944.61,162.33,38.53,101.15,1,-1,-1,-1
190,2,0.60,226.31,287.51,141.87,1,-1,-1,-1
190,10,443.17,172.23,44.80,34.90,1,-1,-1,-1
190,12,932.39,158.65,39.38,100.29,1,-1,-1,-1
190,29,954.67,162.80,40.26,99.96,1,-1,-1,-1
191,2,0.62,226.36,287.41,141.81,1,-1,-1,-1
191,10,444.10,172.25,45.33,35.10,1,-1,-1,-1
191,12,941.17,156.99,37.64,96.61,1,-1,-1,-1
191,29,960.75,161.57,41.65,99.84,1,-1,-1,-1
192,2,0.64,226.44,287.27,141.74,1,-1,-1,-1
192,10,445.31,172.16,46.21,35.43,1,-1,-1,-1
192,12,949.43,156.78,37.51,96.78,1,-1,-1,-1
192,29,966.49,160.34,41.59,99.20,1,-1,-1,-1
192,81,631.43,166.96,14.13,11.67,1,-1,-1,-1
193,2,0.68,226.50,287.17,141.69,1,-1,-1,-1
193,10,446.54,172.25,47.33,35.85,1,-1,-1,-1
193,12,956.62,156.86,37.78,98.48,1,-1,-1,-1
193,29,977.39,159.11,41.19,99.70,1,-1,-1,-1
193,81,631.64,166.78,14.21,11.97,1,-1,-1,-1
194,2,0.69,226.49,287.17,141.68,1,-1,-1,-1
194,10,448.24,172.30,48.51,36.15,1,-1,-1,-1
194,12,964.33,156.54,38.51,99.57,1,-1,-1,-1
194,29,984.58,158.71,40.48,100.71,1,-1,-1,-1
194,81,631.75,166.73,14.19,12.11,1,-1,-1,-1
195,2,0.71,226.46,287.19,141.68,1,-1,-1,-1
195,10,449.68,171.95,50.01,36.74,1,-1,-1,-1
195,12,972.21,156.10,39.44,100.56,1,-1,-1,-1
195,29,988.36,154.98,40.78,103.87,1,-1,-1,-1
195,81,632.15,166.93,13.93,11.91,1,-1,-1,-1
196,2,0.68,226.42,287.21,141.69,1,-1,-1,-1
196,10,451.15,171.74,51.52,37.31,1,-1,-1,-1
196,12,980.37,154.97,38.17,98.35,1,-1,-1,-1
196,81,632.59,166.85,13.88,11.95,1,-1,-1,-1
196,91,882.39,152.49,15.50,40.98,1,-1,-1,-1
197,2,0.70,226.46,287.19,141.67,1,-1,-1,-1
197,10,453.44,171.51,52.95,37.69,1,-1,-1,-1
197,12,987.40,152.97,38.17,100.03,1,-1,-1,-1
197,91,882.54,152.64,15.43,40.86,1,-1,-1,-1
198,2,0.65,226.44,287.27,141.72,1,-1,-1,-1
198,10,455.87,171.47,54.32,37.90,1,-1,-1,-1
198,12,991.28,151.33,37.76,101.69,1,-1,-1,-1
198,91,882.74,152.69,15.29,40.68,1,-1,-1,-1
199,2,0.55,226.36,287.44,141.82,1,-1,-1,-1
199,10,458.80,171.39,55.74,38.10,1,-1,-1,-1
199,12,1002.55,153.31,38.02,99.81,1,-1,-1,-1
199,91,882.60,152.55,15.32,40.81,1,-1,-1,-1
199,29,1034.74,155.09,38.42,96.65,1,-1,-1,-1
200,2,0.59,226.39,287.31,141.76,1,-1,-1,-1
200,10,462.01,171.27,57.56,38.50,1,-1,-1,-1
200,12,1006.14,152.53,38.57,100.35,1,-1,-1,-1
200,91,882.69,152.55,15.31,40.82,1,-1,-1,-1
200,29,1038.41,155.02,37.57,94.67,1,-1,-1,-1
201,2,0.65,226.45,287.24,141.72,1,-1,-1,-1
201,10,465.10,171.14,59.46,38.92,1,-1,-1,-1
201,12,1015.03,151.72,37.20,96.44,1,-1,-1,-1
201,91,882.60,152.63,15.25,40.75,1,-1,-1,-1
201,29,1041.59,154.07,38.51,95.62,1,-1,-1,-1
201,94,1003.68,149.96,16.80,61.43,1,-1,-1,-1
202,2,0.61,226.44,287.26,141.74,1,-1,-1,-1
202,10,468.56,170.90,61.46,39.34,1,-1,-1,-1
202,12,1026.35,150.65,36.29,97.07,1,-1,-1,-1
202,29,1048.71,152.13,39.31,98.26,1,-1,-1,-1
202,94,1003.65,149.55,16.87,61.66,1,-1,-1,-1
203,2,0.63,226.48,287.28,141.74,1,-1,-1,-1
203,10,472.36,170.69,63.82,39.98,1,-1,-1,-1
203,12,1033.84,150.30,36.01,98.12,1,-1,-1,-1
203,29,1057.59,150.87,39.61,100.29,1,-1,-1,-1
203,81,636.32,167.05,13.38,11.49,1,-1,-1,-1
204,2,0.67,226.52,287.20,141.70,1,-1,-1,-1
204,10,477.13,170.58,65.88,40.29,1,-1,-1,-1
204,12,1039.39,150.58,35.79,97.83,1,-1,-1,-1
204,29,1066.79,151.22,39.73,100.21,1,-1,-1,-1
204,81,637.07,167.16,13.13,11.22,1,-1,-1,-1
205,2,0.67,226.48,287.20,141.70,1,-1,-1,-1
205,10,481.59,170.35,68.50,40.97,1,-1,-1,-1
205,12,1043.71,150.48,36.08,97.46,1,-1,-1,-1
205,29,1073.43,151.21,40.24,99.30,1,-1,-1,-1
205,94,1003.12,147.00,17.55,64.11,1,-1,-1,-1
206,2,0.53,226.39,287.46,141.83,1,-1,-1,-1
206,10,486.79,170.28,71.07,41.51,1,-1,-1,-1
206,12,1049.62,149.44,36.28,98.04,1,-1,-1,-1
206,29,1079.51,150.47,40.33,98.89,1,-1,-1,-1
206,94,1002.89,144.59,18.06,66.04,1,-1,-1,-1
206,91,883.14,152.78,15.27,40.70,1,-1,-1,-1
207,2,0.56,226.39,287.45,141.84,1,-1,-1,-1
207,10,492.25,170.20,73.71,42.00,1,-1,-1,-1
207,12,1057.14,147.43,36.06,97.38,1,-1,-1,-1
207,29,1087.40,149.15,39.86,98.53,1,-1,-1,-1
207,94,1002.57,142.68,18.50,67.73,1,-1,-1,-1
207,91,882.91,152.66,15.41,40.95,1,-1,-1,-1
207,81,639.11,166.80,12.41,10.46,1,-1,-1,-1
208,2,0.54,226.40,287.41,141.83,1,-1,-1,-1
208,10,498.67,170.13,76.36,42.43,1,-1,-1,-1
208,12,1064.64,146.90,36.17,97.55,1,-1,-1,-1
208,29,1096.31,148.16,40.51,99.15,1,-1,-1,-1
209,2,0.57,226.39,287.41,141.84,1,-1,-1,-1
209,10,505.89,170.25,78.84,42.71,1,-1,-1,-1
209,12,1074.11,146.64,37.47,97.89,1,-1,-1,-1
209,29,1106.86,148.17,41.73,98.58,1,-1,-1,-1
209,81,640.07,166.68,12.53,10.56,1,-1,-1,-1
210,2,0.64,226.43,287.33,141.80,1,-1,-1,-1
210,10,512.35,170.15,81.96,43.19,1,-1,-1,-1
210,12,1079.23,147.39,37.71,96.74,1,-1,-1,-1
210,29,1111.61,148.04,42.89,98.78,1,-1,-1,-1
211,2,0.61,226.45,287.37,141.82,1,-1,-1,-1
211,10,521.02,170.37,84.31,43.29,1,-1,-1,-1
211,12,1084.73,146.66,39.37,97.29,1,-1,-1,-1
211,29,1117.75,147.95,42.07,95.87,1,-1,-1,-1
212,2,0.52,226.32,287.57,141.94,1,-1,-1,-1
212,10,529.20,170.06,87.80,43.97,1,-1,-1,-1
212,12,1091.77,144.83,39.52,97.26,1,-1,-1,-1
212,29,1123.95,146.59,41.85,96.00,1,-1,-1,-1
212,91,882.86,152.89,15.33,40.63,1,-1,-1,-1
213,2,0.51,226.33,287.53,141.93,1,-1,-1,-1
213,10,538.27,170.01,90.84,44.35,1,-1,-1,-1
213,12,1098.83,143.26,39.26,96.93,1,-1,-1,-1
213,29,1131.00,146.59,42.01,96.32,1,-1,-1,-1
213,91,882.93,152.75,15.41,40.76,1,-1,-1,-1
214,2,0.52,226.32,287.49,141.92,1,-1,-1,-1
214,10,547.70,169.84,93.99,44.78,1,-1,-1,-1
214,12,1105.88,143.37,39.03,96.89,1,-1,-1,-1
214,29,1139.37,146.24,42.34,96.62,1,-1,-1,-1
214,91,882.90,152.73,15.46,40.80,1,-1,-1,-1
215,2,0.52,226.32,287.49,141.92,1,-1,-1,-1
215,10,557.64,169.67,96.94,45.04,1,-1,-1,-1
215,12,1112.63,143.00,39.10,97.11,1,-1,-1,-1
215,29,1145.36,145.52,42.59,96.93,1,-1,-1,-1
215,91,883.03,152.86,15.41,40.58,1,-1,-1,-1
216,2,0.61,226.42,287.33,141.83,1,-1,-1,-1
216,10,568.36,169.52,100.53,45.68,1,-1,-1,-1
216,12,1118.61,142.35,39.56,97.52,1,-1,-1,-1
216,29,1151.73,144.15,42.17,96.61,1,-1,-1,-1
216,91,882.89,152.86,15.42,40.67,1,-1,-1,-1
217,2,0.55,226.29,287.49,141.92,1,-1,-1,-1
217,10,579.11,169.21,104.10,46.33,1,-1,-1,-1
217,12,1125.19,140.66,39.85,98.19,1,-1,-1,-1
217,29,1159.17,141.91,41.95,96.64,1,-1,-1,-1
218,2,0.48,226.28,287.57,141.97,1,-1,-1,-1
218,10,590.83,169.24,106.59,46.46,1,-1,-1,-1
218,12,1132.02,139.34,38.78,96.12,1,-1,-1,-1
218,29,1167.83,140.77,42.56,96.98,1,-1,-1,-1
218,91,883.05,153.15,15.38,40.47,1,-1,-1,-1
219,2,0.54,226.34,287.39,141.88,1,-1,-1,-1
219,10,603.19,169.09,108.97,46.49,1,-1,-1,-1
219,12,1137.94,138.45,38.96,96.91,1,-1,-1,-1
219,29,1175.63,142.05,42.99,95.89,1,-1,-1,-1
219,91,882.86,152.98,15.43,40.57,1,-1,-1,-1
219,94,1003.10,147.82,17.12,61.88,1,-1,-1,-1
220,2,0.54,226.32,287.44,141.90,1,-1,-1,-1
220,10,615.89,168.78,111.77,46.74,1,-1,-1,-1
220,12,1144.81,138.86,39.21,96.48,1,-1,-1,-1
220,29,1178.42,143.24,42.68,94.31,1,-1,-1,-1
220,91,882.93,152.92,15.39,40.40,1,-1,-1,-1
221,2,0.59,226.39,287.32,141.84,1,-1,-1,-1
221,10,628.68,168.48,114.91,47.19,1,-1,-1,-1
221,12,1150.89,139.69,39.21,95.46,1,-1,-1,-1
221,29,1183.11,142.23,41.90,92.83,1,-1,-1,-1
221,91,882.99,152.98,15.41,40.31,1,-1,-1,-1
222,2,0.53,226.34,287.44,141.91,1,-1,-1,-1
222,10,642.17,168.05,117.43,47.40,1,-1,-1,-1
222,12,1156.97,139.03,40.14,95.59,1,-1,-1,-1
222,29,1189.55,140.38,41.05,94.43,1,-1,-1,-1
222,91,882.86,152.91,15.43,40.37,1,-1,-1,-1
223,2,0.55,226.37,287.36,141.87,1,-1,-1,-1
223,10,655.88,167.89,119.76,47.56,1,-1,-1,-1
223,12,1163.86,137.53,40.42,95.87,1,-1,-1,-1
223,91,883.05,152.93,15.46,40.33,1,-1,-1,-1
224,2,0.65,226.36,287.26,141.81,1,-1,-1,-1
224,10,669.95,167.18,122.86,48.12,1,-1,-1,-1
224,12,1169.80,135.79,40.54,96.69,1,-1,-1,-1
224,91,882.94,153.00,15.42,40.27,1,-1,-1,-1
224,94,1003.18,149.88,16.87,59.67,1,-1,-1,-1
225,2,0.58,226.28,287.37,141.89,1,-1,-1,-1
225,10,684.92,167.05,123.88,47.76,1,-1,-1,-1
225,12,1176.24,136.17,40.17,96.01,1,-1,-1,-1
225,91,883.17,153.07,15.43,40.21,1,-1,-1,-1
226,2,0.76,226.41,287.09,141.74,1,-1,-1,-1
226,10,700.14,166.93,125.47,47.61,1,-1,-1,-1
226,12,1182.10,137.28,39.66,94.75,1,-1,-1,-1
226,91,883.10,153.10,15.52,40.36,1,-1,-1,-1
227,2,0.70,226.40,287.14,141.77,1,-1,-1,-1
227,10,715.33,166.56,128.31,48.06,1,-1,-1,-1
227,12,1186.17,137.58,39.21,94.27,1,-1,-1,-1
227,91,883.06,153.20,15.43,40.11,1,-1,-1,-1
228,2,0.73,226.44,287.09,141.74,1,-1,-1,-1
228,10,731.60,166.06,130.45,48.27,1,-1,-1,-1
228,12,1190.07,137.38,37.62,91.92,1,-1,-1,-1
228,91,883.05,153.15,15.47,40.23,1,-1,-1,-1
229,2,0.76,226.40,287.07,141.72,1,-1,-1,-1
229,10,747.78,165.61,132.17,48.33,1,-1,-1,-1
229,12,1193.12,135.93,36.55,91.92,1,-1,-1,-1
229,91,883.61,153.48,15.00,39.12,1,-1,-1,-1
230,2,0.74,226.39,287.11,141.74,1,-1,-1,-1
230,10,764.09,164.86,134.72,48.77,1,-1,-1,-1
230,94,1001.26,149.70,17.45,58.95,1,-1,-1,-1
231,2,0.76,226.43,287.02,141.68,1,-1,-1,-1
231,10,781.77,164.66,135.59,48.58,1,-1,-1,-1
232,2,0.70,226.45,286.99,141.67,1,-1,-1,-1
232,10,798.75,164.20,137.18,48.70,1,-1,-1,-1
233,2,0.71,226.46,287.03,141.68,1,-1,-1,-1
233,10,816.40,163.53,138.80,48.84,1,-1,-1,-1
234,2,0.72,226.50,286.98,141.65,1,-1,-1,-1
234,10,834.13,162.88,140.96,49.30,1,-1,-1,-1
235,2,0.64,226.42,287.11,141.72,1,-1,-1,-1
235,10,852.50,162.38,141.59,49.14,1,-1,-1,-1
236,2,0.71,226.53,286.89,141.60,1,-1,-1,-1
236,10,868.79,161.83,141.70,49.11,1,-1,-1,-1
237,2,0.74,226.54,286.86,141.57,1,-1,-1,-1
237,10,883.81,161.34,140.40,48.96,1,-1,-1,-1
238,2,0.76,226.54,286.85,141.55,1,-1,-1,-1
238,10,905.95,160.15,144.03,49.95,1,-1,-1,-1
238,91,883.61,153.37,15.20,39.52,1,-1,-1,-1
239,2,0.79,226.57,286.84,141.53,1,-1,-1,-1
239,10,925.42,158.47,148.00,51.22,1,-1,-1,-1
239,91,883.60,153.25,15.22,39.55,1,-1,-1,-1
240,2,0.85,226.58,286.82,141.50,1,-1,-1,-1
240,10,946.43,158.19,146.43,50.32,1,-1,-1,-1
240,91,883.36,153.17,15.27,39.69,1,-1,-1,-1
241,2,0.85,226.64,286.76,141.44,1,-1,-1,-1
241,10,967.51,158.68,143.40,48.88,1,-1,-1,-1
241,91,883.39,153.26,15.09,39.25,1,-1,-1,-1
242,2,0.77,226.59,286.87,141.49,1,-1,-1,-1
242,10,990.05,158.80,144.04,48.93,1,-1,-1,-1
242,91,883.45,153.29,15.01,39.03,1,-1,-1,-1
243,2,0.73,226.54,286.96,141.53,1,-1,-1,-1
243,10,1007.94,157.97,146.18,49.43,1,-1,-1,-1
243,91,883.40,153.19,15.02,39.13,1,-1,-1,-1
244,2,0.82,226.63,286.79,141.42,1,-1,-1,-1
244,10,1030.77,157.19,146.27,49.54,1,-1,-1,-1
244,91,883.27,153.13,15.12,39.48,1,-1,-1,-1
244,94,1003.43,147.96,17.60,60.37,1,-1,-1,-1
245,2,0.73,226.58,286.91,141.48,1,-1,-1,-1
245,10,1048.97,156.15,146.73,49.40,1,-1,-1,-1
245,91,883.31,153.06,15.20,39.70,1,-1,-1,-1
245,94,1003.29,146.80,17.72,61.64,1,-1,-1,-1
246,2,0.75,226.57,286.92,141.47,1,-1,-1,-1
246,10,1069.27,155.13,145.35,48.49,1,-1,-1,-1
246,91,883.24,153.13,15.22,39.73,1,-1,-1,-1
246,94,1002.91,145.19,17.96,63.29,1,-1,-1,-1
246,97,555.61,166.95,16.43,12.67,1,-1,-1,-1
247,2,0.72,226.59,286.99,141.49,1,-1,-1,-1
247,10,1083.23,153.73,145.60,48.82,1,-1,-1,-1
247,91,883.48,153.21,15.15,39.48,1,-1,-1,-1
247,94,1002.98,145.68,17.75,62.88,1,-1,-1,-1
247,97,554.79,167.11,16.35,12.60,1,-1,-1,-1
248,2,0.78,226.68,286.87,141.42,1,-1,-1,-1
248,10,1095.98,153.10,142.47,48.59,1,-1,-1,-1
248,91,883.38,153.11,15.12,39.38,1,-1,-1,-1
248,94,1003.02,146.17,17.56,62.42,1,-1,-1,-1
248,97,553.59,167.23,16.82,12.95,1,-1,-1,-1
249,2,0.75,226.67,286.86,141.40,1,-1,-1,-1
249,10,1108.08,152.08,138.70,48.75,1,-1,-1,-1
249,91,883.36,152.95,15.19,39.56,1,-1,-1,-1
249,94,1003.01,146.44,17.49,62.25,1,-1,-1,-1
249,97,552.84,167.56,16.55,12.72,1,-1,-1,-1
250,2,0.69,226.59,287.00,141.47,1,-1,-1,-1
250,10,1121.98,151.67,130.96,47.96,1,-1,-1,-1
250,91,883.44,152.90,15.30,39.79,1,-1,-1,-1
250,94,1003.06,147.32,17.26,61.33,1,-1,-1,-1
250,97,551.65,167.49,16.68,12.80,1,-1,-1,-1
251,2,0.75,226.65,286.95,141.42,1,-1,-1,-1
251,10,1137.97,151.28,118.65,45.75,1,-1,-1,-1
251,91,883.32,152.94,15.29,39.75,1,-1,-1,-1
251,97,550.84,167.28,17.15,13.09,1,-1,-1,-1
252,2,0.74,226.66,286.90,141.38,1,-1,-1,-1
252,10,1161.97,156.75,90.78,37.03,1,-1,-1,-1
252,91,883.26,153.06,15.23,39.61,1,-1,-1,-1
252,97,550.09,167.51,16.97,12.84,1,-1,-1,-1
253,2,0.68,226.65,286.99,141.42,1,-1,-1,-1
253,91,883.33,152.99,15.22,39.58,1,-1,-1,-1
253,97,548.91,167.38,16.95,12.70,1,-1,-1,-1
253,99,574.37,167.62,15.14,12.35,1,-1,-1,-1
253,94,1002.98,147.04,17.34,61.72,1,-1,-1,-1
254,2,0.72,226.71,286.94,141.38,1,-1,-1,-1
254,91,883.41,152.97,15.17,39.45,1,-1,-1,-1
254,97,547.40,167.27,17.21,12.78,1,-1,-1,-1
255,2,0.65,226.61,287.16,141.49,1,-1,-1,-1
255,91,883.24,152.96,15.14,39.43,1,-1,-1,-1
255,97,546.38,167.24,17.30,12.74,1,-1,-1,-1
255,99,572.91,168.07,15.01,12.20,1,-1,-1,-1
256,2,0.63,226.62,287.15,141.48,1,-1,-1,-1
256,91,883.50,153.07,15.03,39.19,1,-1,-1,-1
256,97,544.76,166.97,17.71,12.97,1,-1,-1,-1
256,99,571.44,168.15,14.45,11.70,1,-1,-1,-1
257,2,0.68,226.67,287.04,141.42,1,-1,-1,-1
257,91,883.36,153.05,15.15,39.50,1,-1,-1,-1
257,97,542.03,166.67,18.83,13.66,1,-1,-1,-1
257,99,570.20,167.97,14.92,12.07,1,-1,-1,-1
258,2,0.65,226.68,287.08,141.43,1,-1,-1,-1
258,91,883.13,152.96,15.26,39.86,1,-1,-1,-1
258,97,539.70,166.56,19.62,14.00,1,-1,-1,-1
258,99,567.47,167.66,16.45,13.24,1,-1,-1,-1
259,2,0.70,226.71,286.99,141.37,1,-1,-1,-1
259,91,883.45,152.90,15.12,39.48,1,-1,-1,-1
259,97,537.48,166.51,20.31,14.22,1,-1,-1,-1
259,99,565.06,167.68,17.11,13.55,1,-1,-1,-1
260,2,0.59,226.58,287.21,141.49,1,-1,-1,-1
260,91,883.24,152.86,15.26,39.88,1,-1,-1,-1
260,97,535.23,166.44,21.48,14.85,1,-1,-1,-1
260,99,562.27,167.78,17.58,13.74,1,-1,-1,-1
261,2,0.65,226.66,287.09,141.42,1,-1,-1,-1
261,91,883.36,153.04,15.13,39.54,1,-1,-1,-1
261,97,534.05,166.65,21.39,14.71,1,-1,-1,-1
261,99,559.10,167.94,18.09,13.93,1,-1,-1,-1
262,2,0.61,226.65,287.11,141.43,1,-1,-1,-1
262,91,883.30,153.08,15.15,39.65,1,-1,-1,-1
262,97,532.43,166.73,21.50,14.59,1,-1,-1,-1
262,99,555.94,168.47,17.79,13.40,1,-1,-1,-1
263,2,0.56,226.59,287.26,141.51,1,-1,-1,-1
263,91,883.21,153.00,15.25,39.90,1,-1,-1,-1
263,97,530.12,166.35,21.98,14.91,1,-1,-1,-1
263,99,552.43,168.93,17.51,13.09,1,-1,-1,-1
264,2,0.63,226.61,287.16,141.45,1,-1,-1,-1
264,91,883.26,153.01,15.25,39.89,1,-1,-1,-1
264,97,527.60,166.81,22.51,15.27,1,-1,-1,-1
264,99,550.25,168.97,17.92,13.35,1,-1,-1,-1
265,2,0.59,226.59,287.18,141.47,1,-1,-1,-1
265,91,883.19,152.97,15.25,39.91,1,-1,-1,-1
266,2,0.56,226.58,287.23,141.50,1,-1,-1,-1
266,91,883.11,152.99,15.26,39.97,1,-1,-1,-1
266,99,539.96,168.60,19.42,14.03,1,-1,-1,-1
267,2,0.62,226.62,287.17,141.47,1,-1,-1,-1
267,91,883.18,153.02,15.25,39.88,1,-1,-1,-1
268,2,0.61,226.61,287.22,141.49,1,-1,-1,-1
268,91,883.21,152.86,15.41,40.24,1,-1,-1,-1
268,99,530.70,169.17,19.99,14.54,1,-1,-1,-1
269,2,0.55,226.58,287.35,141.56,1,-1,-1,-1
269,91,883.28,153.08,15.12,39.49,1,-1,-1,-1
270,2,0.64,226.64,287.19,141.48,1,-1,-1,-1
270,91,883.11,152.96,15.31,39.98,1,-1,-1,-1
271,2,0.63,226.66,287.14,141.45,1,-1,-1,-1
271,91,882.99,152.82,15.28,40.02,1,-1,-1,-1
271,97,505.26,167.34,27.37,17.61,1,-1,-1,-1
272,2,0.61,226.70,287.02,141.39,1,-1,-1,-1
272,91,883.14,153.07,15.14,39.69,1,-1,-1,-1
272,97,501.52,167.48,29.71,18.31,1,-1,-1,-1
272,101,568.87,167.44,16.29,12.40,1,-1,-1,-1
273,2,0.63,226.63,287.15,141.45,1,-1,-1,-1
273,91,883.17,153.08,15.24,39.90,1,-1,-1,-1
273,97,498.38,167.59,30.92,18.39,1,-1,-1,-1
274,2,0.60,226.59,287.17,141.46,1,-1,-1,-1
274,91,883.25,153.08,15.14,39.57,1,-1,-1,-1
274,97,493.68,167.34,31.35,18.56,1,-1,-1,-1
274,101,565.96,166.65,18.32,13.97,1,-1,-1,-1
275,2,0.52,226.56,287.29,141.54,1,-1,-1,-1
275,91,883.35,153.04,15.09,39.46,1,-1,-1,-1
275,97,489.68,168.22,30.44,17.94,1,-1,-1,-1
276,2,0.64,226.58,287.26,141.52,1,-1,-1,-1
276,91,883.29,153.07,15.11,39.55,1,-1,-1,-1
276,97,485.24,168.44,31.30,18.35,1,-1,-1,-1
277,2,0.57,226.57,287.27,141.53,1,-1,-1,-1
277,91,883.26,152.95,15.25,39.87,1,-1,-1,-1
277,97,480.54,168.72,32.15,18.90,1,-1,-1,-1
278,2,0.57,226.54,287.32,141.56,1,-1,-1,-1
278,91,883.35,152.92,15.19,39.68,1,-1,-1,-1
278,97,475.70,169.22,32.55,19.30,1,-1,-1,-1
278,101,559.75,167.48,18.34,13.95,1,-1,-1,-1
279,2,0.53,226.50,287.35,141.59,1,-1,-1,-1
279,91,883.36,152.89,15.22,39.76,1,-1,-1,-1
279,97,471.21,169.10,33.73,20.19,1,-1,-1,-1
279,101,557.53,167.62,18.74,14.24,1,-1,-1,-1
280,2,0.58,226.56,287.25,141.55,1,-1,-1,-1
280,91,883.15,152.87,15.27,39.94,1,-1,-1,-1
280,97,467.94,169.04,35.24,21.06,1,-1,-1,-1
280,101,556.00,168.35,17.97,13.57,1,-1,-1,-1
281,2,0.66,226.61,287.23,141.53,1,-1,-1,-1
281,91,883.18,152.86,15.31,40.04,1,-1,-1,-1
281,97,463.40,169.37,35.71,21.61,1,-1,-1,-1
281,101,553.06,168.04,19.08,14.40,1,-1,-1,-1
282,2,0.65,226.61,287.25,141.54,1,-1,-1,-1
282,91,883.15,153.06,15.23,39.89,1,-1,-1,-1
282,97,459.61,169.83,35.19,21.51,1,-1,-1,-1
282,101,550.52,168.24,19.17,14.41,1,-1,-1,-1
283,2,0.68,226.65,287.13,141.47,1,-1,-1,-1
283,91,883.45,153.06,15.16,39.73,1,-1,-1,-1
283,97,456.98,170.44,34.45,21.21,1,-1,-1,-1
283,101,548.37,167.98,19.38,14.35,1,-1,-1,-1
284,2,0.69,226.62,287.17,141.49,1,-1,-1,-1
284,91,883.44,152.98,15.18,39.78,1,-1,-1,-1
284,97,455.00,170.98,34.34,21.45,1,-1,-1,-1
285,2,0.68,226.69,287.05,141.42,1,-1,-1,-1
285,91,883.27,152.81,15.30,40.07,1,-1,-1,-1
285,97,452.37,170.97,35.15,22.32,1,-1,-1,-1
286,2,0.65,226.62,287.15,141.47,1,-1,-1,-1
286,91,883.41,152.91,15.14,39.63,1,-1,-1,-1
286,97,449.66,171.04,35.68,23.01,1,-1,-1,-1
286,103,445.00,170.25,19.06,17.56,1,-1,-1,-1
286,101,540.46,167.46,20.25,14.97,1,-1,-1,-1
287,2,0.68,226.70,287.04,141.41,1,-1,-1,-1
287,91,883.40,153.08,15.12,39.59,1,-1,-1,-1
287,97,447.11,170.96,36.45,23.92,1,-1,-1,-1
287,101,537.48,167.15,21.21,15.50,1,-1,-1,-1
288,2,0.64,226.63,287.19,141.49,1,-1,-1,-1
288,91,883.48,153.00,15.20,39.76,1,-1,-1,-1
288,97,444.68,171.39,36.43,24.21,1,-1,-1,-1
288,101,534.07,168.03,20.91,15.23,1,-1,-1,-1
288,103,439.21,171.28,19.36,17.81,1,-1,-1,-1
289,2,0.64,226.65,287.21,141.50,1,-1,-1,-1
289,91,883.35,153.06,15.10,39.55,1,-1,-1,-1
289,97,442.36,172.02,36.47,24.47,1,-1,-1,-1
289,101,530.74,168.36,21.22,15.43,1,-1,-1,-1
290,2,0.60,226.63,287.26,141.53,1,-1,-1,-1
290,91,883.56,152.96,15.14,39.62,1,-1,-1,-1
290,97,439.98,171.70,37.49,25.49,1,-1,-1,-1
290,101,527.90,168.26,21.32,15.77,1,-1,-1,-1
291,2,0.56,226.59,287.29,141.55,1,-1,-1,-1
291,91,883.60,153.03,15.04,39.35,1,-1,-1,-1
291,97,437.46,171.97,37.90,26.03,1,-1,-1,-1
291,101,525.24,168.66,21.36,15.85,1,-1,-1,-1
292,2,0.59,226.66,287.17,141.50,1,-1,-1,-1
292,91,883.53,153.12,15.00,39.26,1,-1,-1,-1
292,97,435.39,172.51,37.96,26.30,1,-1,-1,-1
292,101,522.50,168.71,21.71,16.17,1,-1,-1,-1
293,2,0.58,226.60,287.28,141.56,1,-1,-1,-1
293,91,883.47,153.14,15.03,39.32,1,-1,-1,-1
293,97,433.67,172.97,38.03,26.52,1,-1,-1,-1
293,103,422.19,171.64,22.15,20.22,1,-1,-1,-1
294,2,0.61,226.63,287.24,141.54,1,-1,-1,-1
294,91,883.23,153.00,15.02,39.43,1,-1,-1,-1
294,97,431.41,173.24,38.68,27.15,1,-1,-1,-1
295,2,0.62,226.65,287.21,141.52,1,-1,-1,-1
295,91,883.49,153.09,14.91,39.12,1,-1,-1,-1
295,97,429.36,173.34,39.39,27.81,1,-1,-1,-1
296,2,0.60,226.62,287.26,141.56,1,-1,-1,-1
296,91,883.56,153.10,14.89,39.01,1,-1,-1,-1
296,97,427.45,173.50,40.12,28.51,1,-1,-1,-1
297,2,0.55,226.57,287.33,141.61,1,-1,-1,-1
297,91,883.39,152.91,15.10,39.62,1,-1,-1,-1
297,97,425.85,173.56,40.84,29.26,1,-1,-1,-1
297,103,412.21,171.01,24.26,21.73,1,-1,-1,-1
298,2,0.56,226.56,287.29,141.60,1,-1,-1,-1
298,91,883.42,152.98,15.07,39.49,1,-1,-1,-1
298,97,424.78,173.51,41.64,30.14,1,-1,-1,-1
298,103,408.00,171.00,25.69,22.28,1,-1,-1,-1
299,2,0.57,226.54,287.30,141.61,1,-1,-1,-1
299,91,883.58,153.22,14.91,39.07,1,-1,-1,-1
299,97,424.41,173.62,42.03,30.68,1,-1,-1,-1
299,103,404.60,171.05,26.77,22.57,1,-1,-1,-1
300,2,0.64,226.62,287.18,141.55,1,-1,-1,-1
300,91,883.49,153.10,14.91,39.16,1,-1,-1,-1
300,97,424.76,173.76,43.11,31.63,1,-1,-1,-1
300,103,401.88,171.04,27.46,22.48,1,-1,-1,-1
300,101,493.17,169.61,23.91,17.08,1,-1,-1,-1
301,2,0.53,226.53,287.35,141.65,1,-1,-1,-1
301,91,883.42,153.01,14.96,39.34,1,-1,-1,-1
301,97,425.69,173.48,44.59,32.83,1,-1,-1,-1
301,103,398.29,171.28,28.49,22.64,1,-1,-1,-1
301,101,487.56,169.95,24.42,17.23,1,-1,-1,-1
302,2,0.63,226.61,287.24,141.59,1,-1,-1,-1
302,91,883.58,153.16,14.91,39.15,1,-1,-1,-1
302,97,427.07,173.32,46.51,34.10,1,-1,-1,-1
302,103,394.52,171.73,28.92,22.27,1,-1,-1,-1
302,101,484.03,170.05,25.01,17.51,1,-1,-1,-1
303,2,0.48,226.46,287.48,141.73,1,-1,-1,-1
303,91,883.48,153.06,14.93,39.22,1,-1,-1,-1
303,97,429.72,173.01,48.61,35.25,1,-1,-1,-1
303,103,390.82,171.93,30.30,22.77,1,-1,-1,-1
303,101,480.37,170.51,25.32,17.69,1,-1,-1,-1
304,2,0.48,226.45,287.39,141.71,1,-1,-1,-1
304,91,883.58,153.07,14.92,39.19,1,-1,-1,-1
304,97,433.66,173.03,50.49,35.92,1,-1,-1,-1
304,103,388.02,172.50,30.52,22.36,1,-1,-1,-1
304,101,478.42,170.81,26.35,18.38,1,-1,-1,-1
305,2,0.56,226.49,287.30,141.67,1,-1,-1,-1
305,91,883.52,153.13,14.94,39.18,1,-1,-1,-1
305,97,439.17,172.75,52.63,36.46,1,-1,-1,-1
305,103,384.06,172.21,31.86,22.97,1,-1,-1,-1
306,2,0.46,226.43,287.48,141.78,1,-1,-1,-1
306,91,883.51,153.07,15.05,39.43,1,-1,-1,-1
306,97,444.80,171.50,56.48,38.05,1,-1,-1,-1
306,103,380.09,172.62,33.00,23.38,1,-1,-1,-1
307,2,0.53,226.45,287.43,141.77,1,-1,-1,-1
307,91,883.62,153.06,15.03,39.38,1,-1,-1,-1
307,97,452.72,170.90,60.18,39.12,1,-1,-1,-1
307,103,375.88,172.74,34.81,24.43,1,-1,-1,-1
308,2,0.50,226.39,287.41,141.78,1,-1,-1,-1
308,91,883.76,153.17,14.87,38.88,1,-1,-1,-1
308,97,462.01,170.67,63.65,39.72,1,-1,-1,-1
308,103,371.61,172.53,35.91,25.01,1,-1,-1,-1
309,2,0.47,226.30,287.54,141.87,1,-1,-1,-1
309,91,883.63,153.02,15.03,39.27,1,-1,-1,-1
309,97,473.27,170.26,67.93,40.62,1,-1,-1,-1
309,103,368.86,173.09,35.81,24.58,1,-1,-1,-1
310,2,0.60,226.44,287.24,141.73,1,-1,-1,-1
310,91,883.69,152.99,15.01,39.23,1,-1,-1,-1
310,97,486.53,170.16,72.21,41.29,1,-1,-1,-1
310,103,365.12,173.26,35.68,24.23,1,-1,-1,-1
310,101,461.02,170.93,29.17,20.95,1,-1,-1,-1
311,2,0.58,226.41,287.38,141.81,1,-1,-1,-1
311,91,883.67,152.95,15.16,39.57,1,-1,-1,-1
311,97,501.68,170.15,76.55,41.88,1,-1,-1,-1
311,103,360.79,172.91,37.53,25.34,1,-1,-1,-1
311,101,459.65,170.98,29.35,21.34,1,-1,-1,-1
312,2,0.61,226.43,287.35,141.80,1,-1,-1,-1
312,91,883.54,152.81,15.22,39.73,1,-1,-1,-1
312,97,518.69,170.11,80.82,42.31,1,-1,-1,-1
312,103,356.15,172.63,39.66,26.65,1,-1,-1,-1
312,101,458.02,171.12,29.52,21.72,1,-1,-1,-1
313,2,0.56,226.36,287.40,141.84,1,-1,-1,-1
313,91,883.49,152.81,15.17,39.63,1,-1,-1,-1
313,97,536.91,169.89,85.69,43.07,1,-1,-1,-1
313,103,351.54,172.58,41.39,27.73,1,-1,-1,-1
313,101,456.15,171.16,29.84,22.18,1,-1,-1,-1
314,2,0.65,226.44,287.22,141.75,1,-1,-1,-1
314,91,883.50,152.83,15.18,39.66,1,-1,-1,-1
314,97,556.65,169.81,89.99,43.43,1,-1,-1,-1
314,103,346.48,172.68,43.59,29.14,1,-1,-1,-1
314,101,454.27,171.28,30.17,22.57,1,-1,-1,-1
315,2,0.58,226.40,287.37,141.84,1,-1,-1,-1
315,91,883.56,153.00,15.00,39.19,1,-1,-1,-1
315,97,577.81,169.04,95.09,44.32,1,-1,-1,-1
315,103,341.71,172.55,45.42,30.41,1,-1,-1,-1
315,101,452.72,171.49,30.42,22.95,1,-1,-1,-1
315,105,544.62,172.26,9.68,23.21,1,-1,-1,-1
316,2,0.62,226.42,287.32,141.82,1,-1,-1,-1
316,91,883.63,153.20,14.75,38.58,1,-1,-1,-1
316,97,600.97,168.72,98.60,44.45,1,-1,-1,-1
316,103,336.77,172.57,46.72,31.31,1,-1,-1,-1
316,101,451.12,171.79,30.67,23.28,1,-1,-1,-1
317,2,0.63,226.47,287.22,141.78,1,-1,-1,-1
317,91,883.75,153.33,14.69,38.35,1,-1,-1,-1
317,97,625.35,168.33,102.00,44.57,1,-1,-1,-1
317,103,331.76,172.68,48.26,32.32,1,-1,-1,-1
317,101,449.26,171.83,31.01,23.73,1,-1,-1,-1
318,2,0.58,226.38,287.33,141.85,1,-1,-1,-1
318,91,883.62,153.29,14.74,38.50,1,-1,-1,-1
318,97,650.31,167.98,105.33,44.78,1,-1,-1,-1
318,103,326.75,173.15,49.25,32.86,1,-1,-1,-1
318,101,447.23,171.96,31.69,24.39,1,-1,-1,-1
319,2,0.59,226.36,287.32,141.86,1,-1,-1,-1
319,91,883.54,153.14,14.94,38.98,1,-1,-1,-1
319,97,676.03,167.29,108.18,44.84,1,-1,-1,-1
319,103,321.27,173.27,50.38,33.53,1,-1,-1,-1
319,101,445.84,172.17,31.99,24.70,1,-1,-1,-1
320,2,0.64,226.43,287.15,141.77,1,-1,-1,-1
320,91,883.54,153.27,15.10,39.32,1,-1,-1,-1
320,97,701.77,166.68,111.28,45.07,1,-1,-1,-1
320,103,315.64,173.20,51.99,34.49,1,-1,-1,-1
320,101,444.39,172.19,32.39,25.10,1,-1,-1,-1
321,2,0.63,226.35,287.22,141.82,1,-1,-1,-1
321,91,883.46,153.14,15.18,39.53,1,-1,-1,-1
321,97,728.43,165.99,112.89,44.68,1,-1,-1,-1
321,103,311.07,173.59,52.10,34.43,1,-1,-1,-1
321,101,442.79,172.47,32.61,25.35,1,-1,-1,-1
322,2,0.70,226.39,287.07,141.75,1,-1,-1,-1
322,91,884.10,153.56,14.58,38.03,1,-1,-1,-1
322,97,754.72,165.24,115.85,44.96,1,-1,-1,-1
322,103,306.28,173.61,53.23,35.31,1,-1,-1,-1
322,101,441.27,172.48,33.25,25.96,1,-1,-1,-1
323,2,0.78,226.47,286.91,141.66,1,-1,-1,-1
323,97,781.01,164.51,118.72,45.26,1,-1,-1,-1
323,103,301.28,173.35,54.70,36.61,1,-1,-1,-1
323,101,439.62,172.49,33.81,26.53,1,-1,-1,-1
324,2,0.75,226.49,286.94,141.66,1,-1,-1,-1
324,97,808.57,164.03,119.95,44.93,1,-1,-1,-1
324,103,294.37,173.75,55.52,37.12,1,-1,-1,-1
324,101,438.34,172.61,34.23,26.96,1,-1,-1,-1
325,2,0.81,226.56,286.82,141.59,1,-1,-1,-1
325,97,834.74,163.19,122.38,45.00,1,-1,-1,-1
325,103,282.67,173.77,60.60,40.35,1,-1,-1,-1
325,101,437.23,172.86,34.49,27.27,1,-1,-1,-1
326,2,0.75,226.50,286.90,141.62,1,-1,-1,-1
326,97,859.16,162.20,125.68,45.72,1,-1,-1,-1
326,103,273.98,173.91,62.07,40.97,1,-1,-1,-1
326,101,436.47,172.89,34.67,27.54,1,-1,-1,-1
327,2,0.76,226.54,286.88,141.60,1,-1,-1,-1
327,97,882.64,160.89,128.84,46.64,1,-1,-1,-1
327,103,264.61,174.57,64.62,42.20,1,-1,-1,-1
327,101,436.07,172.96,35.03,27.98,1,-1,-1,-1
328,2,0.77,226.48,287.00,141.66,1,-1,-1,-1
328,97,900.84,160.20,127.78,46.93,1,-1,-1,-1
328,103,254.99,175.08,67.40,43.49,1,-1,-1,-1
328,101,436.24,172.92,35.65,28.67,1,-1,-1,-1
328,91,883.31,153.16,15.10,39.39,1,-1,-1,-1
329,2,0.83,226.53,286.94,141.60,1,-1,-1,-1
329,97,935.85,158.43,134.26,48.67,1,-1,-1,-1
329,103,244.42,175.29,70.91,45.28,1,-1,-1,-1
329,101,436.64,172.71,36.58,29.62,1,-1,-1,-1
329,91,883.58,153.36,14.94,39.01,1,-1,-1,-1
330,2,0.82,226.53,286.88,141.56,1,-1,-1,-1
330,97,967.82,157.44,137.28,49.09,1,-1,-1,-1
330,103,235.06,176.22,73.51,46.08,1,-1,-1,-1
330,101,437.72,172.71,37.46,30.40,1,-1,-1,-1
330,91,883.47,153.07,14.99,39.07,1,-1,-1,-1
331,2,0.71,226.48,287.05,141.65,1,-1,-1,-1
331,97,1002.20,157.35,136.12,48.11,1,-1,-1,-1
331,103,225.77,176.70,78.17,47.61,1,-1,-1,-1
331,101,439.08,172.72,38.22,30.91,1,-1,-1,-1
331,91,883.58,153.08,15.08,39.13,1,-1,-1,-1
332,2,0.69,226.46,287.14,141.69,1,-1,-1,-1
332,97,1022.62,156.57,141.49,48.90,1,-1,-1,-1
332,103,216.41,176.83,83.28,48.91,1,-1,-1,-1
332,101,441.15,172.76,39.37,31.48,1,-1,-1,-1
332,91,883.59,153.02,15.08,39.11,1,-1,-1,-1
333,2,0.61,226.37,287.30,141.79,1,-1,-1,-1
333,97,1052.90,155.40,142.78,48.53,1,-1,-1,-1
333,103,198.05,177.60,86.49,50.11,1,-1,-1,-1
333,101,443.52,172.35,40.87,32.31,1,-1,-1,-1
333,91,883.60,152.96,15.18,39.31,1,-1,-1,-1
334,2,0.59,226.37,287.35,141.83,1,-1,-1,-1
334,97,1077.96,154.36,140.62,48.00,1,-1,-1,-1
334,103,183.49,177.77,90.18,51.92,1,-1,-1,-1
334,101,446.85,172.31,42.16,32.72,1,-1,-1,-1
334,91,883.51,152.99,15.06,39.01,1,-1,-1,-1
335,2,0.64,226.36,287.23,141.77,1,-1,-1,-1
335,97,1092.96,152.74,142.28,49.15,1,-1,-1,-1
335,103,164.26,178.18,96.37,54.73,1,-1,-1,-1
335,101,450.84,172.13,44.06,33.41,1,-1,-1,-1
335,91,883.55,153.14,15.03,38.86,1,-1,-1,-1
336,2,0.75,226.46,287.01,141.65,1,-1,-1,-1
336,97,1109.77,151.99,137.65,48.91,1,-1,-1,-1
336,103,142.26,178.22,106.64,59.99,1,-1,-1,-1
336,101,455.37,171.64,46.11,34.11,1,-1,-1,-1
336,91,883.42,153.02,15.07,38.96,1,-1,-1,-1
337,2,0.94,226.65,286.61,141.42,1,-1,-1,-1
337,97,1125.18,151.64,131.73,48.90,1,-1,-1,-1
337,103,121.86,178.66,112.72,62.41,1,-1,-1,-1
337,101,461.10,171.41,48.36,34.83,1,-1,-1,-1
337,91,883.48,153.10,15.02,38.81,1,-1,-1,-1
338,2,1.04,226.77,286.39,141.28,1,-1,-1,-1
338,97,1144.29,152.17,118.02,46.41,1,-1,-1,-1
338,103,99.48,179.14,119.73,65.15,1,-1,-1,-1
338,101,467.31,171.40,50.34,35.22,1,-1,-1,-1
338,91,883.41,153.05,15.17,39.09,1,-1,-1,-1
339,2,1.04,226.81,286.39,141.24,1,-1,-1,-1
339,103,74.49,179.43,126.30,67.26,1,-1,-1,-1
339,101,474.25,170.92,52.84,35.96,1,-1,-1,-1
339,91,883.40,153.06,15.17,39.10,1,-1,-1,-1
340,2,0.89,226.63,286.75,141.42,1,-1,-1,-1
340,103,49.91,180.39,129.84,66.95,1,-1,-1,-1
340,101,482.32,170.49,55.89,36.91,1,-1,-1,-1
340,91,883.51,153.10,15.24,39.18,1,-1,-1,-1
341,2,0.88,226.59,286.82,141.45,1,-1,-1,-1
341,103,21.91,180.61,134.60,67.95,1,-1,-1,-1
341,101,490.64,170.30,58.67,37.58,1,-1,-1,-1
341,91,883.60,153.20,14.98,38.50,1,-1,-1,-1
342,2,0.92,226.70,286.69,141.36,1,-1,-1,-1
342,103,6.11,181.10,135.57,67.84,1,-1,-1,-1
342,101,500.55,170.23,61.41,38.13,1,-1,-1,-1
342,91,883.65,153.19,15.01,38.51,1,-1,-1,-1
343,2,0.92,226.67,286.83,141.41,1,-1,-1,-1
343,103,-2.44,182.30,125.80,62.88,1,-1,-1,-1
343,101,511.23,170.23,63.96,38.46,1,-1,-1,-1
343,91,883.51,153.06,15.18,38.99,1,-1,-1,-1
344,2,-0.31,225.33,289.20,142.76,1,-1,-1,-1
344,103,-8.95,183.52,107.78,54.54,1,-1,-1,-1
344,101,522.43,169.96,66.97,39.04,1,-1,-1,-1
344,91,883.57,153.01,15.11,38.85,1,-1,-1,-1
344,106,1000.31,148.05,20.11,61.48,1,-1,-1,-1
345,2,0.40,226.10,287.74,142.03,1,-1,-1,-1
345,103,-17.17,185.83,88.23,46.49,1,-1,-1,-1
345,101,534.21,169.69,70.41,39.91,1,-1,-1,-1
345,91,883.26,152.94,15.44,39.63,1,-1,-1,-1
345,106,1000.06,148.32,20.08,61.33,1,-1,-1,-1
345,108,116.93,192.30,82.75,54.77,1,-1,-1,-1
346,2,0.53,226.30,287.39,141.86,1,-1,-1,-1
346,101,547.24,169.44,73.39,40.47,1,-1,-1,-1
346,91,883.45,152.99,15.32,39.29,1,-1,-1,-1
346,106,999.98,148.79,19.89,60.68,1,-1,-1,-1
346,109,517.90,171.83,11.77,25.33,1,-1,-1,-1
347,2,0.13,225.73,288.25,142.36,1,-1,-1,-1
347,101,561.02,169.38,76.39,40.99,1,-1,-1,-1
347,91,883.50,152.97,15.28,39.19,1,-1,-1,-1
348,2,0.14,225.79,288.17,142.37,1,-1,-1,-1
348,101,575.18,168.87,80.15,41.97,1,-1,-1,-1
348,91,883.69,153.25,14.85,38.16,1,-1,-1,-1
348,105,544.58,172.43,9.63,23.14,1,-1,-1,-1
349,2,0.50,226.15,287.49,142.03,1,-1,-1,-1
349,101,590.59,168.61,83.28,42.64,1,-1,-1,-1
349,91,883.61,153.20,15.02,38.63,1,-1,-1,-1
350,2,0.65,226.32,287.18,141.87,1,-1,-1,-1
350,101,607.10,168.70,85.64,42.83,1,-1,-1,-1
350,91,883.68,153.33,14.76,38.01,1,-1,-1,-1
351,2,0.67,226.38,287.14,141.85,1,-1,-1,-1
351,101,624.03,168.29,88.59,43.39,1,-1,-1,-1
351,91,883.77,153.39,14.74,38.02,1,-1,-1,-1
352,2,0.71,226.38,287.13,141.84,1,-1,-1,-1
352,101,641.98,167.97,90.84,43.60,1,-1,-1,-1
352,91,883.81,153.50,14.69,37.86,1,-1,-1,-1
353,2,0.73,226.46,286.94,141.74,1,-1,-1,-1
353,101,660.84,167.83,92.83,43.67,1,-1,-1,-1
353,91,883.67,153.49,14.73,38.05,1,-1,-1,-1
354,2,0.69,226.42,286.99,141.77,1,-1,-1,-1
354,101,680.85,167.40,94.49,43.55,1,-1,-1,-1
354,91,883.69,153.34,14.86,38.46,1,-1,-1,-1
355,2,0.80,226.53,286.82,141.66,1,-1,-1,-1
355,101,700.52,166.92,97.12,43.99,1,-1,-1,-1
355,91,883.57,153.18,15.16,39.17,1,-1,-1,-1
356,2,0.85,226.57,286.79,141.63,1,-1,-1,-1
356,101,721.49,166.43,99.09,44.12,1,-1,-1,-1
356,91,883.56,153.31,15.01,38.79,1,-1,-1,-1
357,2,0.83,226.53,286.85,141.65,1,-1,-1,-1
357,101,742.24,165.46,102.44,44.99,1,-1,-1,-1
357,91,883.45,153.19,15.21,39.30,1,-1,-1,-1
358,2,0.85,226.54,286.77,141.60,1,-1,-1,-1
358,101,764.22,164.97,104.08,45.03,1,-1,-1,-1
358,91,883.65,153.39,15.09,38.97,1,-1,-1,-1
359,2,0.82,226.54,286.82,141.61,1,-1,-1,-1
359,101,787.35,164.27,105.64,45.07,1,-1,-1,-1
360,2,0.78,226.50,286.92,141.65,1,-1,-1,-1
360,101,810.23,163.82,107.02,45.03,1,-1,-1,-1
361,2,0.72,226.51,286.95,141.66,1,-1,-1,-1
361,101,832.49,163.27,109.39,45.39,1,-1,-1,-1
362,2,0.79,226.53,286.90,141.62,1,-1,-1,-1
362,101,854.72,162.54,112.19,45.94,1,-1,-1,-1
363,2,0.84,226.59,286.73,141.51,1,-1,-1,-1
363,101,876.03,161.91,115.07,46.74,1,-1,-1,-1
364,2,0.77,226.48,286.90,141.60,1,-1,-1,-1
364,101,896.55,161.10,116.92,47.39,1,-1,-1,-1
364,91,882.98,153.31,15.45,40.17,1,-1,-1,-1
365,2,0.86,226.65,286.78,141.51,1,-1,-1,-1
365,101,921.82,160.46,118.54,47.52,1,-1,-1,-1
365,91,883.54,153.39,15.13,39.34,1,-1,-1,-1
366,2,0.79,226.62,286.86,141.54,1,-1,-1,-1
366,101,943.98,158.46,123.33,49.15,1,-1,-1,-1
366,91,883.71,153.37,14.80,38.56,1,-1,-1,-1
367,2,0.70,226.52,287.05,141.63,1,-1,-1,-1
367,101,966.67,157.23,125.24,49.61,1,-1,-1,-1
367,91,883.83,153.39,14.59,38.06,1,-1,-1,-1
368,2,0.70,226.61,286.90,141.55,1,-1,-1,-1
368,101,991.37,157.36,124.58,49.09,1,-1,-1,-1
368,91,884.04,153.53,14.36,37.39,1,-1,-1,-1
369,2,0.69,226.56,286.98,141.58,1,-1,-1,-1
369,101,1011.80,156.96,124.61,48.60,1,-1,-1,-1
369,91,883.87,153.39,14.43,37.62,1,-1,-1,-1
370,2,0.76,226.62,286.86,141.50,1,-1,-1,-1
370,101,1036.55,155.93,122.56,47.47,1,-1,-1,-1
370,91,883.92,153.29,14.65,38.13,1,-1,-1,-1
371,2,0.72,226.62,286.89,141.51,1,-1,-1,-1
371,101,1058.15,154.67,122.58,47.07,1,-1,-1,-1
371,91,883.81,153.20,14.80,38.46,1,-1,-1,-1
372,2,0.70,226.58,286.99,141.56,1,-1,-1,-1
372,101,1079.36,153.66,122.41,46.62,1,-1,-1,-1
372,91,883.90,153.20,14.56,37.85,1,-1,-1,-1
373,2,0.75,226.65,286.89,141.49,1,-1,-1,-1
373,101,1098.79,152.80,122.70,46.55,1,-1,-1,-1
373,91,883.65,153.23,14.83,38.56,1,-1,-1,-1
374,2,0.64,226.55,287.12,141.61,1,-1,-1,-1
374,101,1112.99,151.30,121.82,46.87,1,-1,-1,-1
374,91,883.72,153.17,14.93,38.76,1,-1,-1,-1
375,2,0.70,226.61,287.02,141.55,1,-1,-1,-1
375,101,1127.04,150.64,115.68,45.65,1,-1,-1,-1
375,91,883.64,153.09,14.93,38.78,1,-1,-1,-1
