25,0,546.05,173.72,29.03,19.25,1,-1,-1,-1
26,0,538.42,174.83,32.96,20.46,1,-1,-1,-1
27,0,531.05,174.77,35.29,21.95,1,-1,-1,-1
28,0,522.52,174.70,38.05,23.68,1,-1,-1,-1
29,0,512.54,174.61,41.35,25.70,1,-1,-1,-1
30,0,500.70,174.51,45.38,28.09,1,-1,-1,-1
31,0,486.41,174.39,50.40,30.99,1,-1,-1,-1
32,0,470.47,175.29,56.93,34.51,1,-1,-1,-1
33,0,450.44,176.41,65.42,38.93,1,-1,-1,-1
34,0,424.49,177.87,76.87,44.66,1,-1,-1,-1
35,0,389.59,179.69,93.04,52.50,1,-1,-1,-1
36,0,340.09,181.95,117.38,63.95,1,-1,-1,-1
37,0,270.28,183.78,155.12,80.82,1,-1,-1,-1
38,0,152.36,186.52,224.87,109.65,1,-1,-1,-1
39,0,0.00,190.73,304.86,165.42,1,-1,-1,-1
40,0,0.00,198.81,165.89,174.19,1,-1,-1,-1
54,1,569.15,170.61,26.39,21.51,1,-1,-1,-1
54,3,614.93,168.91,22.40,19.52,1,-1,-1,-1
55,1,567.89,169.00,27.18,21.99,1,-1,-1,-1
55,3,615.15,167.68,22.59,19.77,1,-1,-1,-1
56,1,566.58,167.32,28.00,22.48,1,-1,-1,-1
56,3,615.38,166.41,22.78,20.02,1,-1,-1,-1
57,1,565.52,167.06,28.55,22.94,1,-1,-1,-1
57,3,615.60,165.12,22.98,20.28,1,-1,-1,-1
58,1,564.42,166.78,29.12,23.41,1,-1,-1,-1
58,3,615.84,163.79,23.17,20.55,1,-1,-1,-1
59,1,562.51,168.48,29.93,23.94,1,-1,-1,-1
59,3,615.64,165.24,23.44,20.84,1,-1,-1,-1
60,1,560.62,169.82,31.18,24.48,1,-1,-1,-1
60,3,615.44,166.74,23.72,21.15,1,-1,-1,-1
61,1,558.94,170.97,32.23,25.01,1,-1,-1,-1
61,3,615.24,168.28,24.00,21.46,1,-1,-1,-1
62,1,557.18,172.16,33.32,25.57,1,-1,-1,-1
62,3,615.02,169.86,24.29,21.78,1,-1,-1,-1
63,1,555.33,173.41,34.46,26.16,1,-1,-1,-1
63,3,614.81,171.50,24.59,22.11,1,-1,-1,-1
64,1,553.41,174.72,35.67,26.77,1,-1,-1,-1
64,3,614.32,171.03,25.08,22.43,1,-1,-1,-1
65,1,552.10,173.77,36.39,27.43,1,-1,-1,-1
65,3,613.82,170.54,25.57,22.75,1,-1,-1,-1
66,1,550.73,172.77,37.16,28.11,1,-1,-1,-1
66,3,613.30,170.04,26.09,23.08,1,-1,-1,-1
67,1,548.37,172.57,37.98,28.88,1,-1,-1,-1
67,3,612.77,169.52,26.61,23.43,1,-1,-1,-1
68,1,545.87,172.35,38.86,29.69,1,-1,-1,-1
68,3,612.22,168.98,27.15,23.78,1,-1,-1,-1
68,6,589.63,168.17,21.15,19.52,1,-1,-1,-1
69,1,543.23,172.13,39.80,30.55,1,-1,-1,-1
69,3,612.18,168.77,27.51,24.17,1,-1,-1,-1
69,6,588.89,167.90,21.34,19.83,1,-1,-1,-1
70,1,541.43,172.15,40.83,31.33,1,-1,-1,-1
70,3,612.15,168.55,27.87,24.57,1,-1,-1,-1
70,4,523.71,171.00,29.55,22.02,1,-1,-1,-1
70,6,588.13,167.63,21.54,20.14,1,-1,-1,-1
71,1,539.54,172.18,41.91,32.16,1,-1,-1,-1
71,3,612.11,168.32,28.24,24.99,1,-1,-1,-1
71,4,514.93,171.30,32.57,23.93,1,-1,-1,-1
71,6,587.34,167.34,21.74,20.46,1,-1,-1,-1
72,1,537.55,172.21,43.06,33.03,1,-1,-1,-1
72,3,612.07,168.08,28.63,25.42,1,-1,-1,-1
72,4,504.50,171.66,36.25,26.19,1,-1,-1,-1
72,6,586.53,167.05,21.95,20.80,1,-1,-1,-1
73,1,535.45,172.24,44.28,33.95,1,-1,-1,-1
73,3,612.03,167.84,29.02,25.87,1,-1,-1,-1
73,4,491.89,172.10,40.84,28.92,1,-1,-1,-1
73,6,585.70,166.75,22.17,21.14,1,-1,-1,-1
74,1,533.22,172.27,45.58,34.92,1,-1,-1,-1
74,3,611.40,167.28,29.48,26.32,1,-1,-1,-1
74,4,476.33,172.64,46.70,32.30,1,-1,-1,-1
74,6,584.67,166.11,22.67,21.45,1,-1,-1,-1
75,1,530.70,171.28,46.82,35.86,1,-1,-1,-1
75,2,558.62,171.04,30.85,25.05,1,-1,-1,-1
75,3,610.75,166.70,29.95,26.79,1,-1,-1,-1
75,4,456.66,173.33,54.41,36.56,1,-1,-1,-1
75,6,583.62,165.45,23.18,21.77,1,-1,-1,-1
76,1,528.03,170.23,48.14,36.85,1,-1,-1,-1
76,2,556.90,170.93,31.41,25.56,1,-1,-1,-1
76,3,610.08,166.11,30.44,27.28,1,-1,-1,-1
76,4,431.23,173.19,64.93,42.11,1,-1,-1,-1
76,6,582.54,164.78,23.71,22.10,1,-1,-1,-1
77,1,525.22,169.11,49.54,37.90,1,-1,-1,-1
77,2,555.11,170.81,32.00,26.08,1,-1,-1,-1
77,3,609.38,165.49,30.95,27.78,1,-1,-1,-1
77,4,398.33,172.98,78.97,49.59,1,-1,-1,-1
77,6,581.42,164.08,24.26,22.44,1,-1,-1,-1
78,1,522.24,167.94,51.03,39.01,1,-1,-1,-1
78,2,553.25,170.69,32.62,26.62,1,-1,-1,-1
78,3,608.66,164.84,31.48,28.30,1,-1,-1,-1
78,4,351.22,172.68,100.59,60.30,1,-1,-1,-1
78,6,580.27,163.36,24.83,22.79,1,-1,-1,-1
79,1,519.23,170.38,52.53,40.10,1,-1,-1,-1
79,2,551.31,170.56,33.27,27.19,1,-1,-1,-1
79,3,608.20,165.66,31.89,28.74,1,-1,-1,-1
79,4,281.72,176.30,136.92,76.95,1,-1,-1,-1
79,6,579.27,164.30,25.31,23.06,1,-1,-1,-1
80,1,516.52,171.08,53.98,41.19,1,-1,-1,-1
80,2,549.28,170.43,33.95,27.78,1,-1,-1,-1
80,3,607.73,166.50,32.31,29.18,1,-1,-1,-1
80,4,159.15,181.73,208.28,107.26,1,-1,-1,-1
80,6,578.24,165.26,25.81,23.34,1,-1,-1,-1
81,1,513.65,171.83,55.52,42.34,1,-1,-1,-1
81,2,547.61,171.00,34.55,28.29,1,-1,-1,-1
81,3,607.25,167.37,32.75,29.64,1,-1,-1,-1
81,4,0.00,187.59,281.43,168.78,1,-1,-1,-1
81,6,577.18,166.25,26.32,23.62,1,-1,-1,-1
82,1,510.62,172.61,57.16,43.55,1,-1,-1,-1
82,2,545.87,171.61,35.17,28.82,1,-1,-1,-1
82,3,606.75,168.26,33.21,30.12,1,-1,-1,-1
82,6,576.10,167.26,26.84,23.92,1,-1,-1,-1
83,1,507.41,173.44,58.91,44.83,1,-1,-1,-1
83,2,544.06,172.23,35.81,29.37,1,-1,-1,-1
83,3,606.23,169.19,33.67,30.61,1,-1,-1,-1
83,6,575.00,168.30,27.38,24.21,1,-1,-1,-1
84,1,504.01,174.32,60.78,46.20,1,-1,-1,-1
84,2,542.18,172.88,36.49,29.94,1,-1,-1,-1
84,3,605.96,169.31,34.07,31.06,1,-1,-1,-1
84,6,574.32,168.21,27.62,24.46,1,-1,-1,-1
85,1,500.66,174.20,63.06,47.42,1,-1,-1,-1
85,2,540.23,173.55,37.20,30.54,1,-1,-1,-1
85,3,605.68,169.44,34.56,31.52,1,-1,-1,-1
85,6,573.63,168.13,27.87,24.72,1,-1,-1,-1
86,1,497.14,174.08,65.47,48.70,1,-1,-1,-1
86,2,538.50,173.36,38.11,31.09,1,-1,-1,-1
86,3,605.40,169.57,35.08,31.99,1,-1,-1,-1
86,6,572.93,168.04,28.13,24.98,1,-1,-1,-1
87,1,493.41,173.95,68.02,50.06,1,-1,-1,-1
87,2,536.71,173.16,39.05,31.67,1,-1,-1,-1
87,3,605.10,169.71,35.62,32.48,1,-1,-1,-1
87,6,572.21,167.95,28.39,25.24,1,-1,-1,-1
88,1,489.47,173.82,70.72,51.49,1,-1,-1,-1
88,2,534.85,172.95,40.04,32.27,1,-1,-1,-1
88,3,604.80,169.84,36.17,32.99,1,-1,-1,-1
88,6,571.47,167.85,28.66,25.52,1,-1,-1,-1
89,1,485.31,173.67,73.60,53.01,1,-1,-1,-1
89,2,532.91,172.73,41.06,32.89,1,-1,-1,-1
89,3,604.31,169.62,36.60,33.37,1,-1,-1,-1
89,6,569.20,166.94,29.13,25.77,1,-1,-1,-1
90,1,480.71,173.70,76.49,54.55,1,-1,-1,-1
90,2,530.91,172.50,42.13,33.54,1,-1,-1,-1
90,3,603.80,169.40,37.03,33.77,1,-1,-1,-1
90,6,566.89,166.00,29.62,26.03,1,-1,-1,-1
91,1,475.83,173.72,79.58,56.17,1,-1,-1,-1
91,2,529.54,172.21,42.66,34.16,1,-1,-1,-1
91,3,603.28,169.17,37.47,34.17,1,-1,-1,-1
91,6,567.24,166.22,29.91,26.29,1,-1,-1,-1
92,1,472.93,173.72,81.27,57.91,1,-1,-1,-1
92,2,528.13,171.91,43.22,34.80,1,-1,-1,-1
92,3,602.75,168.93,37.93,34.59,1,-1,-1,-1
92,6,567.59,166.44,30.21,26.56,1,-1,-1,-1
93,1,469.84,173.72,83.09,59.77,1,-1,-1,-1
93,2,527.06,172.35,43.76,35.46,1,-1,-1,-1
93,3,602.21,168.69,38.39,35.01,1,-1,-1,-1
93,6,567.95,166.67,30.52,26.84,1,-1,-1,-1
94,1,466.55,173.72,85.03,61.75,1,-1,-1,-1
94,2,525.37,174.21,44.39,36.15,1,-1,-1,-1
94,3,601.96,168.98,38.72,35.30,1,-1,-1,-1
94,6,567.38,167.04,30.74,27.06,1,-1,-1,-1
95,1,462.47,174.59,87.49,63.55,1,-1,-1,-1
95,2,523.40,175.60,45.06,36.87,1,-1,-1,-1
95,3,601.71,169.27,39.04,35.60,1,-1,-1,-1
95,6,566.80,167.41,30.96,27.28,1,-1,-1,-1
96,1,458.15,175.52,90.11,65.46,1,-1,-1,-1
96,2,521.83,175.16,46.11,37.63,1,-1,-1,-1
96,3,601.46,169.56,39.38,35.91,1,-1,-1,-1
96,6,566.21,167.79,31.19,27.51,1,-1,-1,-1
97,1,453.56,176.50,92.92,67.50,1,-1,-1,-1
97,2,519.98,175.51,47.13,38.35,1,-1,-1,-1
97,3,601.20,169.86,39.72,36.21,1,-1,-1,-1
97,6,565.62,168.18,31.43,27.73,1,-1,-1,-1
98,1,448.68,177.55,95.93,69.66,1,-1,-1,-1
98,2,518.26,175.73,48.26,39.19,1,-1,-1,-1
98,3,600.94,170.16,40.06,36.53,1,-1,-1,-1
98,6,565.01,168.57,31.67,27.97,1,-1,-1,-1
99,1,443.47,178.66,99.16,71.96,1,-1,-1,-1
99,2,516.46,175.95,49.44,40.08,1,-1,-1,-1
99,3,600.88,170.47,40.42,36.85,1,-1,-1,-1
99,6,564.72,168.76,31.87,28.24,1,-1,-1,-1
100,1,438.37,179.08,103.47,74.37,1,-1,-1,-1
100,2,514.58,176.19,50.68,41.01,1,-1,-1,-1
100,3,600.82,170.78,40.77,37.17,1,-1,-1,-1
100,6,564.43,168.96,32.08,28.51,1,-1,-1,-1
101,1,432.92,179.42,108.08,77.03,1,-1,-1,-1
101,2,512.61,176.43,51.99,41.98,1,-1,-1,-1
101,3,600.77,171.10,41.14,37.51,1,-1,-1,-1
101,6,564.13,169.16,32.29,28.79,1,-1,-1,-1
102,1,427.08,179.78,113.03,79.90,1,-1,-1,-1
102,2,510.54,176.69,53.36,42.99,1,-1,-1,-1
102,3,600.71,171.42,41.51,37.84,1,-1,-1,-1
102,6,563.83,169.37,32.50,29.08,1,-1,-1,-1
103,1,420.81,180.16,118.37,82.99,1,-1,-1,-1
103,2,507.78,177.35,55.70,43.74,1,-1,-1,-1
103,3,600.65,171.74,41.89,38.19,1,-1,-1,-1
103,6,563.52,169.58,32.72,29.37,1,-1,-1,-1
104,1,414.06,180.56,124.13,86.33,1,-1,-1,-1
104,2,504.93,178.02,58.13,44.51,1,-1,-1,-1
104,3,600.59,172.08,42.27,38.54,1,-1,-1,-1
104,6,563.07,168.81,33.00,29.66,1,-1,-1,-1
105,1,407.94,180.54,128.52,89.13,1,-1,-1,-1
105,2,502.58,177.06,59.66,45.38,1,-1,-1,-1
105,3,600.26,171.10,42.56,38.80,1,-1,-1,-1
105,6,562.61,168.03,33.29,29.95,1,-1,-1,-1
106,1,401.40,180.51,133.24,92.13,1,-1,-1,-1
106,2,500.14,176.06,61.26,46.29,1,-1,-1,-1
106,3,599.93,170.10,42.86,39.07,1,-1,-1,-1
106,6,562.15,167.24,33.58,30.25,1,-1,-1,-1
107,1,394.96,178.14,137.93,94.60,1,-1,-1,-1
107,2,497.59,175.01,62.93,47.23,1,-1,-1,-1
107,3,599.59,169.10,43.16,39.35,1,-1,-1,-1
107,6,561.67,166.42,33.87,30.55,1,-1,-1,-1
108,1,387.46,177.73,143.41,98.03,1,-1,-1,-1
108,2,495.62,174.88,63.99,48.08,1,-1,-1,-1
108,3,599.25,168.07,43.46,39.63,1,-1,-1,-1
108,6,561.18,165.60,34.18,30.86,1,-1,-1,-1
109,1,379.40,177.28,149.34,101.71,1,-1,-1,-1
109,2,493.57,174.73,65.10,48.96,1,-1,-1,-1
109,3,598.90,167.04,43.76,39.91,1,-1,-1,-1
109,6,560.45,165.38,34.48,31.18,1,-1,-1,-1
110,1,370.72,176.81,155.79,105.69,1,-1,-1,-1
110,2,491.45,174.59,66.26,49.87,1,-1,-1,-1
110,3,598.52,166.96,44.07,40.19,1,-1,-1,-1
110,6,559.71,165.15,34.80,31.49,1,-1,-1,-1
111,1,362.73,177.44,161.65,109.40,1,-1,-1,-1
111,2,489.24,174.43,67.46,50.82,1,-1,-1,-1
111,3,598.13,166.88,44.39,40.48,1,-1,-1,-1
111,6,558.94,164.92,35.12,31.82,1,-1,-1,-1
112,1,354.16,178.12,167.98,113.38,1,-1,-1,-1
112,2,486.95,174.28,68.72,51.81,1,-1,-1,-1
112,3,597.74,166.79,44.71,40.77,1,-1,-1,-1
112,6,558.16,164.69,35.45,32.15,1,-1,-1,-1
113,1,344.95,178.86,174.84,117.67,1,-1,-1,-1
113,2,484.85,174.19,69.55,52.70,1,-1,-1,-1
113,3,597.34,166.71,45.03,41.07,1,-1,-1,-1
113,6,557.37,164.45,35.78,32.49,1,-1,-1,-1
114,1,335.00,179.47,182.30,122.46,1,-1,-1,-1
114,2,482.68,174.10,70.42,53.62,1,-1,-1,-1
114,3,596.94,166.62,45.36,41.37,1,-1,-1,-1
114,6,556.82,164.68,36.13,32.78,1,-1,-1,-1
115,1,324.25,180.04,190.44,127.74,1,-1,-1,-1
115,2,480.43,174.01,71.32,54.58,1,-1,-1,-1
115,3,596.77,166.67,45.70,41.67,1,-1,-1,-1
115,6,556.25,164.91,36.48,33.08,1,-1,-1,-1
116,1,315.40,180.69,196.88,132.23,1,-1,-1,-1
116,2,478.10,173.91,72.26,55.57,1,-1,-1,-1
116,3,596.61,166.71,46.04,41.98,1,-1,-1,-1
116,6,555.68,165.14,36.84,33.39,1,-1,-1,-1
117,1,305.96,181.36,203.81,137.04,1,-1,-1,-1
117,2,475.68,173.81,73.25,56.60,1,-1,-1,-1
117,3,596.44,166.75,46.38,42.30,1,-1,-1,-1
117,6,555.10,165.38,37.20,33.70,1,-1,-1,-1
118,1,295.85,182.06,211.29,142.21,1,-1,-1,-1
118,2,473.78,174.21,76.94,57.24,1,-1,-1,-1
118,3,596.27,166.80,46.73,42.62,1,-1,-1,-1
118,6,554.50,165.62,37.57,34.01,1,-1,-1,-1
119,1,285.01,182.79,219.38,147.77,1,-1,-1,-1
119,2,471.72,174.64,78.04,57.95,1,-1,-1,-1
119,3,596.10,166.84,47.08,42.94,1,-1,-1,-1
119,6,554.01,165.19,37.95,34.25,1,-1,-1,-1
120,1,273.35,183.55,228.15,153.76,1,-1,-1,-1
120,2,469.61,175.07,79.17,58.68,1,-1,-1,-1
120,3,595.50,166.89,47.44,43.27,1,-1,-1,-1
120,6,553.50,164.76,38.32,34.48,1,-1,-1,-1
121,1,265.37,182.73,234.78,156.53,1,-1,-1,-1
121,2,467.44,175.52,80.33,59.43,1,-1,-1,-1
121,3,594.90,166.94,47.81,43.60,1,-1,-1,-1
121,6,552.99,164.31,38.71,34.72,1,-1,-1,-1
122,1,257.05,181.88,241.71,159.41,1,-1,-1,-1
122,2,465.22,175.98,81.52,60.20,1,-1,-1,-1
122,3,594.28,167.00,48.18,43.94,1,-1,-1,-1
122,6,552.48,163.87,39.09,34.96,1,-1,-1,-1
123,1,248.37,181.00,248.96,162.40,1,-1,-1,-1
123,2,463.34,175.94,82.38,60.79,1,-1,-1,-1
123,3,593.65,167.05,48.55,44.28,1,-1,-1,-1
123,6,551.95,163.41,39.49,35.20,1,-1,-1,-1
124,1,239.30,180.10,256.56,165.50,1,-1,-1,-1
124,2,461.44,175.90,83.26,61.39,1,-1,-1,-1
124,3,593.10,167.15,48.84,44.55,1,-1,-1,-1
124,6,551.06,163.38,39.87,35.36,1,-1,-1,-1
125,1,233.55,181.00,260.54,168.50,1,-1,-1,-1
125,2,459.49,175.86,84.16,62.01,1,-1,-1,-1
125,3,592.53,167.25,49.13,44.81,1,-1,-1,-1
125,6,550.16,163.35,40.26,35.52,1,-1,-1,-1
126,1,227.62,181.92,264.65,171.60,1,-1,-1,-1
126,2,457.50,175.81,85.09,62.63,1,-1,-1,-1
126,3,591.97,167.35,49.43,45.08,1,-1,-1,-1
126,6,549.26,163.32,40.65,35.68,1,-1,-1,-1
127,1,221.51,182.85,268.90,174.81,1,-1,-1,-1
127,2,455.48,175.77,86.03,63.27,1,-1,-1,-1
127,3,591.39,167.45,49.73,45.36,1,-1,-1,-1
127,6,548.34,163.28,41.04,35.85,1,-1,-1,-1
128,1,215.22,183.80,273.32,178.13,1,-1,-1,-1
128,2,453.92,176.25,86.66,63.69,1,-1,-1,-1
128,3,590.81,167.56,50.03,45.63,1,-1,-1,-1
128,6,547.42,163.25,41.44,36.01,1,-1,-1,-1
129,1,208.73,184.77,277.89,181.56,1,-1,-1,-1
129,2,452.34,176.73,87.29,64.12,1,-1,-1,-1
129,3,590.24,168.11,50.37,45.95,1,-1,-1,-1
129,6,546.62,163.94,41.53,36.13,1,-1,-1,-1
130,1,202.03,185.75,282.64,185.12,1,-1,-1,-1
130,2,450.74,177.22,87.93,64.55,1,-1,-1,-1
130,3,589.37,168.67,50.67,46.22,1,-1,-1,-1
130,6,545.80,164.63,41.63,36.25,1,-1,-1,-1
131,1,195.12,186.75,287.56,186.25,1,-1,-1,-1
131,2,449.12,177.72,88.59,64.99,1,-1,-1,-1
131,3,588.50,169.23,50.97,46.49,1,-1,-1,-1
131,6,544.99,165.32,41.72,36.38,1,-1,-1,-1
132,1,187.98,187.78,292.67,185.22,1,-1,-1,-1
132,2,447.47,178.23,89.25,65.43,1,-1,-1,-1
132,3,587.62,169.81,51.27,46.77,1,-1,-1,-1
132,6,544.16,166.02,41.82,36.50,1,-1,-1,-1
133,1,180.60,188.82,297.99,184.18,1,-1,-1,-1
133,2,445.71,178.41,89.94,65.88,1,-1,-1,-1
133,3,586.72,170.38,51.58,47.04,1,-1,-1,-1
133,6,543.34,166.73,41.91,36.63,1,-1,-1,-1
134,1,172.97,189.88,303.51,183.12,1,-1,-1,-1
134,2,443.92,178.59,90.65,66.34,1,-1,-1,-1
134,3,586.18,170.43,51.86,47.30,1,-1,-1,-1
134,6,542.68,166.82,42.00,36.76,1,-1,-1,-1
135,1,160.54,189.88,314.53,183.12,1,-1,-1,-1
135,2,442.11,178.77,91.37,66.80,1,-1,-1,-1
135,3,585.63,170.49,52.14,47.55,1,-1,-1,-1
135,6,542.01,166.92,42.09,36.90,1,-1,-1,-1
136,1,150.56,189.85,322.44,183.15,1,-1,-1,-1
136,2,440.28,178.96,92.10,67.27,1,-1,-1,-1
136,3,585.07,170.54,52.42,47.81,1,-1,-1,-1
136,6,541.34,167.01,42.18,37.04,1,-1,-1,-1
137,1,140.18,189.82,330.70,183.18,1,-1,-1,-1
137,2,438.42,179.15,92.84,67.74,1,-1,-1,-1
137,3,584.51,170.59,52.70,48.07,1,-1,-1,-1
137,6,540.67,167.11,42.28,37.18,1,-1,-1,-1
138,1,129.37,189.78,339.34,183.22,1,-1,-1,-1
138,2,436.53,179.32,93.60,68.25,1,-1,-1,-1
138,3,583.94,170.64,52.99,48.33,1,-1,-1,-1
138,6,539.99,167.21,42.37,37.32,1,-1,-1,-1
139,1,118.11,189.75,348.39,183.25,1,-1,-1,-1
139,2,434.61,179.48,94.37,68.77,1,-1,-1,-1
139,3,583.50,170.69,53.28,48.60,1,-1,-1,-1
139,6,539.35,167.30,42.58,37.46,1,-1,-1,-1
140,1,106.36,189.71,357.87,183.29,1,-1,-1,-1
140,2,432.67,179.64,95.16,69.30,1,-1,-1,-1
140,3,583.06,170.73,53.58,48.87,1,-1,-1,-1
140,6,538.72,167.40,42.78,37.59,1,-1,-1,-1
141,1,94.09,189.67,367.81,183.33,1,-1,-1,-1
141,2,430.70,179.81,95.96,69.84,1,-1,-1,-1
141,3,582.61,170.78,53.88,49.14,1,-1,-1,-1
141,6,538.08,167.50,42.99,37.73,1,-1,-1,-1
142,1,81.28,189.63,378.25,183.37,1,-1,-1,-1
142,2,428.70,179.97,96.77,70.39,1,-1,-1,-1
142,3,582.16,170.82,54.18,49.41,1,-1,-1,-1
142,6,537.43,167.59,43.20,37.87,1,-1,-1,-1
143,1,67.87,189.59,389.21,183.41,1,-1,-1,-1
143,2,426.89,180.13,97.58,70.86,1,-1,-1,-1
143,3,581.70,170.87,54.48,49.69,1,-1,-1,-1
143,6,536.78,167.69,43.41,38.01,1,-1,-1,-1
144,1,53.83,189.55,400.75,183.45,1,-1,-1,-1
144,2,425.54,179.84,98.31,71.23,1,-1,-1,-1
144,3,581.47,170.76,54.72,49.91,1,-1,-1,-1
144,6,536.29,168.07,43.56,38.15,1,-1,-1,-1
145,1,39.12,189.51,412.90,183.49,1,-1,-1,-1
145,2,424.18,179.54,99.05,71.60,1,-1,-1,-1
145,3,581.23,170.65,54.96,50.13,1,-1,-1,-1
145,6,535.79,168.45,43.71,38.28,1,-1,-1,-1
146,1,21.93,189.51,427.22,183.49,1,-1,-1,-1
146,2,422.79,179.24,99.80,71.99,1,-1,-1,-1
146,3,581.00,170.53,55.21,50.36,1,-1,-1,-1
146,6,535.29,168.83,43.87,38.42,1,-1,-1,-1
146,7,501.01,172.93,33.82,20.41,1,-1,-1,-1
147,1,3.77,189.50,442.43,183.50,1,-1,-1,-1
147,2,421.39,178.87,100.56,72.44,1,-1,-1,-1
147,3,580.76,170.42,55.45,50.58,1,-1,-1,-1
147,6,534.79,169.21,44.02,38.56,1,-1,-1,-1
147,7,495.91,173.14,35.43,21.36,1,-1,-1,-1
148,1,0.00,189.49,443.15,183.51,1,-1,-1,-1
148,2,420.60,179.44,101.05,72.80,1,-1,-1,-1
148,3,580.52,170.30,55.70,50.81,1,-1,-1,-1
148,6,534.28,169.60,44.18,38.70,1,-1,-1,-1
148,7,490.31,173.38,37.23,22.40,1,-1,-1,-1
149,1,0.00,189.48,440.02,183.52,1,-1,-1,-1
149,2,419.80,179.94,101.54,73.23,1,-1,-1,-1
149,3,580.37,170.18,55.79,50.88,1,-1,-1,-1
149,6,534.07,169.52,44.32,38.83,1,-1,-1,-1
149,7,484.13,173.64,39.24,23.54,1,-1,-1,-1
150,1,0.00,189.48,436.80,183.52,1,-1,-1,-1
150,2,418.99,180.45,102.04,73.67,1,-1,-1,-1
150,3,580.22,170.06,55.87,50.96,1,-1,-1,-1
150,6,533.86,169.43,44.46,38.97,1,-1,-1,-1
150,7,477.29,173.93,41.52,24.81,1,-1,-1,-1
151,1,0.00,189.33,434.58,183.67,1,-1,-1,-1
151,2,418.70,180.09,102.44,73.91,1,-1,-1,-1
151,3,580.07,169.93,55.95,51.03,1,-1,-1,-1
151,6,533.65,169.34,44.60,39.11,1,-1,-1,-1
151,7,469.68,174.26,44.10,26.22,1,-1,-1,-1
152,1,0.00,189.18,432.33,183.82,1,-1,-1,-1
152,2,418.01,180.23,102.92,74.27,1,-1,-1,-1
152,3,579.92,169.81,56.03,51.11,1,-1,-1,-1
152,6,533.44,169.26,44.74,39.25,1,-1,-1,-1
152,7,461.95,174.60,46.89,27.74,1,-1,-1,-1
153,1,0.00,189.02,430.03,183.98,1,-1,-1,-1
153,2,417.78,179.70,103.29,74.44,1,-1,-1,-1
153,3,579.77,169.69,56.12,51.19,1,-1,-1,-1
153,6,533.23,169.17,44.89,39.39,1,-1,-1,-1
153,7,453.26,174.98,50.09,29.45,1,-1,-1,-1
154,1,0.00,188.86,427.69,184.14,1,-1,-1,-1
154,2,417.56,179.82,103.66,74.78,1,-1,-1,-1
154,3,580.11,170.09,56.19,51.25,1,-1,-1,-1
154,6,533.17,169.68,45.20,39.55,1,-1,-1,-1
154,7,443.43,175.41,53.80,31.39,1,-1,-1,-1
155,1,0.00,188.70,425.31,184.30,1,-1,-1,-1
155,2,417.34,180.63,104.03,75.28,1,-1,-1,-1
155,3,580.44,170.49,56.25,51.31,1,-1,-1,-1
155,6,533.11,170.20,45.51,39.72,1,-1,-1,-1
155,7,432.22,175.90,58.13,33.61,1,-1,-1,-1
156,1,0.00,189.13,424.73,183.87,1,-1,-1,-1
156,2,417.08,178.72,104.41,75.26,1,-1,-1,-1
156,3,580.78,170.90,56.32,51.37,1,-1,-1,-1
156,6,533.05,170.72,45.82,39.88,1,-1,-1,-1
156,7,419.31,176.47,63.26,36.15,1,-1,-1,-1
157,1,0.00,189.55,424.15,183.45,1,-1,-1,-1
157,2,416.88,180.90,104.78,75.98,1,-1,-1,-1
157,3,581.11,171.31,56.39,51.43,1,-1,-1,-1
157,6,532.99,171.24,46.13,40.05,1,-1,-1,-1
157,7,404.14,177.73,69.88,39.13,1,-1,-1,-1
158,1,0.00,189.99,423.56,183.01,1,-1,-1,-1
158,2,416.62,179.31,105.16,75.90,1,-1,-1,-1
158,3,581.45,171.71,56.46,51.50,1,-1,-1,-1
158,6,532.94,171.77,46.45,40.22,1,-1,-1,-1
158,7,386.24,179.21,77.93,42.64,1,-1,-1,-1
159,1,0.00,190.42,422.96,182.58,1,-1,-1,-1
159,2,416.42,181.85,105.54,76.85,1,-1,-1,-1
159,3,581.79,172.12,56.53,51.56,1,-1,-1,-1
159,6,533.20,172.11,46.48,40.38,1,-1,-1,-1
159,7,364.82,180.75,87.86,47.09,1,-1,-1,-1
160,1,0.00,190.87,422.35,182.13,1,-1,-1,-1
160,2,416.17,180.78,105.93,76.90,1,-1,-1,-1
160,3,582.13,172.53,56.60,51.62,1,-1,-1,-1
160,6,533.46,172.46,46.51,40.55,1,-1,-1,-1
160,7,338.71,182.51,100.42,52.62,1,-1,-1,-1
160,8,506.80,168.75,33.84,25.26,1,-1,-1,-1
161,1,0.00,191.29,422.00,181.71,1,-1,-1,-1
161,2,415.93,181.07,106.32,77.30,1,-1,-1,-1
161,3,582.48,172.91,56.65,51.67,1,-1,-1,-1
161,6,533.72,172.81,46.53,40.72,1,-1,-1,-1
161,7,306.19,184.63,116.69,59.59,1,-1,-1,-1
161,8,501.51,169.11,35.75,26.45,1,-1,-1,-1
162,1,0.00,191.71,421.65,181.29,1,-1,-1,-1
162,2,415.69,181.38,106.71,77.71,1,-1,-1,-1
162,3,582.83,173.28,56.70,51.71,1,-1,-1,-1
162,6,533.99,173.17,46.56,40.90,1,-1,-1,-1
162,7,264.47,186.03,138.61,68.42,1,-1,-1,-1
162,8,495.70,169.51,37.89,27.76,1,-1,-1,-1
163,1,0.00,192.61,420.37,180.39,1,-1,-1,-1
163,2,415.40,182.06,107.38,78.15,1,-1,-1,-1
163,3,583.19,173.66,56.74,51.75,1,-1,-1,-1
163,6,534.26,173.53,46.58,41.07,1,-1,-1,-1
163,7,208.96,187.78,169.36,80.28,1,-1,-1,-1
163,8,489.28,169.95,40.28,29.21,1,-1,-1,-1
164,1,0.00,193.53,419.07,179.47,1,-1,-1,-1
164,2,415.10,182.75,108.05,78.59,1,-1,-1,-1
164,3,583.63,174.34,56.92,51.91,1,-1,-1,-1
164,6,533.82,173.63,47.19,41.30,1,-1,-1,-1
164,7,131.46,190.04,214.98,97.02,1,-1,-1,-1
164,8,482.15,170.43,42.97,30.81,1,-1,-1,-1
165,1,0.00,194.46,417.76,178.54,1,-1,-1,-1
165,2,414.81,183.43,108.73,79.04,1,-1,-1,-1
165,3,584.07,175.02,57.09,52.07,1,-1,-1,-1
165,6,533.38,173.74,47.80,41.53,1,-1,-1,-1
165,7,15.69,193.05,288.20,122.40,1,-1,-1,-1
165,8,474.19,170.97,46.03,32.60,1,-1,-1,-1
166,1,0.00,195.40,416.43,177.60,1,-1,-1,-1
166,2,414.51,184.13,109.41,79.49,1,-1,-1,-1
166,3,584.51,175.70,57.27,52.23,1,-1,-1,-1
166,6,532.94,173.85,48.42,41.76,1,-1,-1,-1
166,7,0.00,197.27,244.21,162.85,1,-1,-1,-1
166,8,466.07,171.36,49.12,34.64,1,-1,-1,-1
167,1,0.00,196.35,415.08,176.65,1,-1,-1,-1
167,2,414.21,184.82,110.09,79.94,1,-1,-1,-1
167,3,584.96,176.39,57.44,52.39,1,-1,-1,-1
167,6,532.49,173.96,49.05,42.00,1,-1,-1,-1
167,8,456.86,171.80,52.69,36.95,1,-1,-1,-1
168,1,0.00,192.72,414.09,180.28,1,-1,-1,-1
168,2,413.72,184.37,110.42,80.36,1,-1,-1,-1
168,3,585.42,176.31,57.67,52.59,1,-1,-1,-1
168,6,532.04,174.07,49.68,42.23,1,-1,-1,-1
168,8,446.33,172.30,56.88,39.60,1,-1,-1,-1
168,9,496.58,175.92,34.94,24.10,1,-1,-1,-1
169,1,0.00,196.04,413.16,176.96,1,-1,-1,-1
169,2,413.22,183.92,110.75,80.78,1,-1,-1,-1
169,3,585.89,176.22,57.90,52.80,1,-1,-1,-1
169,6,531.82,173.49,49.89,42.53,1,-1,-1,-1
169,8,434.17,172.88,61.84,42.65,1,-1,-1,-1
169,9,490.23,176.13,37.29,25.43,1,-1,-1,-1
170,1,0.00,196.40,412.18,176.60,1,-1,-1,-1
170,2,412.72,183.46,111.08,81.20,1,-1,-1,-1
170,3,586.35,176.13,58.13,53.01,1,-1,-1,-1
170,6,531.59,172.90,50.09,42.83,1,-1,-1,-1
170,8,419.98,173.56,67.81,46.21,1,-1,-1,-1
170,9,483.15,176.36,39.96,26.91,1,-1,-1,-1
171,1,0.00,194.18,411.16,178.82,1,-1,-1,-1
171,2,412.21,182.99,111.42,81.63,1,-1,-1,-1
171,3,586.83,176.04,58.36,53.22,1,-1,-1,-1
171,6,531.36,172.31,50.31,43.14,1,-1,-1,-1
171,8,402.49,173.24,75.78,50.47,1,-1,-1,-1
171,9,475.19,176.62,43.03,28.58,1,-1,-1,-1
172,1,0.00,194.66,410.14,178.34,1,-1,-1,-1
172,2,411.70,182.53,111.77,82.06,1,-1,-1,-1
172,3,587.36,175.97,58.58,53.41,1,-1,-1,-1
172,6,531.13,171.70,50.52,43.45,1,-1,-1,-1
172,8,381.44,172.86,85.69,55.59,1,-1,-1,-1
172,9,466.17,176.91,46.58,30.47,1,-1,-1,-1
173,1,0.00,195.86,409.11,177.14,1,-1,-1,-1
173,2,410.40,182.42,112.97,82.59,1,-1,-1,-1
173,3,587.91,175.90,58.79,53.61,1,-1,-1,-1
173,6,530.90,171.09,50.74,43.76,1,-1,-1,-1
173,8,355.64,172.39,98.29,61.87,1,-1,-1,-1
173,9,456.36,176.97,50.42,32.45,1,-1,-1,-1
174,1,0.00,193.46,408.02,179.54,1,-1,-1,-1
174,2,409.10,182.32,114.20,83.12,1,-1,-1,-1
174,3,588.45,175.83,59.01,53.81,1,-1,-1,-1
174,6,530.68,171.15,50.75,44.01,1,-1,-1,-1
174,8,323.28,171.80,114.77,69.74,1,-1,-1,-1
174,9,445.18,177.04,54.90,34.71,1,-1,-1,-1
175,1,0.00,195.29,406.95,177.71,1,-1,-1,-1
175,2,407.77,182.21,115.43,83.66,1,-1,-1,-1
175,3,589.01,175.76,59.23,54.01,1,-1,-1,-1
175,6,530.46,171.20,50.76,44.26,1,-1,-1,-1
175,8,281.46,171.04,137.11,79.92,1,-1,-1,-1
175,9,432.34,177.12,60.19,37.30,1,-1,-1,-1
176,1,0.00,195.82,405.46,177.18,1,-1,-1,-1
176,2,406.43,182.10,116.69,84.21,1,-1,-1,-1
176,3,589.56,175.69,59.46,54.22,1,-1,-1,-1
176,6,530.23,171.26,50.77,44.51,1,-1,-1,-1
176,8,227.79,170.42,167.52,93.18,1,-1,-1,-1
176,9,417.42,177.21,66.51,40.31,1,-1,-1,-1
177,1,0.00,194.70,403.92,178.30,1,-1,-1,-1
177,2,405.06,181.99,117.96,84.77,1,-1,-1,-1
177,3,589.47,175.60,59.47,54.23,1,-1,-1,-1
177,6,530.01,171.32,50.79,44.76,1,-1,-1,-1
177,8,152.74,169.56,212.72,111.74,1,-1,-1,-1
177,9,399.87,177.32,74.18,43.85,1,-1,-1,-1
178,1,0.00,193.01,402.34,179.99,1,-1,-1,-1
178,2,403.19,182.28,118.54,85.40,1,-1,-1,-1
178,3,589.39,175.50,59.49,54.25,1,-1,-1,-1
178,6,529.78,171.38,50.80,45.02,1,-1,-1,-1
178,8,40.36,168.27,285.37,139.51,1,-1,-1,-1
178,9,378.44,178.66,83.87,48.23,1,-1,-1,-1
179,1,0.00,195.64,400.79,177.36,1,-1,-1,-1
179,2,401.29,182.58,119.13,86.05,1,-1,-1,-1
179,3,589.30,175.41,59.51,54.27,1,-1,-1,-1
179,6,528.88,172.21,51.00,45.18,1,-1,-1,-1
179,8,0.00,166.12,270.28,184.35,1,-1,-1,-1
179,9,352.24,180.11,96.21,53.77,1,-1,-1,-1
180,1,0.00,192.41,399.14,180.59,1,-1,-1,-1
180,2,399.37,182.88,119.73,86.70,1,-1,-1,-1
180,3,589.22,175.32,59.53,54.29,1,-1,-1,-1
180,6,527.98,173.04,51.21,45.35,1,-1,-1,-1
180,8,0.00,166.75,187.41,198.71,1,-1,-1,-1
180,9,319.49,181.72,112.34,60.90,1,-1,-1,-1
181,1,0.00,195.28,397.53,177.72,1,-1,-1,-1
181,2,397.42,183.18,120.34,87.37,1,-1,-1,-1
181,3,589.13,175.22,59.55,54.30,1,-1,-1,-1
181,6,527.07,173.88,51.42,45.51,1,-1,-1,-1
181,8,0.00,174.49,160.95,198.51,1,-1,-1,-1
181,9,277.40,183.68,134.17,70.17,1,-1,-1,-1
182,1,0.00,194.90,395.85,178.10,1,-1,-1,-1
182,2,395.45,183.48,120.96,88.04,1,-1,-1,-1
182,3,589.08,175.70,59.30,54.08,1,-1,-1,-1
182,6,526.15,174.73,51.64,45.68,1,-1,-1,-1
182,8,0.00,181.60,130.87,191.40,1,-1,-1,-1
182,9,221.27,186.13,165.02,82.70,1,-1,-1,-1
183,1,0.00,200.05,394.13,172.95,1,-1,-1,-1
183,2,393.25,185.78,122.17,89.42,1,-1,-1,-1
183,3,588.32,176.23,60.36,55.05,1,-1,-1,-1
183,6,525.22,175.58,51.85,45.85,1,-1,-1,-1
183,9,146.15,187.26,209.85,99.49,1,-1,-1,-1
184,1,0.00,200.75,391.30,172.25,1,-1,-1,-1
184,2,391.00,187.05,123.41,90.52,1,-1,-1,-1
184,3,588.99,176.65,58.82,53.64,1,-1,-1,-1
184,6,524.28,174.94,52.16,45.90,1,-1,-1,-1
184,9,34.07,188.76,281.81,124.71,1,-1,-1,-1
185,1,0.00,200.33,388.39,172.67,1,-1,-1,-1
185,2,388.68,186.22,124.68,91.02,1,-1,-1,-1
185,3,588.95,177.12,58.58,53.42,1,-1,-1,-1
185,6,523.33,174.30,52.47,45.96,1,-1,-1,-1
185,9,0.00,190.83,260.25,165.20,1,-1,-1,-1
186,1,0.00,198.33,385.41,174.67,1,-1,-1,-1
186,2,386.33,185.86,125.97,91.68,1,-1,-1,-1
186,3,588.91,177.59,58.35,53.21,1,-1,-1,-1
186,6,522.38,173.66,52.77,46.02,1,-1,-1,-1
186,9,0.00,193.90,177.95,170.46,1,-1,-1,-1
187,1,0.00,199.23,382.34,173.77,1,-1,-1,-1
187,2,383.92,184.66,127.29,92.09,1,-1,-1,-1
187,3,588.76,176.44,58.04,52.93,1,-1,-1,-1
187,6,521.43,173.02,53.08,46.08,1,-1,-1,-1
188,1,0.00,200.57,379.20,172.43,1,-1,-1,-1
188,2,381.93,184.13,128.34,92.54,1,-1,-1,-1
188,3,588.62,175.31,57.73,52.65,1,-1,-1,-1
188,6,520.48,172.37,53.39,46.14,1,-1,-1,-1
189,1,0.00,200.26,375.96,172.74,1,-1,-1,-1
189,2,379.90,182.73,129.41,92.73,1,-1,-1,-1
189,3,588.48,174.19,57.43,52.38,1,-1,-1,-1
189,6,520.11,172.17,53.43,46.07,1,-1,-1,-1
190,1,0.00,200.00,372.64,173.00,1,-1,-1,-1
190,2,377.87,182.97,130.50,93.42,1,-1,-1,-1
190,3,588.35,173.07,57.14,52.11,1,-1,-1,-1
190,6,519.75,171.96,53.47,46.00,1,-1,-1,-1
191,1,0.00,201.67,369.23,171.33,1,-1,-1,-1
191,2,375.81,183.23,131.60,94.12,1,-1,-1,-1
191,3,588.21,171.98,56.84,51.84,1,-1,-1,-1
191,6,519.38,171.76,53.51,45.92,1,-1,-1,-1
192,1,0.00,200.27,365.71,172.73,1,-1,-1,-1
192,2,373.72,183.07,132.71,94.70,1,-1,-1,-1
192,3,588.11,171.35,56.46,51.50,1,-1,-1,-1
192,6,519.02,171.56,53.54,45.85,1,-1,-1,-1
193,1,0.00,200.69,362.10,172.31,1,-1,-1,-1
193,2,372.13,182.28,133.50,94.88,1,-1,-1,-1
193,3,588.01,170.74,56.08,51.16,1,-1,-1,-1
193,6,518.66,171.36,53.58,45.78,1,-1,-1,-1
193,11,482.96,174.18,41.50,27.23,1,-1,-1,-1
194,1,0.00,200.43,361.97,172.57,1,-1,-1,-1
194,2,370.51,181.26,134.30,95.00,1,-1,-1,-1
194,3,587.92,170.13,55.71,50.82,1,-1,-1,-1
194,6,519.00,170.90,53.06,45.49,1,-1,-1,-1
194,11,473.79,174.45,44.75,28.94,1,-1,-1,-1
195,1,0.00,202.73,361.84,170.27,1,-1,-1,-1
195,2,368.92,183.19,135.09,96.03,1,-1,-1,-1
195,3,587.82,169.53,55.35,50.49,1,-1,-1,-1
195,6,519.33,170.45,52.53,45.20,1,-1,-1,-1
195,11,463.38,174.76,48.51,30.89,1,-1,-1,-1
196,1,0.00,202.67,361.72,170.33,1,-1,-1,-1
196,2,367.29,182.79,135.90,96.35,1,-1,-1,-1
196,3,587.73,168.94,54.99,50.16,1,-1,-1,-1
196,6,519.66,170.00,52.02,44.91,1,-1,-1,-1
196,11,453.00,175.07,52.40,33.04,1,-1,-1,-1
197,1,0.00,200.41,361.59,172.59,1,-1,-1,-1
197,2,365.63,181.69,136.73,96.45,1,-1,-1,-1
197,3,588.03,168.60,54.61,49.81,1,-1,-1,-1
197,6,519.98,169.57,51.51,44.63,1,-1,-1,-1
197,11,441.07,175.43,56.98,35.50,1,-1,-1,-1
198,1,0.00,200.13,361.47,172.87,1,-1,-1,-1
198,2,365.54,181.23,136.50,96.11,1,-1,-1,-1
198,3,588.33,168.26,54.23,49.47,1,-1,-1,-1
198,6,520.30,169.13,51.01,44.35,1,-1,-1,-1
198,11,427.21,175.84,62.46,38.36,1,-1,-1,-1
199,1,0.00,201.59,361.35,171.41,1,-1,-1,-1
199,2,365.47,181.96,136.26,96.15,1,-1,-1,-1
199,3,588.26,169.19,53.86,49.13,1,-1,-1,-1
199,6,521.06,169.58,50.76,43.85,1,-1,-1,-1
199,11,410.93,176.33,69.12,41.72,1,-1,-1,-1
200,1,0.00,205.50,361.22,167.50,1,-1,-1,-1
200,2,365.36,180.71,136.04,95.58,1,-1,-1,-1
200,3,588.19,170.10,53.49,48.79,1,-1,-1,-1
200,6,521.81,170.02,50.51,43.36,1,-1,-1,-1
200,11,391.51,176.91,77.34,45.73,1,-1,-1,-1
201,1,0.00,202.11,364.26,170.89,1,-1,-1,-1
201,2,365.33,183.62,135.80,96.30,1,-1,-1,-1
201,3,588.12,171.00,53.13,48.46,1,-1,-1,-1
201,6,522.54,170.45,50.27,42.88,1,-1,-1,-1
201,11,369.16,178.21,87.52,50.50,1,-1,-1,-1
202,1,0.00,202.25,366.17,170.75,1,-1,-1,-1
202,2,365.24,183.35,135.57,96.03,1,-1,-1,-1
202,3,588.06,171.89,52.77,48.13,1,-1,-1,-1
202,6,523.25,170.87,50.04,42.42,1,-1,-1,-1
202,11,341.59,179.70,100.60,56.51,1,-1,-1,-1
203,1,0.00,202.77,369.17,170.23,1,-1,-1,-1
203,2,366.22,184.15,134.63,95.67,1,-1,-1,-1
203,3,587.99,172.76,52.42,47.81,1,-1,-1,-1
203,6,523.95,171.28,49.81,41.96,1,-1,-1,-1
203,11,306.72,181.31,117.92,64.38,1,-1,-1,-1
204,1,0.00,201.91,370.89,171.09,1,-1,-1,-1
204,2,367.16,183.72,133.71,94.93,1,-1,-1,-1
204,3,588.04,172.20,51.97,47.40,1,-1,-1,-1
204,6,524.95,171.06,49.13,41.31,1,-1,-1,-1
204,11,261.24,183.29,141.75,74.76,1,-1,-1,-1
205,1,0.00,201.02,372.11,171.98,1,-1,-1,-1
205,2,368.10,183.30,132.81,94.21,1,-1,-1,-1
205,3,588.10,171.65,51.53,47.00,1,-1,-1,-1
205,6,525.93,170.84,48.48,40.68,1,-1,-1,-1
205,11,199.39,185.81,176.17,89.07,1,-1,-1,-1
206,1,0.00,199.07,375.97,173.93,1,-1,-1,-1
206,2,369.02,182.71,131.92,93.45,1,-1,-1,-1
206,3,588.15,171.10,51.10,46.61,1,-1,-1,-1
206,6,526.87,170.63,47.84,40.07,1,-1,-1,-1
206,11,113.49,188.13,227.49,108.73,1,-1,-1,-1
207,1,0.00,200.82,378.40,172.18,1,-1,-1,-1
207,2,369.95,183.35,131.03,93.07,1,-1,-1,-1
207,3,588.19,170.57,50.67,46.22,1,-1,-1,-1
207,6,527.79,170.43,47.23,39.47,1,-1,-1,-1
207,11,0.00,191.27,294.42,139.11,1,-1,-1,-1
208,1,0.00,200.14,381.68,172.86,1,-1,-1,-1
208,2,372.21,182.71,129.25,91.76,1,-1,-1,-1
208,3,588.24,170.04,50.25,45.84,1,-1,-1,-1
208,6,528.68,170.24,46.64,38.90,1,-1,-1,-1
208,11,0.00,195.72,228.37,176.01,1,-1,-1,-1
208,12,490.97,172.47,36.37,23.95,1,-1,-1,-1
209,1,0.00,198.12,383.31,174.88,1,-1,-1,-1
209,2,374.41,181.44,127.52,90.30,1,-1,-1,-1
209,3,588.07,171.00,49.82,45.44,1,-1,-1,-1
209,6,529.87,170.70,45.78,38.25,1,-1,-1,-1
209,12,483.97,173.24,37.63,24.77,1,-1,-1,-1
210,1,0.00,197.06,383.49,175.94,1,-1,-1,-1
210,2,376.57,181.06,125.82,89.13,1,-1,-1,-1
210,3,587.90,171.93,49.40,45.06,1,-1,-1,-1
210,6,531.02,171.16,44.95,37.63,1,-1,-1,-1
210,12,475.81,174.12,39.96,26.09,1,-1,-1,-1
211,1,0.00,199.48,385.35,173.52,1,-1,-1,-1
211,2,378.71,182.47,124.17,88.50,1,-1,-1,-1
211,3,587.73,172.85,48.98,44.67,1,-1,-1,-1
211,6,532.13,171.59,44.15,37.03,1,-1,-1,-1
211,12,466.73,175.10,42.61,27.57,1,-1,-1,-1
212,1,0.00,201.46,386.16,171.54,1,-1,-1,-1
212,2,380.81,184.63,122.55,88.10,1,-1,-1,-1
212,3,587.57,173.76,48.57,44.30,1,-1,-1,-1
212,6,533.21,172.02,43.38,36.45,1,-1,-1,-1
212,12,456.56,176.20,45.66,29.21,1,-1,-1,-1
213,1,0.00,199.40,387.59,173.60,1,-1,-1,-1
213,2,382.81,183.45,120.98,86.77,1,-1,-1,-1
213,3,587.41,174.65,48.17,43.93,1,-1,-1,-1
213,6,534.26,172.43,42.63,35.88,1,-1,-1,-1
213,12,443.70,177.28,50.45,31.72,1,-1,-1,-1
214,1,0.00,198.77,388.41,174.23,1,-1,-1,-1
214,2,384.82,185.86,119.43,86.47,1,-1,-1,-1
214,3,586.91,174.78,47.84,43.63,1,-1,-1,-1
214,6,534.97,172.65,42.13,35.42,1,-1,-1,-1
214,12,430.89,178.40,54.94,33.94,1,-1,-1,-1
215,1,0.00,199.81,389.38,173.19,1,-1,-1,-1
215,2,386.74,184.78,117.94,85.21,1,-1,-1,-1
215,3,586.42,174.91,47.52,43.34,1,-1,-1,-1
215,6,535.66,172.87,41.64,34.97,1,-1,-1,-1
215,12,416.16,179.62,60.25,36.56,1,-1,-1,-1
216,1,0.00,198.07,389.98,174.93,1,-1,-1,-1
216,2,388.61,183.65,116.48,83.97,1,-1,-1,-1
216,3,585.93,175.04,47.21,43.06,1,-1,-1,-1
216,6,536.34,173.09,41.17,34.53,1,-1,-1,-1
216,12,399.04,180.93,66.62,39.73,1,-1,-1,-1
217,1,0.00,198.47,389.41,174.53,1,-1,-1,-1
217,2,390.46,183.47,115.05,83.01,1,-1,-1,-1
217,3,585.45,175.17,46.90,42.77,1,-1,-1,-1
217,6,537.00,173.30,40.71,34.10,1,-1,-1,-1
217,12,378.88,182.43,74.38,43.48,1,-1,-1,-1
218,1,0.00,200.54,389.31,172.46,1,-1,-1,-1
218,2,392.30,185.39,113.64,82.64,1,-1,-1,-1
218,3,584.98,175.29,46.59,42.49,1,-1,-1,-1
218,6,537.64,173.50,40.26,33.68,1,-1,-1,-1
218,12,354.77,183.52,84.19,48.50,1,-1,-1,-1
219,1,0.00,199.71,389.08,173.29,1,-1,-1,-1
219,2,394.07,185.61,112.27,81.82,1,-1,-1,-1
219,3,584.39,175.79,46.44,42.36,1,-1,-1,-1
219,6,538.17,173.68,39.75,33.43,1,-1,-1,-1
219,12,324.63,184.84,97.06,54.83,1,-1,-1,-1
220,1,0.00,200.40,389.85,172.60,1,-1,-1,-1
220,2,395.81,186.02,110.94,81.06,1,-1,-1,-1
220,3,583.81,176.28,46.29,42.22,1,-1,-1,-1
220,6,538.68,173.86,39.25,33.18,1,-1,-1,-1
220,12,285.69,186.43,114.03,62.66,1,-1,-1,-1
221,1,0.00,200.14,389.52,172.86,1,-1,-1,-1
221,2,397.50,185.95,109.63,80.21,1,-1,-1,-1
221,3,583.23,176.76,46.14,42.08,1,-1,-1,-1
221,6,539.20,174.04,38.75,32.94,1,-1,-1,-1
221,12,234.68,187.86,139.15,73.15,1,-1,-1,-1
222,1,0.00,198.85,389.27,174.15,1,-1,-1,-1
222,2,399.17,186.38,108.35,79.49,1,-1,-1,-1
222,3,582.66,177.24,46.00,41.95,1,-1,-1,-1
222,6,539.70,174.21,38.26,32.70,1,-1,-1,-1
222,12,164.01,189.70,176.34,87.83,1,-1,-1,-1
222,13,512.31,177.07,29.55,21.62,1,-1,-1,-1
223,1,0.00,197.94,389.00,175.06,1,-1,-1,-1
223,2,399.51,184.60,108.21,78.74,1,-1,-1,-1
223,3,582.09,177.73,45.85,41.81,1,-1,-1,-1
223,6,540.20,174.38,37.78,32.46,1,-1,-1,-1
223,12,59.60,192.18,235.78,109.75,1,-1,-1,-1
223,13,508.37,177.09,29.61,22.57,1,-1,-1,-1
224,1,0.00,200.51,388.25,172.49,1,-1,-1,-1
224,2,399.91,186.83,108.06,79.01,1,-1,-1,-1
224,3,581.63,177.26,45.85,41.82,1,-1,-1,-1
224,6,540.42,174.34,37.85,32.34,1,-1,-1,-1
224,12,0.00,195.68,231.75,144.98,1,-1,-1,-1
224,13,502.74,177.14,31.10,23.63,1,-1,-1,-1
225,1,0.00,198.18,387.19,174.82,1,-1,-1,-1
225,2,400.23,184.37,107.93,78.10,1,-1,-1,-1
225,3,581.18,176.79,45.85,41.82,1,-1,-1,-1
225,6,540.65,174.31,37.92,32.23,1,-1,-1,-1
225,13,496.55,177.19,32.77,24.79,1,-1,-1,-1
226,1,0.00,200.28,386.75,172.72,1,-1,-1,-1
226,2,400.59,184.52,107.79,77.85,1,-1,-1,-1
226,3,580.72,176.33,45.85,41.82,1,-1,-1,-1
226,6,540.87,174.27,37.99,32.11,1,-1,-1,-1
226,13,489.73,177.25,34.64,26.07,1,-1,-1,-1
227,1,0.00,201.07,386.04,171.93,1,-1,-1,-1
227,2,400.95,184.96,107.65,77.67,1,-1,-1,-1
227,3,580.26,175.86,45.85,41.82,1,-1,-1,-1
227,6,541.09,174.24,38.06,32.00,1,-1,-1,-1
227,13,482.17,177.31,36.76,27.50,1,-1,-1,-1
228,1,0.00,196.84,384.77,176.16,1,-1,-1,-1
228,2,401.27,182.79,107.52,76.85,1,-1,-1,-1
228,3,579.81,175.40,45.85,41.82,1,-1,-1,-1
228,6,541.31,174.21,38.13,31.89,1,-1,-1,-1
228,13,473.73,177.38,39.17,29.08,1,-1,-1,-1
229,1,0.00,200.71,383.85,172.29,1,-1,-1,-1
229,2,401.65,184.53,107.37,77.00,1,-1,-1,-1
229,3,579.34,175.49,45.88,41.85,1,-1,-1,-1
229,6,541.40,174.09,37.63,31.86,1,-1,-1,-1
229,13,464.77,177.64,42.14,30.91,1,-1,-1,-1
230,1,0.00,200.53,382.32,172.47,1,-1,-1,-1
230,2,401.99,184.03,107.24,76.60,1,-1,-1,-1
230,3,578.86,175.57,45.91,41.88,1,-1,-1,-1
230,6,541.49,173.97,37.13,31.84,1,-1,-1,-1
230,13,454.62,177.93,45.58,32.98,1,-1,-1,-1
231,1,0.00,202.34,381.05,170.66,1,-1,-1,-1
231,2,402.36,185.83,107.10,76.76,1,-1,-1,-1
231,3,578.39,175.66,45.94,41.91,1,-1,-1,-1
231,6,541.59,173.85,36.63,31.82,1,-1,-1,-1
231,13,443.00,178.27,49.61,35.34,1,-1,-1,-1
232,1,0.00,200.48,381.28,172.52,1,-1,-1,-1
232,2,401.83,184.80,107.50,76.55,1,-1,-1,-1
232,3,577.92,175.74,45.97,41.95,1,-1,-1,-1
232,6,541.68,173.74,36.13,31.80,1,-1,-1,-1
232,13,429.59,178.65,54.37,38.08,1,-1,-1,-1
233,1,0.00,201.61,380.44,171.39,1,-1,-1,-1
233,2,401.31,184.97,107.89,76.63,1,-1,-1,-1
233,3,577.44,175.83,46.00,41.98,1,-1,-1,-1
233,6,541.78,173.62,35.62,31.77,1,-1,-1,-1
233,13,413.93,179.10,60.09,41.27,1,-1,-1,-1
234,1,0.00,201.68,379.66,171.32,1,-1,-1,-1
234,2,400.79,184.75,108.28,76.62,1,-1,-1,-1
234,3,576.61,176.10,46.18,42.15,1,-1,-1,-1
234,6,541.99,173.98,35.59,31.77,1,-1,-1,-1
234,13,396.76,180.02,66.95,45.16,1,-1,-1,-1
235,1,0.00,201.20,378.87,171.80,1,-1,-1,-1
235,2,400.27,184.24,108.67,76.53,1,-1,-1,-1
235,3,575.77,176.36,46.37,42.32,1,-1,-1,-1
235,6,542.21,174.35,35.56,31.77,1,-1,-1,-1
235,13,376.11,181.09,75.46,49.88,1,-1,-1,-1
236,1,0.00,199.63,378.07,173.37,1,-1,-1,-1
236,2,399.75,184.31,109.07,76.59,1,-1,-1,-1
236,3,574.92,176.63,46.56,42.49,1,-1,-1,-1
236,6,542.42,174.71,35.53,31.77,1,-1,-1,-1
236,13,350.81,182.35,86.27,55.70,1,-1,-1,-1
237,1,0.00,201.72,377.27,171.28,1,-1,-1,-1
237,2,399.25,185.64,109.45,76.95,1,-1,-1,-1
237,3,574.06,176.91,46.75,42.67,1,-1,-1,-1
237,6,542.63,175.07,35.50,31.77,1,-1,-1,-1
237,13,319.08,183.89,100.38,63.05,1,-1,-1,-1
238,1,0.00,200.88,376.46,172.12,1,-1,-1,-1
238,2,397.69,184.90,110.14,77.21,1,-1,-1,-1
238,3,573.20,177.18,46.94,42.84,1,-1,-1,-1
238,6,542.85,175.44,35.47,31.77,1,-1,-1,-1
238,13,278.12,185.80,119.48,72.61,1,-1,-1,-1
238,16,600.95,175.56,26.20,26.27,1,-1,-1,-1
239,1,0.00,201.94,372.93,171.06,1,-1,-1,-1
239,2,396.14,186.03,110.84,77.93,1,-1,-1,-1
239,3,571.93,177.82,47.28,43.15,1,-1,-1,-1
239,6,542.32,175.79,35.58,31.88,1,-1,-1,-1
239,13,221.69,187.40,147.29,85.74,1,-1,-1,-1
239,16,600.45,176.03,26.38,26.45,1,-1,-1,-1
240,1,0.00,204.60,369.30,168.40,1,-1,-1,-1
240,2,393.12,188.49,112.43,79.51,1,-1,-1,-1
240,3,570.64,178.46,47.62,43.46,1,-1,-1,-1
240,6,541.79,176.14,35.68,32.00,1,-1,-1,-1
240,13,141.23,189.51,189.72,104.62,1,-1,-1,-1
240,16,599.95,176.50,26.56,26.63,1,-1,-1,-1
241,1,0.00,203.20,365.58,169.80,1,-1,-1,-1
241,2,389.96,186.82,114.07,80.08,1,-1,-1,-1
241,3,569.33,179.11,47.97,43.78,1,-1,-1,-1
241,6,541.26,176.50,35.79,32.11,1,-1,-1,-1
241,13,17.23,192.46,260.75,134.01,1,-1,-1,-1
241,16,599.44,176.98,26.74,26.82,1,-1,-1,-1
242,1,0.00,206.23,361.75,166.77,1,-1,-1,-1
242,2,386.78,189.20,115.75,81.71,1,-1,-1,-1
242,3,568.00,179.73,48.32,44.15,1,-1,-1,-1
242,6,540.72,176.86,35.90,32.22,1,-1,-1,-1
242,13,0.00,196.85,199.04,176.15,1,-1,-1,-1
242,16,598.82,177.47,27.02,27.00,1,-1,-1,-1
243,1,0.00,206.32,357.83,166.68,1,-1,-1,-1
243,2,383.47,188.40,117.50,82.55,1,-1,-1,-1
243,3,566.65,180.30,48.68,44.57,1,-1,-1,-1
243,6,540.18,177.22,36.01,32.34,1,-1,-1,-1
243,16,598.07,177.96,27.44,27.19,1,-1,-1,-1
244,2,380.07,187.39,119.30,83.36,1,-1,-1,-1
244,3,565.03,178.88,49.16,44.87,1,-1,-1,-1
244,6,539.26,176.11,36.75,32.62,1,-1,-1,-1
244,16,597.44,176.69,27.80,27.39,1,-1,-1,-1
245,2,375.82,187.58,121.63,84.79,1,-1,-1,-1
245,3,563.38,177.27,49.66,45.33,1,-1,-1,-1
245,6,538.31,174.98,37.51,32.91,1,-1,-1,-1
245,16,596.80,175.41,28.17,27.59,1,-1,-1,-1
246,2,371.38,184.34,124.07,85.33,1,-1,-1,-1
246,3,561.70,175.64,50.17,45.79,1,-1,-1,-1
246,6,537.35,173.84,38.28,33.20,1,-1,-1,-1
246,16,596.16,174.10,28.55,27.80,1,-1,-1,-1
247,2,366.85,185.27,126.59,87.05,1,-1,-1,-1
247,3,559.98,173.97,50.69,46.26,1,-1,-1,-1
247,6,536.38,172.67,39.06,33.50,1,-1,-1,-1
247,16,595.51,172.78,28.93,28.00,1,-1,-1,-1
248,2,362.13,184.03,129.22,88.21,1,-1,-1,-1
248,3,558.22,172.27,51.21,46.74,1,-1,-1,-1
248,6,535.38,171.48,39.85,33.81,1,-1,-1,-1
248,16,594.85,171.44,29.31,28.21,1,-1,-1,-1
249,2,357.26,184.41,131.95,89.88,1,-1,-1,-1
249,3,556.35,172.26,51.82,47.29,1,-1,-1,-1
249,6,534.01,171.38,40.30,34.16,1,-1,-1,-1
249,16,594.51,171.49,29.16,28.45,1,-1,-1,-1
250,2,350.98,184.15,135.42,91.72,1,-1,-1,-1
250,3,554.43,172.24,52.43,47.85,1,-1,-1,-1
250,6,532.62,171.28,40.75,34.52,1,-1,-1,-1
250,14,508.05,174.23,26.66,18.45,1,-1,-1,-1
250,16,594.17,171.54,29.01,28.68,1,-1,-1,-1
251,2,344.44,184.74,139.07,93.89,1,-1,-1,-1
251,3,552.47,172.23,53.06,48.42,1,-1,-1,-1
251,6,531.19,171.18,41.22,34.89,1,-1,-1,-1
251,14,502.80,174.39,27.85,19.26,1,-1,-1,-1
251,16,593.83,171.59,28.84,28.92,1,-1,-1,-1
252,2,337.64,187.40,142.90,96.80,1,-1,-1,-1
252,3,550.46,172.22,53.71,49.01,1,-1,-1,-1
252,6,529.73,171.08,41.69,35.26,1,-1,-1,-1
252,14,497.06,174.55,29.16,20.15,1,-1,-1,-1
252,16,593.08,171.64,29.08,29.17,1,-1,-1,-1
253,2,331.13,184.11,146.96,98.12,1,-1,-1,-1
253,3,548.40,172.21,54.37,49.61,1,-1,-1,-1
253,6,528.24,170.97,42.18,35.64,1,-1,-1,-1
253,14,490.78,174.74,30.63,21.12,1,-1,-1,-1
253,16,592.30,171.70,29.33,29.42,1,-1,-1,-1
254,2,324.36,184.82,151.23,100.81,1,-1,-1,-1
254,3,546.56,172.19,55.05,50.23,1,-1,-1,-1
254,6,526.78,170.79,42.73,36.09,1,-1,-1,-1
254,14,483.85,174.94,32.29,22.19,1,-1,-1,-1
254,16,591.86,171.50,29.59,29.68,1,-1,-1,-1
255,2,317.23,184.61,155.76,103.32,1,-1,-1,-1
255,3,544.67,172.18,55.75,50.87,1,-1,-1,-1
255,6,525.28,170.60,43.30,36.55,1,-1,-1,-1
255,14,476.19,175.17,34.16,23.38,1,-1,-1,-1
255,16,591.41,171.30,29.86,29.95,1,-1,-1,-1
256,2,309.70,183.21,160.57,105.57,1,-1,-1,-1
256,3,542.74,172.16,56.47,51.52,1,-1,-1,-1
256,6,523.75,170.40,43.88,37.02,1,-1,-1,-1
256,14,467.65,175.42,36.29,24.70,1,-1,-1,-1
256,16,590.95,171.10,30.13,30.22,1,-1,-1,-1
257,2,301.84,186.27,165.66,109.49,1,-1,-1,-1
257,3,540.75,172.14,57.20,52.18,1,-1,-1,-1
257,6,522.17,170.20,44.48,37.50,1,-1,-1,-1
257,14,458.10,175.70,38.74,26.18,1,-1,-1,-1
257,16,590.48,170.89,30.41,30.50,1,-1,-1,-1
258,2,294.48,183.04,169.96,110.54,1,-1,-1,-1
258,3,538.72,172.12,57.95,52.87,1,-1,-1,-1
258,6,520.55,169.99,45.10,37.99,1,-1,-1,-1
258,14,447.99,175.91,41.75,27.79,1,-1,-1,-1
258,16,590.00,170.68,30.69,30.79,1,-1,-1,-1
259,2,286.89,185.04,174.44,113.53,1,-1,-1,-1
259,3,536.95,172.09,58.72,53.57,1,-1,-1,-1
259,6,519.09,169.94,45.78,38.51,1,-1,-1,-1
259,14,436.54,176.14,45.24,29.62,1,-1,-1,-1
259,16,589.71,170.52,30.99,31.08,1,-1,-1,-1
260,2,278.97,185.64,179.15,116.14,1,-1,-1,-1
260,3,535.14,172.07,59.52,54.29,1,-1,-1,-1
260,6,517.58,169.88,46.47,39.05,1,-1,-1,-1
260,14,423.48,176.40,49.32,31.71,1,-1,-1,-1
260,16,589.41,170.35,31.29,31.39,1,-1,-1,-1
261,2,270.69,185.23,184.11,118.46,1,-1,-1,-1
261,3,533.28,172.04,60.33,55.03,1,-1,-1,-1
261,6,516.03,169.82,47.19,39.60,1,-1,-1,-1
261,14,408.43,176.71,54.17,34.12,1,-1,-1,-1
261,16,589.10,170.17,31.60,31.69,1,-1,-1,-1
262,2,262.14,190.16,189.29,122.97,1,-1,-1,-1
262,3,531.36,172.01,61.17,55.79,1,-1,-1,-1
262,6,514.44,169.75,47.93,40.17,1,-1,-1,-1
262,14,390.92,177.07,59.99,36.91,1,-1,-1,-1
262,16,588.79,170.00,31.91,32.01,1,-1,-1,-1
263,2,248.47,185.55,198.55,126.25,1,-1,-1,-1
263,3,529.39,171.98,62.03,56.58,1,-1,-1,-1
263,6,512.80,169.69,48.69,40.76,1,-1,-1,-1
263,14,372.08,178.54,66.40,40.21,1,-1,-1,-1
263,16,588.47,169.82,32.23,32.33,1,-1,-1,-1
264,2,238.41,185.33,205.41,129.97,1,-1,-1,-1
264,3,527.54,171.95,62.99,57.46,1,-1,-1,-1
264,6,511.43,170.79,49.44,41.34,1,-1,-1,-1
264,14,349.54,180.16,74.39,44.30,1,-1,-1,-1
264,16,588.08,169.85,32.59,32.69,1,-1,-1,-1
265,2,227.79,188.52,212.74,135.40,1,-1,-1,-1
265,3,525.63,171.92,63.99,58.36,1,-1,-1,-1
265,6,510.02,171.92,50.22,41.94,1,-1,-1,-1
265,14,322.09,182.00,84.57,49.42,1,-1,-1,-1
265,16,587.68,169.88,32.96,33.06,1,-1,-1,-1
266,2,216.45,189.90,220.62,140.37,1,-1,-1,-1
266,3,523.66,171.90,65.02,59.30,1,-1,-1,-1
266,6,508.56,173.08,51.02,42.56,1,-1,-1,-1
266,14,287.92,184.21,97.91,55.86,1,-1,-1,-1
266,16,587.27,169.91,33.34,33.44,1,-1,-1,-1
267,2,204.33,189.94,229.11,145.05,1,-1,-1,-1
267,3,521.62,171.86,66.08,60.26,1,-1,-1,-1
267,6,507.12,171.71,51.81,43.16,1,-1,-1,-1
267,14,244.23,186.93,115.99,64.20,1,-1,-1,-1
267,16,586.85,169.94,33.73,33.83,1,-1,-1,-1
268,2,191.44,193.50,238.25,151.74,1,-1,-1,-1
268,3,519.51,171.83,67.18,61.26,1,-1,-1,-1
268,6,505.63,170.30,52.62,43.79,1,-1,-1,-1
268,14,191.96,188.35,140.10,74.14,1,-1,-1,-1
268,16,586.43,169.98,34.13,34.23,1,-1,-1,-1
269,2,180.87,192.84,247.02,155.55,1,-1,-1,-1
269,3,518.14,171.76,68.12,62.12,1,-1,-1,-1
269,6,504.55,169.96,53.37,44.35,1,-1,-1,-1
269,14,121.30,190.15,174.87,87.68,1,-1,-1,-1
269,16,586.70,169.86,34.45,34.55,1,-1,-1,-1
270,2,169.71,192.14,256.31,159.55,1,-1,-1,-1
270,3,516.72,171.69,69.09,63.00,1,-1,-1,-1
270,6,503.44,169.61,54.15,44.93,1,-1,-1,-1
270,14,20.50,192.53,228.39,107.19,1,-1,-1,-1
270,16,586.98,169.74,34.77,34.88,1,-1,-1,-1
271,2,157.92,191.43,266.17,163.78,1,-1,-1,-1
271,3,515.26,171.62,70.08,63.90,1,-1,-1,-1
271,6,502.30,169.25,54.94,45.53,1,-1,-1,-1
271,14,0.00,195.81,183.74,136.21,1,-1,-1,-1
271,16,587.26,169.62,35.10,35.21,1,-1,-1,-1
272,2,145.43,190.68,276.64,168.24,1,-1,-1,-1
272,3,513.76,171.54,71.10,64.83,1,-1,-1,-1
272,6,501.13,168.89,55.76,46.14,1,-1,-1,-1
272,14,0.00,200.61,88.26,133.65,1,-1,-1,-1
272,16,587.55,169.50,35.44,35.55,1,-1,-1,-1
273,2,132.18,189.90,287.78,172.95,1,-1,-1,-1
273,3,512.21,171.47,72.16,65.79,1,-1,-1,-1
273,6,499.92,168.51,56.61,46.77,1,-1,-1,-1
273,16,587.84,169.37,35.79,35.89,1,-1,-1,-1
274,2,127.98,189.97,290.71,175.08,1,-1,-1,-1
274,3,511.65,170.96,72.87,66.44,1,-1,-1,-1
274,6,500.07,168.40,57.05,47.14,1,-1,-1,-1
274,16,588.66,168.85,35.99,36.10,1,-1,-1,-1
275,2,123.68,190.03,293.72,177.26,1,-1,-1,-1
275,3,511.07,170.44,73.59,67.10,1,-1,-1,-1
275,6,500.21,168.29,57.50,47.52,1,-1,-1,-1
275,16,589.48,168.32,36.21,36.31,1,-1,-1,-1
276,2,119.28,190.10,296.81,179.50,1,-1,-1,-1
276,3,510.49,169.91,74.33,67.77,1,-1,-1,-1
276,6,500.36,168.18,57.96,47.91,1,-1,-1,-1
276,16,590.31,167.79,36.42,36.53,1,-1,-1,-1
277,2,114.77,190.17,299.99,181.79,1,-1,-1,-1
277,3,509.89,169.38,75.09,68.45,1,-1,-1,-1
277,6,500.51,168.07,58.42,48.31,1,-1,-1,-1
277,16,591.15,167.25,36.64,36.75,1,-1,-1,-1
278,2,110.14,190.23,303.26,182.77,1,-1,-1,-1
278,3,509.28,168.83,75.86,69.15,1,-1,-1,-1
278,6,500.67,167.96,58.88,48.71,1,-1,-1,-1
278,16,592.00,166.70,36.85,36.97,1,-1,-1,-1
279,2,112.69,189.85,302.52,183.10,1,-1,-1,-1
279,3,509.02,164.90,76.18,69.44,1,-1,-1,-1
279,6,500.67,167.67,59.21,48.97,1,-1,-1,-1
279,16,592.62,166.55,36.95,37.07,1,-1,-1,-1
280,2,115.22,189.46,301.78,182.06,1,-1,-1,-1
280,3,508.80,164.25,76.52,69.74,1,-1,-1,-1
280,6,500.67,167.37,59.55,49.23,1,-1,-1,-1
280,16,593.24,166.41,37.06,37.17,1,-1,-1,-1
281,2,117.74,189.08,301.05,181.03,1,-1,-1,-1
281,3,508.57,163.24,76.85,70.04,1,-1,-1,-1
281,6,500.66,167.08,59.88,49.50,1,-1,-1,-1
281,16,593.87,166.26,37.16,37.27,1,-1,-1,-1
282,2,120.23,188.69,300.33,180.02,1,-1,-1,-1
282,3,508.38,165.48,77.19,70.36,1,-1,-1,-1
282,6,500.66,166.78,60.22,49.77,1,-1,-1,-1
282,16,594.50,166.11,37.26,37.37,1,-1,-1,-1
283,2,122.71,188.31,299.62,179.01,1,-1,-1,-1
283,3,508.19,168.12,77.52,70.67,1,-1,-1,-1
283,6,500.66,166.47,60.57,50.05,1,-1,-1,-1
283,16,595.14,165.96,37.36,37.47,1,-1,-1,-1
284,2,125.17,187.93,298.92,178.01,1,-1,-1,-1
284,3,508.42,168.89,77.66,70.80,1,-1,-1,-1
284,6,501.21,167.33,60.72,50.19,1,-1,-1,-1
284,16,595.82,168.13,37.46,37.58,1,-1,-1,-1
285,2,130.43,188.97,294.60,177.25,1,-1,-1,-1
285,3,508.66,169.67,77.80,70.93,1,-1,-1,-1
285,6,501.76,168.19,60.87,50.34,1,-1,-1,-1
285,16,596.51,170.30,37.57,37.68,1,-1,-1,-1
285,17,474.91,173.22,36.11,25.74,1,-1,-1,-1
286,2,135.60,189.99,290.34,176.49,1,-1,-1,-1
286,3,508.89,170.45,77.94,71.06,1,-1,-1,-1
286,6,502.31,169.05,61.03,50.49,1,-1,-1,-1
286,16,597.36,170.18,37.67,37.78,1,-1,-1,-1
286,17,468.87,173.60,38.36,27.04,1,-1,-1,-1
287,2,140.71,191.00,286.15,175.73,1,-1,-1,-1
287,3,509.13,171.24,78.07,71.19,1,-1,-1,-1
287,6,502.86,169.93,61.18,50.64,1,-1,-1,-1
287,16,598.21,170.06,37.78,37.89,1,-1,-1,-1
287,17,462.18,174.02,40.87,28.47,1,-1,-1,-1
288,2,145.74,192.00,282.01,174.99,1,-1,-1,-1
288,3,509.36,172.03,78.21,71.32,1,-1,-1,-1
288,6,503.42,170.80,61.34,50.79,1,-1,-1,-1
288,16,599.06,169.94,37.88,37.99,1,-1,-1,-1
288,17,452.86,174.52,44.15,30.04,1,-1,-1,-1
289,2,150.71,192.99,277.93,174.25,1,-1,-1,-1
289,3,508.94,172.13,78.29,71.39,1,-1,-1,-1
289,6,503.37,170.83,61.54,50.96,1,-1,-1,-1
289,16,599.30,170.11,37.97,38.08,1,-1,-1,-1
289,17,443.30,175.24,47.09,31.75,1,-1,-1,-1
290,2,151.98,190.68,277.41,172.58,1,-1,-1,-1
290,3,508.52,172.24,78.37,71.46,1,-1,-1,-1
290,6,503.31,170.86,61.74,51.14,1,-1,-1,-1
290,16,599.54,170.27,38.06,38.17,1,-1,-1,-1
290,17,432.60,176.05,50.45,33.66,1,-1,-1,-1
291,2,153.30,190.87,276.87,172.28,1,-1,-1,-1
291,3,508.10,172.34,78.44,71.53,1,-1,-1,-1
291,6,503.25,170.89,61.94,51.32,1,-1,-1,-1
291,16,599.79,170.44,38.15,38.26,1,-1,-1,-1
291,17,420.53,176.97,54.34,35.82,1,-1,-1,-1
292,2,154.63,192.17,276.33,172.59,1,-1,-1,-1
292,3,507.68,172.45,78.52,71.60,1,-1,-1,-1
292,6,503.20,170.92,62.15,51.51,1,-1,-1,-1
292,16,600.03,170.61,38.24,38.35,1,-1,-1,-1
292,17,406.79,178.01,58.88,38.27,1,-1,-1,-1
293,2,155.91,191.17,275.81,171.65,1,-1,-1,-1
293,3,507.25,172.56,78.60,71.67,1,-1,-1,-1
293,6,503.14,170.95,62.35,51.69,1,-1,-1,-1
293,16,600.28,170.78,38.33,38.44,1,-1,-1,-1
293,17,391.04,179.18,64.24,41.11,1,-1,-1,-1
294,2,157.18,189.97,275.29,170.60,1,-1,-1,-1
294,3,506.83,172.66,78.67,71.74,1,-1,-1,-1
294,6,502.71,171.04,62.60,51.89,1,-1,-1,-1
294,16,600.40,170.88,38.44,38.56,1,-1,-1,-1
294,17,372.83,179.95,70.31,44.48,1,-1,-1,-1
295,2,158.53,193.06,274.74,171.86,1,-1,-1,-1
295,3,506.21,172.78,78.97,72.01,1,-1,-1,-1
295,6,502.29,171.12,62.85,52.09,1,-1,-1,-1
295,16,600.51,170.98,38.55,38.67,1,-1,-1,-1
295,17,351.48,180.84,77.71,48.45,1,-1,-1,-1
296,2,159.79,191.92,274.23,170.85,1,-1,-1,-1
296,3,505.59,172.91,79.27,72.28,1,-1,-1,-1
296,6,501.86,171.21,63.10,52.30,1,-1,-1,-1
296,16,600.63,171.08,38.67,38.78,1,-1,-1,-1
296,17,326.08,181.88,86.89,53.20,1,-1,-1,-1
296,18,461.89,173.20,45.62,29.96,1,-1,-1,-1
297,2,161.05,190.96,273.72,169.95,1,-1,-1,-1
297,3,504.96,173.03,79.57,72.55,1,-1,-1,-1
297,6,501.42,171.30,63.35,52.50,1,-1,-1,-1
297,16,600.75,171.18,38.78,38.89,1,-1,-1,-1
297,17,295.36,183.10,98.52,58.98,1,-1,-1,-1
297,18,451.86,173.71,48.81,31.58,1,-1,-1,-1
298,2,162.35,192.15,273.20,170.19,1,-1,-1,-1
298,3,504.33,173.16,79.87,72.83,1,-1,-1,-1
298,6,500.99,171.39,63.61,52.71,1,-1,-1,-1
298,16,600.87,171.29,38.89,39.00,1,-1,-1,-1
298,17,257.47,184.55,113.63,66.16,1,-1,-1,-1
298,18,441.39,174.22,52.44,33.43,1,-1,-1,-1
298,20,574.44,176.80,38.90,32.10,1,-1,-1,-1
299,2,163.58,190.14,272.70,168.73,1,-1,-1,-1
299,3,503.69,173.28,80.18,73.10,1,-1,-1,-1
299,6,500.88,171.51,63.78,52.89,1,-1,-1,-1
299,16,600.76,171.56,39.05,39.16,1,-1,-1,-1
299,17,212.33,186.07,134.04,75.15,1,-1,-1,-1
299,18,429.61,174.79,56.62,35.52,1,-1,-1,-1
299,20,574.12,176.76,39.05,32.23,1,-1,-1,-1
300,2,164.88,192.39,272.18,169.54,1,-1,-1,-1
300,3,503.05,173.41,80.49,73.38,1,-1,-1,-1
300,6,500.77,171.63,63.95,53.07,1,-1,-1,-1
300,16,600.66,171.84,39.21,39.32,1,-1,-1,-1
300,17,153.62,187.96,162.12,86.94,1,-1,-1,-1
300,18,416.25,175.44,61.48,37.88,1,-1,-1,-1
300,20,573.80,176.72,39.20,32.36,1,-1,-1,-1
301,2,166.11,190.87,271.69,168.35,1,-1,-1,-1
301,3,502.40,173.54,80.80,73.67,1,-1,-1,-1
301,6,500.66,171.75,64.12,53.26,1,-1,-1,-1
301,16,600.55,172.12,39.37,39.49,1,-1,-1,-1
301,17,74.10,190.36,202.71,103.07,1,-1,-1,-1
301,18,400.99,176.18,67.17,40.59,1,-1,-1,-1
301,20,573.47,176.67,39.35,32.49,1,-1,-1,-1
302,2,167.37,191.44,271.18,168.26,1,-1,-1,-1
302,3,501.75,173.67,81.11,73.95,1,-1,-1,-1
302,6,500.54,171.88,64.29,53.44,1,-1,-1,-1
302,16,600.44,172.40,39.54,39.65,1,-1,-1,-1
302,17,0.00,193.50,225.66,126.10,1,-1,-1,-1
302,18,383.38,177.04,73.94,43.70,1,-1,-1,-1
302,20,573.14,176.63,39.51,32.63,1,-1,-1,-1
303,2,168.64,192.63,270.67,168.50,1,-1,-1,-1
303,3,501.09,173.80,81.42,74.24,1,-1,-1,-1
303,6,500.43,172.00,64.47,53.63,1,-1,-1,-1
303,16,600.33,172.69,39.70,39.82,1,-1,-1,-1
303,17,0.00,197.83,155.48,145.45,1,-1,-1,-1
303,18,363.96,177.61,81.24,47.37,1,-1,-1,-1
303,20,572.81,176.58,39.66,32.76,1,-1,-1,-1
304,2,169.84,190.20,270.20,166.85,1,-1,-1,-1
304,3,500.43,173.93,81.74,74.53,1,-1,-1,-1
304,6,499.90,172.55,64.72,53.82,1,-1,-1,-1
304,16,600.31,172.68,39.89,40.01,1,-1,-1,-1
304,18,340.99,178.29,90.22,51.71,1,-1,-1,-1
304,20,572.68,176.51,39.72,32.81,1,-1,-1,-1
305,2,171.08,190.51,269.70,166.63,1,-1,-1,-1
305,3,497.94,174.15,82.98,75.65,1,-1,-1,-1
305,6,499.37,173.10,64.98,54.01,1,-1,-1,-1
305,16,600.29,172.67,40.09,40.20,1,-1,-1,-1
305,18,313.39,179.11,101.49,56.93,1,-1,-1,-1
305,20,572.55,176.44,39.77,32.87,1,-1,-1,-1
306,2,172.29,189.32,269.23,165.64,1,-1,-1,-1
306,3,498.90,174.20,82.60,75.30,1,-1,-1,-1
306,6,498.83,173.66,65.24,54.20,1,-1,-1,-1
306,16,600.27,172.66,40.28,40.40,1,-1,-1,-1
306,18,279.58,179.95,115.98,63.48,1,-1,-1,-1
306,20,572.41,176.37,39.83,32.92,1,-1,-1,-1
307,2,173.54,190.65,268.73,165.95,1,-1,-1,-1
307,3,498.02,174.34,83.14,75.80,1,-1,-1,-1
307,6,498.28,174.22,65.50,54.40,1,-1,-1,-1
307,16,600.24,172.65,40.48,40.59,1,-1,-1,-1
307,18,237.23,180.95,135.13,71.74,1,-1,-1,-1
307,20,572.28,176.30,39.89,32.97,1,-1,-1,-1
308,2,174.78,191.93,268.24,166.23,1,-1,-1,-1
308,3,497.13,174.49,83.69,76.30,1,-1,-1,-1
308,6,497.74,174.78,65.76,54.59,1,-1,-1,-1
308,16,600.22,172.64,40.68,40.79,1,-1,-1,-1
308,18,185.03,182.26,161.30,82.07,1,-1,-1,-1
308,20,572.14,176.23,39.94,33.03,1,-1,-1,-1
309,2,176.02,193.13,267.75,166.47,1,-1,-1,-1
309,3,496.23,174.64,84.25,76.81,1,-1,-1,-1
309,6,497.12,174.74,66.15,54.90,1,-1,-1,-1
309,16,600.10,172.90,40.89,41.01,1,-1,-1,-1
309,18,115.98,183.89,198.00,95.84,1,-1,-1,-1
309,20,572.13,176.19,40.11,33.19,1,-1,-1,-1
310,2,177.22,192.52,267.28,165.79,1,-1,-1,-1
310,3,495.31,174.79,84.82,77.32,1,-1,-1,-1
310,6,496.50,174.69,66.54,55.20,1,-1,-1,-1
310,16,599.98,173.15,41.11,41.23,1,-1,-1,-1
310,18,20.37,185.97,252.34,115.09,1,-1,-1,-1
310,19,462.44,176.19,47.05,29.80,1,-1,-1,-1
310,20,572.12,176.15,40.27,33.36,1,-1,-1,-1
311,2,178.43,192.95,266.80,165.63,1,-1,-1,-1
311,3,494.39,174.94,85.39,77.85,1,-1,-1,-1
311,6,495.86,174.64,66.93,55.51,1,-1,-1,-1
311,16,599.86,173.41,41.34,41.45,1,-1,-1,-1
311,18,0.00,188.72,218.24,142.67,1,-1,-1,-1
311,19,453.47,176.99,50.23,31.33,1,-1,-1,-1
311,20,572.11,176.10,40.44,33.52,1,-1,-1,-1
312,2,179.62,192.30,266.34,164.93,1,-1,-1,-1
312,3,493.12,174.69,85.89,78.30,1,-1,-1,-1
312,6,495.23,174.60,67.33,55.83,1,-1,-1,-1
312,16,599.74,173.67,41.56,41.68,1,-1,-1,-1
312,18,0.00,192.51,143.03,148.33,1,-1,-1,-1
312,19,443.53,177.88,53.83,33.02,1,-1,-1,-1
312,20,572.10,176.06,40.61,33.69,1,-1,-1,-1
313,2,180.85,194.09,265.86,165.47,1,-1,-1,-1
313,3,491.84,174.44,86.39,78.75,1,-1,-1,-1
313,6,494.58,174.55,67.74,56.15,1,-1,-1,-1
313,16,599.62,173.93,41.79,41.91,1,-1,-1,-1
313,19,432.32,178.47,58.20,35.09,1,-1,-1,-1
313,20,572.09,176.02,40.78,33.86,1,-1,-1,-1
314,2,177.14,191.40,268.67,165.58,1,-1,-1,-1
314,3,490.83,174.19,87.16,79.44,1,-1,-1,-1
314,6,494.07,174.52,68.08,56.42,1,-1,-1,-1
314,16,599.63,174.06,42.02,42.14,1,-1,-1,-1
314,19,419.61,179.15,63.28,37.43,1,-1,-1,-1
314,20,571.14,175.98,40.89,33.88,1,-1,-1,-1
315,2,173.41,191.30,271.52,167.03,1,-1,-1,-1
315,3,489.80,173.94,87.94,80.15,1,-1,-1,-1
315,6,493.55,174.50,68.43,56.70,1,-1,-1,-1
315,16,599.65,174.19,42.26,42.37,1,-1,-1,-1
315,19,405.09,179.81,69.25,40.22,1,-1,-1,-1
315,20,570.20,175.94,41.01,33.91,1,-1,-1,-1
316,2,169.63,192.30,274.41,169.08,1,-1,-1,-1
316,3,488.75,173.69,88.73,80.87,1,-1,-1,-1
316,6,493.03,174.47,68.78,56.99,1,-1,-1,-1
316,16,599.66,174.32,42.49,42.61,1,-1,-1,-1
316,19,388.33,180.56,76.35,43.46,1,-1,-1,-1
316,20,569.25,175.89,41.13,33.93,1,-1,-1,-1
317,2,165.76,192.28,277.38,170.63,1,-1,-1,-1
317,3,487.68,173.43,89.53,81.60,1,-1,-1,-1
317,6,492.51,174.44,69.14,57.27,1,-1,-1,-1
317,16,599.68,174.45,42.73,42.85,1,-1,-1,-1
317,19,368.76,181.41,84.89,47.25,1,-1,-1,-1
317,20,568.30,175.85,41.24,33.95,1,-1,-1,-1
318,2,161.85,193.76,280.39,173.01,1,-1,-1,-1
318,3,486.59,173.17,90.36,82.35,1,-1,-1,-1
318,6,491.98,174.41,69.50,57.56,1,-1,-1,-1
318,16,599.69,174.59,42.98,43.10,1,-1,-1,-1
318,19,346.12,181.77,95.52,51.42,1,-1,-1,-1
318,20,567.35,175.81,41.36,33.97,1,-1,-1,-1
319,2,159.20,192.18,282.53,173.34,1,-1,-1,-1
319,3,485.48,172.90,91.19,83.11,1,-1,-1,-1
319,16,599.68,173.93,43.19,43.31,1,-1,-1,-1
319,19,319.18,182.19,108.59,56.39,1,-1,-1,-1
319,20,568.03,174.95,41.35,34.05,1,-1,-1,-1
320,2,156.54,191.50,284.69,174.17,1,-1,-1,-1
320,3,484.35,172.63,92.05,83.89,1,-1,-1,-1
320,16,599.66,173.27,43.40,43.52,1,-1,-1,-1
320,19,286.62,182.67,124.97,62.42,1,-1,-1,-1
320,20,568.71,174.08,41.34,34.13,1,-1,-1,-1
321,2,153.80,188.97,286.89,174.01,1,-1,-1,-1
321,3,483.20,172.35,92.91,84.67,1,-1,-1,-1
321,16,599.64,172.60,43.62,43.74,1,-1,-1,-1
321,19,246.46,183.24,146.01,69.88,1,-1,-1,-1
321,20,569.40,173.22,41.33,34.21,1,-1,-1,-1
322,2,151.11,190.71,289.10,176.17,1,-1,-1,-1
322,3,482.03,172.07,93.80,85.48,1,-1,-1,-1
322,16,599.62,171.92,43.84,43.96,1,-1,-1,-1
322,19,195.68,183.93,173.82,79.35,1,-1,-1,-1
322,20,570.09,172.35,41.32,34.29,1,-1,-1,-1
323,2,148.31,188.93,291.36,176.43,1,-1,-1,-1
323,3,481.53,171.75,93.94,85.60,1,-1,-1,-1
323,16,599.61,171.24,44.06,44.18,1,-1,-1,-1
323,19,134.80,185.01,208.40,91.61,1,-1,-1,-1
323,20,570.78,171.47,41.30,34.37,1,-1,-1,-1
324,2,145.54,190.51,293.64,178.55,1,-1,-1,-1
324,3,481.03,171.42,94.18,85.73,1,-1,-1,-1
324,16,599.59,170.97,44.16,44.29,1,-1,-1,-1
324,19,52.49,186.35,258.03,108.31,1,-1,-1,-1
324,20,570.90,171.45,41.31,34.40,1,-1,-1,-1
325,2,142.65,187.74,295.98,178.28,1,-1,-1,-1
325,3,480.53,171.10,94.45,85.85,1,-1,-1,-1
325,16,599.58,170.69,44.26,44.39,1,-1,-1,-1
325,19,0.00,188.05,268.81,132.07,1,-1,-1,-1
325,20,571.02,171.43,41.32,34.44,1,-1,-1,-1
326,2,139.82,190.54,298.32,181.13,1,-1,-1,-1
326,3,480.03,170.78,94.71,85.98,1,-1,-1,-1
326,16,599.57,170.42,44.37,44.49,1,-1,-1,-1
326,19,0.00,190.31,213.76,150.66,1,-1,-1,-1
326,20,571.14,171.41,41.33,34.47,1,-1,-1,-1
327,2,136.86,188.87,300.73,181.50,1,-1,-1,-1
327,3,479.53,170.45,94.99,86.11,1,-1,-1,-1
327,16,599.56,170.15,44.47,44.60,1,-1,-1,-1
327,19,0.00,193.42,137.72,149.64,1,-1,-1,-1
327,20,571.26,171.38,41.35,34.51,1,-1,-1,-1
328,2,133.94,191.02,303.14,181.98,1,-1,-1,-1
328,3,479.03,170.13,95.26,86.23,1,-1,-1,-1
328,16,599.55,169.87,44.57,44.70,1,-1,-1,-1
328,20,571.38,171.36,41.36,34.55,1,-1,-1,-1
329,2,139.06,187.19,298.52,180.70,1,-1,-1,-1
329,3,479.27,172.20,94.66,85.61,1,-1,-1,-1
329,16,599.67,169.85,44.52,44.65,1,-1,-1,-1
329,20,571.45,171.50,41.30,34.50,1,-1,-1,-1
330,2,144.28,190.82,293.89,181.62,1,-1,-1,-1
330,3,479.46,169.66,94.09,84.99,1,-1,-1,-1
330,16,599.79,169.83,44.47,44.60,1,-1,-1,-1
330,20,571.52,171.64,41.24,34.46,1,-1,-1,-1
331,2,149.39,191.88,289.31,181.07,1,-1,-1,-1
331,3,479.69,170.62,93.52,84.38,1,-1,-1,-1
331,16,599.92,169.80,44.42,44.55,1,-1,-1,-1
331,20,571.58,171.78,41.18,34.42,1,-1,-1,-1
332,2,154.40,190.55,284.81,179.19,1,-1,-1,-1
332,3,479.92,172.38,92.95,83.79,1,-1,-1,-1
332,16,600.04,169.78,44.37,44.50,1,-1,-1,-1
332,20,571.65,171.92,41.12,34.37,1,-1,-1,-1
333,2,159.37,189.73,280.34,177.61,1,-1,-1,-1
333,3,480.15,174.35,92.38,83.20,1,-1,-1,-1
333,16,600.16,169.76,44.32,44.45,1,-1,-1,-1
333,20,571.72,172.06,41.06,34.33,1,-1,-1,-1
334,2,165.62,191.00,276.14,174.89,1,-1,-1,-1
334,3,481.39,171.60,91.66,82.54,1,-1,-1,-1
334,16,600.19,170.50,44.06,44.19,1,-1,-1,-1
334,20,571.35,172.62,40.94,34.18,1,-1,-1,-1
335,2,171.58,189.12,272.15,170.56,1,-1,-1,-1
335,3,482.64,171.39,90.95,81.89,1,-1,-1,-1
335,16,600.22,171.24,43.79,43.92,1,-1,-1,-1
335,20,570.99,173.18,40.83,34.03,1,-1,-1,-1
336,2,177.38,189.53,268.30,167.62,1,-1,-1,-1
336,3,483.86,170.71,90.25,81.25,1,-1,-1,-1
336,16,600.25,171.97,43.53,43.66,1,-1,-1,-1
336,20,570.64,173.73,40.71,33.89,1,-1,-1,-1
337,2,182.99,191.31,264.61,165.47,1,-1,-1,-1
337,3,485.08,171.03,89.56,80.63,1,-1,-1,-1
337,16,600.28,172.69,43.28,43.40,1,-1,-1,-1
337,20,570.28,174.28,40.60,33.74,1,-1,-1,-1
338,2,189.89,191.42,260.65,163.98,1,-1,-1,-1
338,3,485.35,174.89,90.18,81.30,1,-1,-1,-1
338,16,600.31,173.40,43.03,43.15,1,-1,-1,-1
338,20,569.93,174.82,40.49,33.60,1,-1,-1,-1
