15,193,584.47,168.65,20.07,14.93,1,-1,-1,-1
16,193,581.85,169.69,20.01,14.89,1,-1,-1,-1
16,194,611.02,169.42,15.42,14.02,1,-1,-1,-1
17,193,579.63,171.76,19.70,14.66,1,-1,-1,-1
17,194,610.52,170.75,15.61,14.19,1,-1,-1,-1
18,193,576.60,172.72,20.52,15.25,1,-1,-1,-1
18,194,610.03,171.02,16.27,14.76,1,-1,-1,-1
18,195,628.73,170.34,18.88,15.62,1,-1,-1,-1
19,193,573.47,172.21,21.12,15.66,1,-1,-1,-1
19,194,609.38,169.87,16.84,15.28,1,-1,-1,-1
19,195,628.91,169.11,19.11,15.82,1,-1,-1,-1
20,193,569.70,170.92,21.71,16.09,1,-1,-1,-1
20,194,609.13,168.02,17.35,15.71,1,-1,-1,-1
20,195,629.32,167.56,19.04,15.75,1,-1,-1,-1
21,193,565.70,169.89,22.38,16.54,1,-1,-1,-1
21,194,608.92,167.23,17.15,15.47,1,-1,-1,-1
21,195,629.30,165.24,20.07,16.59,1,-1,-1,-1
22,193,560.93,169.58,24.42,18.01,1,-1,-1,-1
22,194,608.79,166.59,17.95,16.11,1,-1,-1,-1
22,195,629.00,164.88,20.78,17.23,1,-1,-1,-1
23,193,556.87,170.37,25.48,18.74,1,-1,-1,-1
23,194,608.69,167.47,17.42,15.52,1,-1,-1,-1
23,195,629.87,166.06,20.11,16.73,1,-1,-1,-1
24,193,551.87,171.70,27.09,19.85,1,-1,-1,-1
24,194,608.82,169.07,16.62,14.64,1,-1,-1,-1
24,195,630.45,167.71,19.36,16.13,1,-1,-1,-1
25,193,547.03,173.17,28.45,20.78,1,-1,-1,-1
25,194,608.51,170.04,16.96,14.83,1,-1,-1,-1
25,195,630.49,168.28,19.75,16.53,1,-1,-1,-1
26,193,540.79,174.23,30.48,22.13,1,-1,-1,-1
26,194,607.19,171.18,17.42,15.14,1,-1,-1,-1
26,195,629.97,169.32,19.54,16.46,1,-1,-1,-1
27,193,534.03,175.06,32.15,23.18,1,-1,-1,-1
27,194,606.02,171.40,18.21,15.78,1,-1,-1,-1
27,195,629.10,169.69,19.44,16.48,1,-1,-1,-1
28,193,525.39,175.62,34.59,24.81,1,-1,-1,-1
28,194,604.88,171.60,18.66,16.02,1,-1,-1,-1
28,195,628.62,169.56,20.05,17.16,1,-1,-1,-1
29,193,516.29,175.64,37.14,26.51,1,-1,-1,-1
29,194,603.84,171.79,18.49,15.70,1,-1,-1,-1
29,195,628.50,169.53,19.92,17.06,1,-1,-1,-1
30,193,505.64,175.34,40.14,28.41,1,-1,-1,-1
30,194,602.79,170.40,19.05,16.06,1,-1,-1,-1
30,195,628.60,169.05,19.88,17.13,1,-1,-1,-1
31,193,493.63,175.13,43.59,30.54,1,-1,-1,-1
31,194,601.64,169.83,19.29,16.06,1,-1,-1,-1
31,195,627.89,168.31,19.77,17.04,1,-1,-1,-1
32,193,477.74,174.39,48.71,34.01,1,-1,-1,-1
32,194,600.04,168.59,20.07,16.52,1,-1,-1,-1
32,195,626.70,166.97,20.44,17.66,1,-1,-1,-1
33,193,460.06,174.82,55.02,38.06,1,-1,-1,-1
33,194,598.30,168.97,20.17,16.52,1,-1,-1,-1
33,195,626.00,167.43,20.28,17.46,1,-1,-1,-1
34,193,438.60,176.46,62.13,42.44,1,-1,-1,-1
34,194,595.88,169.03,21.32,17.41,1,-1,-1,-1
34,195,624.99,167.65,21.02,18.15,1,-1,-1,-1
35,193,409.70,177.94,73.76,49.88,1,-1,-1,-1
35,194,594.32,169.80,21.81,17.81,1,-1,-1,-1
35,195,624.58,167.94,21.48,18.71,1,-1,-1,-1
36,193,371.86,180.04,89.24,59.49,1,-1,-1,-1
36,194,593.38,170.48,22.07,17.95,1,-1,-1,-1
36,195,624.37,168.57,21.45,18.76,1,-1,-1,-1
37,193,317.40,182.54,111.67,72.96,1,-1,-1,-1
37,194,592.76,171.05,22.19,17.95,1,-1,-1,-1
37,195,624.45,169.27,20.90,18.32,1,-1,-1,-1
38,193,231.40,186.36,148.36,94.15,1,-1,-1,-1
38,194,591.28,170.18,23.89,19.39,1,-1,-1,-1
38,195,624.12,168.90,21.88,19.29,1,-1,-1,-1
39,194,590.61,170.65,24.20,19.51,1,-1,-1,-1
39,195,623.86,169.07,22.32,19.80,1,-1,-1,-1
40,194,589.59,169.76,25.29,20.40,1,-1,-1,-1
40,195,623.17,168.61,22.68,20.30,1,-1,-1,-1
41,194,588.83,168.61,25.44,20.54,1,-1,-1,-1
41,195,623.43,167.98,21.91,19.66,1,-1,-1,-1
42,194,588.29,168.76,24.92,19.99,1,-1,-1,-1
42,195,623.75,167.51,21.71,19.47,1,-1,-1,-1
43,194,587.34,168.95,25.06,19.98,1,-1,-1,-1
43,195,623.56,167.37,21.88,19.62,1,-1,-1,-1
44,194,585.41,168.79,25.53,20.41,1,-1,-1,-1
44,195,623.11,167.82,21.86,19.48,1,-1,-1,-1
45,194,583.27,168.91,25.86,20.74,1,-1,-1,-1
45,195,621.57,167.93,22.18,19.78,1,-1,-1,-1
46,194,581.35,168.77,27.14,21.69,1,-1,-1,-1
46,195,620.20,168.19,22.61,20.13,1,-1,-1,-1
47,194,579.36,170.00,27.41,21.80,1,-1,-1,-1
47,195,618.90,169.12,22.73,20.24,1,-1,-1,-1
48,194,577.65,171.00,27.44,21.75,1,-1,-1,-1
48,195,618.90,170.35,22.62,19.94,1,-1,-1,-1
49,194,575.75,170.46,28.40,22.51,1,-1,-1,-1
49,195,617.65,170.52,23.13,20.31,1,-1,-1,-1
50,194,573.26,170.29,28.40,22.57,1,-1,-1,-1
50,195,616.67,169.34,24.23,21.20,1,-1,-1,-1
51,194,571.26,169.83,28.77,22.93,1,-1,-1,-1
51,195,615.65,168.62,24.61,21.55,1,-1,-1,-1
52,194,570.15,170.95,28.03,22.32,1,-1,-1,-1
52,195,615.35,169.00,24.34,21.26,1,-1,-1,-1
53,194,569.18,171.95,27.73,21.98,1,-1,-1,-1
53,195,614.58,169.57,24.33,21.30,1,-1,-1,-1
54,194,567.52,171.97,28.18,22.38,1,-1,-1,-1
54,195,613.95,169.42,24.77,21.71,1,-1,-1,-1
55,194,566.07,170.92,28.85,22.96,1,-1,-1,-1
55,195,613.49,167.16,26.39,23.13,1,-1,-1,-1
56,194,564.84,169.45,29.55,23.56,1,-1,-1,-1
56,195,613.25,165.80,26.49,23.20,1,-1,-1,-1
57,194,563.57,168.33,29.98,23.96,1,-1,-1,-1
57,195,613.07,164.53,26.61,23.35,1,-1,-1,-1
58,194,562.29,168.11,30.35,24.30,1,-1,-1,-1
58,195,612.87,163.90,26.83,23.57,1,-1,-1,-1
59,194,561.15,168.86,30.69,24.56,1,-1,-1,-1
59,195,613.08,164.64,27.03,23.70,1,-1,-1,-1
60,194,560.36,170.33,30.63,24.45,1,-1,-1,-1
60,195,613.32,166.37,26.82,23.46,1,-1,-1,-1
61,194,558.82,171.16,31.35,24.96,1,-1,-1,-1
61,195,613.23,167.52,27.35,23.99,1,-1,-1,-1
62,194,557.30,172.60,32.28,25.64,1,-1,-1,-1
62,195,613.38,169.25,27.24,23.86,1,-1,-1,-1
63,194,555.71,173.98,33.39,26.52,1,-1,-1,-1
63,195,613.46,171.12,27.09,23.68,1,-1,-1,-1
64,194,554.48,174.73,34.29,27.23,1,-1,-1,-1
64,195,613.44,171.75,27.68,24.12,1,-1,-1,-1
65,194,552.87,173.95,35.74,28.41,1,-1,-1,-1
65,195,613.59,171.46,28.19,24.47,1,-1,-1,-1
66,194,551.25,173.25,36.62,29.09,1,-1,-1,-1
66,195,613.13,170.20,29.02,25.20,1,-1,-1,-1
66,203,581.02,171.96,16.94,22.06,1,-1,-1,-1
67,194,548.29,172.31,37.81,30.06,1,-1,-1,-1
67,195,612.50,169.23,29.53,25.58,1,-1,-1,-1
67,203,578.83,171.10,17.29,22.45,1,-1,-1,-1
68,194,545.93,173.13,37.52,29.64,1,-1,-1,-1
68,195,611.63,169.10,29.81,25.69,1,-1,-1,-1
68,203,575.66,171.18,17.61,22.78,1,-1,-1,-1
69,194,543.89,173.41,38.19,29.99,1,-1,-1,-1
69,195,611.26,169.17,29.92,25.68,1,-1,-1,-1
69,203,574.57,171.47,17.73,22.86,1,-1,-1,-1
70,194,542.21,173.43,39.19,30.68,1,-1,-1,-1
70,195,610.86,168.74,30.67,26.28,1,-1,-1,-1
70,203,573.72,171.33,18.16,23.35,1,-1,-1,-1
71,194,540.39,173.50,40.15,31.29,1,-1,-1,-1
71,195,610.63,168.53,31.23,26.76,1,-1,-1,-1
71,203,572.54,171.16,18.79,24.08,1,-1,-1,-1
71,206,519.57,171.13,26.16,25.56,1,-1,-1,-1
72,194,538.41,173.25,41.28,32.01,1,-1,-1,-1
72,195,610.15,168.26,31.91,27.38,1,-1,-1,-1
72,203,571.53,171.23,19.29,24.58,1,-1,-1,-1
72,206,511.17,171.34,27.66,26.94,1,-1,-1,-1
73,194,536.28,173.48,42.55,32.84,1,-1,-1,-1
73,195,610.35,169.02,31.75,27.18,1,-1,-1,-1
73,203,570.17,171.43,20.18,25.54,1,-1,-1,-1
73,206,500.15,171.69,30.84,29.75,1,-1,-1,-1
74,194,533.75,173.66,43.87,33.78,1,-1,-1,-1
74,195,610.20,168.95,32.47,27.77,1,-1,-1,-1
74,203,569.24,171.50,20.80,26.19,1,-1,-1,-1
74,206,485.01,172.15,35.21,33.58,1,-1,-1,-1
75,194,531.03,173.39,45.41,34.93,1,-1,-1,-1
75,195,609.58,169.16,32.79,28.03,1,-1,-1,-1
75,203,567.57,171.21,21.42,26.77,1,-1,-1,-1
75,206,467.39,172.38,40.38,37.89,1,-1,-1,-1
76,194,527.69,172.41,47.05,36.14,1,-1,-1,-1
76,195,608.44,168.36,33.43,28.63,1,-1,-1,-1
76,203,565.48,170.73,21.82,27.11,1,-1,-1,-1
76,206,445.59,172.41,46.44,42.71,1,-1,-1,-1
77,194,525.38,171.55,47.44,36.21,1,-1,-1,-1
77,195,607.34,166.35,34.11,29.31,1,-1,-1,-1
77,203,563.39,169.18,22.38,27.66,1,-1,-1,-1
77,206,417.62,171.81,55.16,49.57,1,-1,-1,-1
78,194,522.63,170.89,49.04,37.23,1,-1,-1,-1
78,195,607.03,165.35,34.45,29.69,1,-1,-1,-1
78,203,558.79,165.08,25.44,31.16,1,-1,-1,-1
78,206,379.67,172.50,67.42,58.88,1,-1,-1,-1
78,212,581.49,164.75,25.14,24.21,1,-1,-1,-1
79,194,519.57,171.12,50.69,38.39,1,-1,-1,-1
79,195,606.68,165.84,34.67,29.96,1,-1,-1,-1
79,203,559.20,167.80,24.38,29.81,1,-1,-1,-1
79,206,324.44,174.63,86.94,73.38,1,-1,-1,-1
79,212,580.14,165.67,25.57,24.60,1,-1,-1,-1
80,194,516.96,172.29,52.13,39.37,1,-1,-1,-1
80,195,606.81,167.08,34.43,29.74,1,-1,-1,-1
80,203,558.42,169.69,24.26,29.48,1,-1,-1,-1
80,212,579.43,166.67,25.85,24.87,1,-1,-1,-1
81,194,513.53,173.16,54.03,40.78,1,-1,-1,-1
81,195,606.47,168.71,34.46,29.69,1,-1,-1,-1
81,203,557.75,171.07,24.39,29.60,1,-1,-1,-1
81,212,578.10,167.11,26.79,25.81,1,-1,-1,-1
82,194,510.56,173.44,56.23,42.35,1,-1,-1,-1
82,195,605.83,168.42,35.97,31.08,1,-1,-1,-1
82,203,556.56,171.62,24.66,29.89,1,-1,-1,-1
82,212,577.53,167.32,26.79,25.83,1,-1,-1,-1
83,194,506.91,173.88,58.31,43.97,1,-1,-1,-1
83,195,605.39,169.28,36.20,31.30,1,-1,-1,-1
83,203,554.46,172.37,25.26,30.54,1,-1,-1,-1
83,212,576.09,167.80,27.23,26.28,1,-1,-1,-1
84,194,504.33,174.74,59.29,44.61,1,-1,-1,-1
84,195,604.72,169.79,37.04,32.09,1,-1,-1,-1
84,203,551.96,173.00,25.85,31.27,1,-1,-1,-1
84,212,574.48,168.13,28.09,27.16,1,-1,-1,-1
85,194,501.52,175.24,60.52,45.41,1,-1,-1,-1
85,195,604.16,170.03,37.66,32.72,1,-1,-1,-1
85,203,550.52,173.62,26.19,31.54,1,-1,-1,-1
85,212,573.27,168.45,28.65,27.70,1,-1,-1,-1
86,194,498.42,176.05,62.23,46.48,1,-1,-1,-1
86,195,603.31,169.87,38.84,33.93,1,-1,-1,-1
86,203,548.76,173.99,26.67,31.99,1,-1,-1,-1
86,212,572.39,168.85,28.87,27.89,1,-1,-1,-1
87,194,495.40,176.70,63.99,47.50,1,-1,-1,-1
87,195,602.87,169.79,39.44,34.58,1,-1,-1,-1
87,203,547.78,174.37,26.95,31.90,1,-1,-1,-1
87,212,571.83,169.05,29.01,27.96,1,-1,-1,-1
88,194,491.96,177.02,65.73,48.52,1,-1,-1,-1
88,195,602.65,169.79,39.72,34.91,1,-1,-1,-1
88,203,545.72,174.48,27.72,32.22,1,-1,-1,-1
88,212,571.17,168.70,29.13,28.06,1,-1,-1,-1
89,194,488.41,176.62,67.96,49.91,1,-1,-1,-1
89,195,602.43,169.41,39.96,35.20,1,-1,-1,-1
89,203,544.15,173.84,28.59,32.73,1,-1,-1,-1
89,212,570.41,167.69,29.61,28.53,1,-1,-1,-1
90,194,484.67,176.03,70.49,51.57,1,-1,-1,-1
90,195,602.46,169.22,39.92,35.14,1,-1,-1,-1
90,203,541.97,173.01,29.81,33.63,1,-1,-1,-1
90,212,570.22,167.22,29.15,27.95,1,-1,-1,-1
91,194,480.44,175.90,72.67,53.04,1,-1,-1,-1
91,195,602.39,168.81,40.32,35.50,1,-1,-1,-1
91,203,539.59,172.49,31.00,34.48,1,-1,-1,-1
91,212,569.83,167.08,29.17,27.81,1,-1,-1,-1
92,194,477.20,176.27,74.51,54.09,1,-1,-1,-1
92,195,602.12,169.20,40.39,35.55,1,-1,-1,-1
92,203,537.92,172.81,31.96,35.03,1,-1,-1,-1
92,212,569.39,167.17,29.54,28.03,1,-1,-1,-1
92,219,398.43,159.76,70.25,61.91,1,-1,-1,-1
93,194,473.19,176.65,77.35,55.92,1,-1,-1,-1
93,195,601.56,169.26,41.26,36.37,1,-1,-1,-1
93,203,535.93,173.19,32.98,35.76,1,-1,-1,-1
93,212,568.26,167.26,30.81,29.23,1,-1,-1,-1
93,219,369.44,159.24,80.99,71.00,1,-1,-1,-1
94,194,469.30,177.42,80.26,57.85,1,-1,-1,-1
94,195,601.35,169.51,41.73,36.88,1,-1,-1,-1
94,203,533.62,173.94,33.80,36.08,1,-1,-1,-1
94,212,567.61,167.86,31.10,29.48,1,-1,-1,-1
94,219,324.53,158.80,97.73,84.87,1,-1,-1,-1
95,194,465.13,178.45,83.19,59.74,1,-1,-1,-1
95,195,601.18,170.13,41.85,37.11,1,-1,-1,-1
95,203,531.10,174.85,34.98,36.67,1,-1,-1,-1
95,212,566.40,168.29,31.69,29.95,1,-1,-1,-1
95,219,260.41,157.40,121.83,104.08,1,-1,-1,-1
96,194,460.87,178.58,86.38,61.84,1,-1,-1,-1
96,195,600.91,170.08,42.31,37.67,1,-1,-1,-1
96,203,529.58,175.20,36.12,37.43,1,-1,-1,-1
96,212,565.84,168.31,32.09,30.30,1,-1,-1,-1
96,219,161.23,154.38,161.43,134.32,1,-1,-1,-1
97,194,456.57,179.22,88.71,63.31,1,-1,-1,-1
97,195,600.84,170.14,42.53,38.00,1,-1,-1,-1
97,203,528.23,175.67,36.78,37.70,1,-1,-1,-1
97,212,565.44,168.17,32.40,30.58,1,-1,-1,-1
97,219,51.33,149.85,224.50,186.64,1,-1,-1,-1
98,194,451.76,179.70,91.64,65.22,1,-1,-1,-1
98,195,600.81,169.98,42.90,38.42,1,-1,-1,-1
98,203,526.39,176.20,37.72,38.18,1,-1,-1,-1
98,212,565.24,168.40,32.63,30.75,1,-1,-1,-1
99,194,446.79,180.42,95.22,67.63,1,-1,-1,-1
99,195,600.73,170.24,43.20,38.80,1,-1,-1,-1
99,203,524.23,177.35,38.75,38.53,1,-1,-1,-1
99,212,564.83,169.13,32.81,30.75,1,-1,-1,-1
100,194,442.32,180.93,98.40,69.68,1,-1,-1,-1
100,195,600.42,170.77,43.49,39.13,1,-1,-1,-1
100,203,522.01,177.92,40.23,39.50,1,-1,-1,-1
100,212,564.31,169.39,33.24,30.98,1,-1,-1,-1
101,194,437.32,181.42,102.02,72.04,1,-1,-1,-1
101,195,600.24,171.07,43.81,39.50,1,-1,-1,-1
101,203,519.93,178.04,41.85,40.50,1,-1,-1,-1
101,212,563.66,169.30,34.01,31.62,1,-1,-1,-1
102,194,432.90,182.31,105.28,73.97,1,-1,-1,-1
102,195,600.52,171.03,44.20,39.96,1,-1,-1,-1
102,203,517.21,178.08,43.48,41.30,1,-1,-1,-1
102,212,563.47,169.62,34.19,31.66,1,-1,-1,-1
103,194,427.30,182.65,109.44,76.68,1,-1,-1,-1
103,195,600.20,170.64,45.30,41.18,1,-1,-1,-1
103,203,515.20,178.68,45.11,42.38,1,-1,-1,-1
103,212,563.23,169.81,34.70,32.08,1,-1,-1,-1
104,194,421.56,183.34,113.87,79.56,1,-1,-1,-1
104,195,600.48,171.31,45.12,41.09,1,-1,-1,-1
104,203,513.69,179.40,46.34,43.25,1,-1,-1,-1
104,212,563.07,170.17,34.94,32.26,1,-1,-1,-1
105,194,416.08,183.34,118.18,82.28,1,-1,-1,-1
105,195,600.89,171.18,45.02,41.07,1,-1,-1,-1
105,203,512.04,179.26,47.48,43.88,1,-1,-1,-1
105,212,562.77,169.69,35.38,32.58,1,-1,-1,-1
106,194,409.47,182.14,122.77,85.23,1,-1,-1,-1
106,195,600.61,170.37,45.17,41.18,1,-1,-1,-1
106,203,510.20,178.28,48.47,44.28,1,-1,-1,-1
106,212,562.19,168.40,36.08,33.22,1,-1,-1,-1
107,194,402.15,180.82,128.18,88.83,1,-1,-1,-1
107,195,600.26,169.66,45.34,41.32,1,-1,-1,-1
107,203,508.52,177.49,49.28,44.48,1,-1,-1,-1
107,212,561.51,167.46,36.39,33.48,1,-1,-1,-1
108,194,394.99,180.30,133.20,92.12,1,-1,-1,-1
108,195,600.02,169.20,45.29,41.20,1,-1,-1,-1
108,203,506.33,176.82,50.58,45.11,1,-1,-1,-1
108,212,560.92,166.50,36.63,33.69,1,-1,-1,-1
109,194,387.63,179.95,137.96,95.10,1,-1,-1,-1
109,195,599.60,168.59,45.49,41.35,1,-1,-1,-1
109,203,503.01,176.33,52.56,46.35,1,-1,-1,-1
109,212,559.97,165.91,37.10,34.09,1,-1,-1,-1
110,194,379.59,179.89,143.20,98.40,1,-1,-1,-1
110,195,599.10,168.15,45.50,41.30,1,-1,-1,-1
110,203,500.04,175.68,54.99,48.20,1,-1,-1,-1
110,212,559.21,165.42,37.28,34.21,1,-1,-1,-1
111,194,371.08,180.26,149.18,102.19,1,-1,-1,-1
111,195,598.61,168.40,45.44,41.16,1,-1,-1,-1
111,203,497.91,175.91,56.36,49.00,1,-1,-1,-1
111,212,558.23,165.50,37.44,34.37,1,-1,-1,-1
112,194,361.96,180.56,156.17,106.67,1,-1,-1,-1
112,195,597.96,168.08,46.09,41.73,1,-1,-1,-1
112,203,494.89,175.84,58.25,50.16,1,-1,-1,-1
112,212,557.12,165.23,38.02,35.00,1,-1,-1,-1
113,194,352.93,180.72,162.14,110.34,1,-1,-1,-1
113,195,597.24,167.02,46.88,42.51,1,-1,-1,-1
113,203,492.62,175.86,59.44,50.66,1,-1,-1,-1
113,212,556.40,165.16,38.30,35.31,1,-1,-1,-1
114,194,343.89,182.07,167.31,113.33,1,-1,-1,-1
114,195,596.62,166.13,47.59,43.26,1,-1,-1,-1
114,203,489.84,175.79,61.18,51.65,1,-1,-1,-1
114,212,555.36,164.42,39.13,36.19,1,-1,-1,-1
115,194,333.99,181.68,174.75,117.92,1,-1,-1,-1
115,195,596.05,165.24,48.53,44.27,1,-1,-1,-1
115,203,487.57,175.91,62.21,51.98,1,-1,-1,-1
115,212,554.69,164.08,39.64,36.77,1,-1,-1,-1
116,194,323.87,181.43,182.50,122.66,1,-1,-1,-1
116,195,595.88,165.15,48.63,44.42,1,-1,-1,-1
116,203,485.02,176.04,63.72,52.73,1,-1,-1,-1
116,212,554.24,164.09,39.67,36.81,1,-1,-1,-1
117,194,313.34,181.48,190.87,127.89,1,-1,-1,-1
117,195,595.98,166.18,48.39,44.16,1,-1,-1,-1
117,203,483.00,176.58,64.88,53.14,1,-1,-1,-1
117,212,553.95,164.29,39.69,36.81,1,-1,-1,-1
118,194,303.78,182.06,197.90,132.07,1,-1,-1,-1
118,195,595.67,166.35,48.76,44.45,1,-1,-1,-1
118,203,480.22,177.13,66.73,54.10,1,-1,-1,-1
118,212,553.67,164.50,39.86,36.94,1,-1,-1,-1
119,194,294.00,182.51,204.73,136.05,1,-1,-1,-1
119,195,595.31,166.20,49.33,44.98,1,-1,-1,-1
119,203,477.58,177.08,68.21,54.67,1,-1,-1,-1
119,212,553.08,164.57,40.11,37.19,1,-1,-1,-1
120,194,284.88,183.19,210.89,139.49,1,-1,-1,-1
120,195,594.66,165.62,50.29,45.95,1,-1,-1,-1
120,203,475.02,176.85,70.54,56.06,1,-1,-1,-1
120,212,552.48,164.66,40.19,37.32,1,-1,-1,-1
121,194,276.30,184.00,217.21,142.95,1,-1,-1,-1
121,195,594.39,165.99,50.50,46.14,1,-1,-1,-1
121,203,472.86,177.38,71.15,55.96,1,-1,-1,-1
121,212,551.76,164.89,40.46,37.62,1,-1,-1,-1
122,194,267.69,183.71,224.32,146.97,1,-1,-1,-1
122,195,594.18,165.97,50.90,46.54,1,-1,-1,-1
122,203,470.46,177.52,73.19,57.07,1,-1,-1,-1
122,212,551.14,164.82,40.85,38.07,1,-1,-1,-1
123,194,260.16,184.30,229.42,149.52,1,-1,-1,-1
123,195,594.14,166.48,50.60,46.20,1,-1,-1,-1
123,203,468.77,177.40,74.13,57.29,1,-1,-1,-1
123,212,550.82,164.54,40.79,38.00,1,-1,-1,-1
124,194,252.82,184.63,234.83,152.25,1,-1,-1,-1
124,195,593.67,166.46,50.80,46.33,1,-1,-1,-1
124,203,466.91,177.39,74.86,57.32,1,-1,-1,-1
124,212,549.94,164.31,40.88,38.11,1,-1,-1,-1
125,194,245.77,184.56,239.97,154.80,1,-1,-1,-1
125,195,592.57,165.40,51.90,47.40,1,-1,-1,-1
125,203,464.69,177.15,75.91,57.66,1,-1,-1,-1
125,212,548.88,163.58,41.34,38.56,1,-1,-1,-1
126,194,239.64,184.46,244.00,156.52,1,-1,-1,-1
126,195,592.11,165.75,51.58,47.04,1,-1,-1,-1
126,203,462.80,177.07,76.66,57.69,1,-1,-1,-1
126,212,548.06,163.28,41.35,38.59,1,-1,-1,-1
127,194,233.35,184.84,248.57,158.63,1,-1,-1,-1
127,195,591.55,166.39,51.46,46.82,1,-1,-1,-1
127,203,460.67,177.28,78.15,58.37,1,-1,-1,-1
127,212,547.47,163.55,41.35,38.53,1,-1,-1,-1
128,194,227.81,185.21,252.40,160.24,1,-1,-1,-1
128,195,591.25,167.51,51.24,46.44,1,-1,-1,-1
128,203,458.85,177.64,79.60,59.12,1,-1,-1,-1
128,212,546.65,164.18,41.60,38.70,1,-1,-1,-1
129,194,222.00,185.88,256.96,162.38,1,-1,-1,-1
129,195,590.57,168.39,51.62,46.69,1,-1,-1,-1
129,203,456.59,178.30,81.32,60.15,1,-1,-1,-1
129,212,546.15,165.20,41.46,38.48,1,-1,-1,-1
130,194,216.42,187.08,260.83,164.01,1,-1,-1,-1
130,195,589.78,168.87,52.55,47.54,1,-1,-1,-1
130,203,454.43,179.09,82.46,60.77,1,-1,-1,-1
130,212,545.44,166.32,41.61,38.47,1,-1,-1,-1
131,194,209.81,187.62,266.02,166.53,1,-1,-1,-1
131,195,589.10,169.50,52.76,47.70,1,-1,-1,-1
131,203,452.65,179.49,82.92,60.85,1,-1,-1,-1
131,212,544.10,166.88,42.32,39.08,1,-1,-1,-1
132,194,203.19,187.95,270.67,168.60,1,-1,-1,-1
132,195,588.10,169.66,53.06,47.98,1,-1,-1,-1
132,203,450.57,179.51,84.42,61.77,1,-1,-1,-1
132,212,542.96,167.27,42.67,39.47,1,-1,-1,-1
133,194,196.25,188.44,275.64,170.89,1,-1,-1,-1
133,195,587.45,170.38,53.14,47.93,1,-1,-1,-1
133,203,448.08,179.39,86.15,62.94,1,-1,-1,-1
133,212,542.41,167.81,42.48,39.26,1,-1,-1,-1
134,194,188.66,188.64,281.39,173.69,1,-1,-1,-1
134,195,586.66,170.52,53.76,48.43,1,-1,-1,-1
134,203,446.10,179.59,87.31,63.74,1,-1,-1,-1
134,212,541.78,168.19,42.37,39.11,1,-1,-1,-1
135,194,180.99,188.51,287.08,176.38,1,-1,-1,-1
135,195,586.29,170.90,53.56,48.13,1,-1,-1,-1
135,203,444.05,179.12,88.50,64.55,1,-1,-1,-1
135,212,541.17,168.39,42.52,39.22,1,-1,-1,-1
136,194,173.25,189.07,291.40,178.01,1,-1,-1,-1
136,195,585.38,170.81,53.98,48.48,1,-1,-1,-1
136,203,442.22,179.27,89.21,64.95,1,-1,-1,-1
136,212,540.49,168.52,42.87,39.45,1,-1,-1,-1
137,194,165.72,189.33,295.40,179.26,1,-1,-1,-1
137,195,584.36,170.73,54.67,49.06,1,-1,-1,-1
137,203,440.22,179.18,90.16,65.57,1,-1,-1,-1
137,212,539.54,168.53,43.43,39.97,1,-1,-1,-1
138,194,157.23,189.78,300.49,181.08,1,-1,-1,-1
138,195,583.90,170.97,55.01,49.29,1,-1,-1,-1
138,203,438.29,179.35,90.99,66.09,1,-1,-1,-1
138,212,538.86,168.60,43.45,39.98,1,-1,-1,-1
139,194,148.96,190.17,304.09,181.58,1,-1,-1,-1
139,195,583.43,170.90,55.36,49.59,1,-1,-1,-1
139,203,436.33,180.11,91.65,66.48,1,-1,-1,-1
139,212,538.20,168.90,43.45,39.91,1,-1,-1,-1
140,194,140.47,190.95,307.31,181.49,1,-1,-1,-1
140,195,582.76,170.78,55.88,50.04,1,-1,-1,-1
140,203,434.29,180.54,92.72,67.13,1,-1,-1,-1
140,212,537.75,169.55,43.39,39.75,1,-1,-1,-1
141,194,131.35,191.55,310.96,181.34,1,-1,-1,-1
141,195,582.32,171.23,56.02,50.15,1,-1,-1,-1
141,203,432.57,181.23,93.12,67.20,1,-1,-1,-1
141,212,536.71,169.57,43.62,39.95,1,-1,-1,-1
142,194,121.24,191.53,315.60,181.47,1,-1,-1,-1
142,195,581.73,171.42,56.43,50.55,1,-1,-1,-1
142,203,431.43,181.75,93.28,66.99,1,-1,-1,-1
142,212,535.72,169.59,44.11,40.43,1,-1,-1,-1
143,194,110.55,191.84,320.63,181.45,1,-1,-1,-1
143,195,580.96,171.38,56.95,51.04,1,-1,-1,-1
143,203,429.90,181.86,93.71,67.00,1,-1,-1,-1
143,212,535.04,169.84,43.97,40.34,1,-1,-1,-1
144,194,99.37,191.92,326.11,181.32,1,-1,-1,-1
144,195,580.40,171.19,57.12,51.13,1,-1,-1,-1
144,203,427.76,181.85,94.81,67.45,1,-1,-1,-1
144,212,534.34,169.26,44.19,40.60,1,-1,-1,-1
145,194,87.85,192.63,331.00,180.45,1,-1,-1,-1
145,195,579.99,171.40,57.22,51.17,1,-1,-1,-1
145,203,426.33,181.77,95.50,67.74,1,-1,-1,-1
145,212,534.18,169.14,44.06,40.44,1,-1,-1,-1
146,194,75.28,193.09,337.40,180.06,1,-1,-1,-1
146,195,579.78,171.64,57.46,51.34,1,-1,-1,-1
146,203,425.09,181.65,96.44,68.28,1,-1,-1,-1
146,212,533.91,169.07,44.14,40.39,1,-1,-1,-1
147,194,62.51,194.01,343.40,178.94,1,-1,-1,-1
147,195,579.58,171.76,57.64,51.47,1,-1,-1,-1
147,203,423.44,181.57,98.46,69.70,1,-1,-1,-1
147,212,533.54,168.97,44.22,40.48,1,-1,-1,-1
147,223,503.77,172.98,29.89,23.63,1,-1,-1,-1
148,194,48.31,194.27,351.32,178.59,1,-1,-1,-1
148,195,579.48,171.94,57.80,51.55,1,-1,-1,-1
148,203,422.53,182.18,98.81,69.82,1,-1,-1,-1
148,212,533.28,168.97,44.50,40.74,1,-1,-1,-1
148,223,499.15,173.10,31.55,24.97,1,-1,-1,-1
149,194,38.72,194.93,357.96,177.79,1,-1,-1,-1
149,195,579.36,171.78,57.94,51.64,1,-1,-1,-1
149,203,421.94,182.17,99.66,70.29,1,-1,-1,-1
149,212,533.10,168.99,44.76,41.01,1,-1,-1,-1
149,223,490.89,173.68,35.92,28.49,1,-1,-1,-1
150,194,32.70,195.53,363.71,177.04,1,-1,-1,-1
150,195,579.18,171.67,58.45,52.08,1,-1,-1,-1
150,203,420.75,182.03,100.93,71.21,1,-1,-1,-1
150,212,532.64,168.57,45.21,41.55,1,-1,-1,-1
150,223,484.96,173.96,38.69,30.85,1,-1,-1,-1
151,194,28.31,196.05,368.92,176.46,1,-1,-1,-1
151,195,579.16,171.65,58.51,52.06,1,-1,-1,-1
151,203,419.72,181.65,101.67,71.73,1,-1,-1,-1
151,212,532.40,168.73,45.01,41.38,1,-1,-1,-1
152,194,24.15,195.92,374.61,176.57,1,-1,-1,-1
152,195,579.22,171.30,58.74,52.23,1,-1,-1,-1
152,203,418.19,180.76,103.64,73.26,1,-1,-1,-1
152,212,532.23,168.46,45.05,41.45,1,-1,-1,-1
153,194,21.21,196.42,378.27,175.98,1,-1,-1,-1
153,195,579.21,171.33,58.80,52.20,1,-1,-1,-1
153,203,416.11,180.50,104.37,74.08,1,-1,-1,-1
153,212,531.79,168.36,45.38,41.76,1,-1,-1,-1
154,194,19.05,197.31,380.58,174.99,1,-1,-1,-1
154,195,579.07,171.32,59.12,52.49,1,-1,-1,-1
154,203,415.21,179.30,106.36,75.75,1,-1,-1,-1
154,212,531.41,168.27,45.88,42.23,1,-1,-1,-1
155,194,16.78,198.00,383.50,174.57,1,-1,-1,-1
155,195,579.08,171.42,59.15,52.55,1,-1,-1,-1
155,203,414.47,178.66,107.77,77.02,1,-1,-1,-1
155,212,531.39,168.57,45.98,42.29,1,-1,-1,-1
156,194,14.69,198.19,386.70,174.49,1,-1,-1,-1
156,195,579.47,171.54,59.11,52.53,1,-1,-1,-1
156,203,414.17,178.35,108.33,77.67,1,-1,-1,-1
156,212,531.70,169.26,45.93,42.16,1,-1,-1,-1
157,194,13.38,198.83,388.37,173.84,1,-1,-1,-1
157,195,580.23,172.30,58.82,52.27,1,-1,-1,-1
157,203,415.13,179.90,106.82,76.60,1,-1,-1,-1
157,212,532.36,170.63,45.32,41.43,1,-1,-1,-1
158,194,12.48,199.34,389.94,173.26,1,-1,-1,-1
158,195,581.07,173.09,58.38,51.87,1,-1,-1,-1
158,203,415.51,180.61,106.91,76.71,1,-1,-1,-1
158,212,532.85,171.07,45.82,41.76,1,-1,-1,-1
158,224,391.85,178.88,59.38,44.10,1,-1,-1,-1
159,194,11.43,199.56,391.78,172.93,1,-1,-1,-1
159,195,581.88,173.44,57.83,51.28,1,-1,-1,-1
159,203,415.74,180.78,106.96,76.79,1,-1,-1,-1
159,212,533.03,171.07,46.27,42.14,1,-1,-1,-1
159,224,375.85,179.50,65.03,48.23,1,-1,-1,-1
160,194,10.67,199.91,393.20,172.49,1,-1,-1,-1
160,195,582.61,173.73,57.72,51.12,1,-1,-1,-1
160,203,415.87,181.09,107.12,76.81,1,-1,-1,-1
160,212,533.42,171.05,46.65,42.52,1,-1,-1,-1
160,224,354.06,181.11,71.36,52.70,1,-1,-1,-1
160,227,509.13,169.54,31.35,29.32,1,-1,-1,-1
161,194,9.76,200.24,394.56,172.14,1,-1,-1,-1
161,195,583.02,173.50,58.18,51.55,1,-1,-1,-1
161,203,416.12,181.88,107.08,76.67,1,-1,-1,-1
161,212,533.61,171.28,47.02,42.80,1,-1,-1,-1
161,224,334.65,182.82,78.61,57.70,1,-1,-1,-1
161,227,506.35,169.98,32.16,30.04,1,-1,-1,-1
162,194,8.75,200.48,396.17,172.04,1,-1,-1,-1
162,195,583.81,174.44,58.01,51.32,1,-1,-1,-1
162,203,416.86,182.89,106.81,76.39,1,-1,-1,-1
162,212,533.44,172.04,47.44,43.09,1,-1,-1,-1
162,224,313.41,184.84,82.48,60.05,1,-1,-1,-1
162,227,501.92,170.27,34.16,31.84,1,-1,-1,-1
163,194,8.81,201.48,395.55,170.89,1,-1,-1,-1
163,195,584.26,175.64,57.83,51.03,1,-1,-1,-1
163,203,416.78,183.78,107.26,76.69,1,-1,-1,-1
163,212,533.23,173.09,47.48,43.06,1,-1,-1,-1
163,224,283.35,186.54,88.28,63.55,1,-1,-1,-1
163,227,497.01,170.55,35.34,32.91,1,-1,-1,-1
164,194,8.44,202.16,395.35,170.01,1,-1,-1,-1
164,195,584.73,175.90,57.73,50.81,1,-1,-1,-1
164,203,416.71,184.04,107.53,76.82,1,-1,-1,-1
164,212,533.33,173.52,47.76,43.21,1,-1,-1,-1
164,227,490.29,170.27,38.83,36.23,1,-1,-1,-1
165,194,3.09,197.79,405.54,174.39,1,-1,-1,-1
165,195,585.13,176.15,57.80,50.75,1,-1,-1,-1
165,203,416.64,184.53,107.43,76.64,1,-1,-1,-1
165,212,532.93,173.49,48.39,43.70,1,-1,-1,-1
165,227,483.25,170.58,40.76,37.97,1,-1,-1,-1
166,194,3.60,198.98,403.43,173.10,1,-1,-1,-1
166,195,585.95,176.93,56.94,49.84,1,-1,-1,-1
166,203,415.89,184.50,108.64,77.51,1,-1,-1,-1
166,212,532.80,173.65,48.46,43.68,1,-1,-1,-1
166,227,478.16,171.83,40.35,37.13,1,-1,-1,-1
167,194,7.44,203.60,394.47,168.35,1,-1,-1,-1
167,195,586.22,177.56,57.28,50.03,1,-1,-1,-1
167,203,415.32,184.71,109.49,78.13,1,-1,-1,-1
167,212,532.12,173.76,49.28,44.39,1,-1,-1,-1
168,194,7.82,205.13,392.53,166.80,1,-1,-1,-1
168,195,586.27,177.56,58.04,50.64,1,-1,-1,-1
168,203,414.78,184.40,110.37,78.79,1,-1,-1,-1
168,212,531.79,173.57,49.70,44.70,1,-1,-1,-1
169,194,7.63,206.29,391.54,165.71,1,-1,-1,-1
169,195,586.36,177.19,59.17,51.64,1,-1,-1,-1
169,203,413.90,183.95,111.32,79.57,1,-1,-1,-1
169,212,531.37,172.89,50.82,45.82,1,-1,-1,-1
170,194,7.36,207.21,390.73,164.74,1,-1,-1,-1
170,195,586.50,177.48,60.05,52.48,1,-1,-1,-1
170,203,410.15,183.96,112.95,80.24,1,-1,-1,-1
170,212,530.88,172.83,51.62,46.68,1,-1,-1,-1
171,194,6.10,207.09,392.12,164.88,1,-1,-1,-1
171,195,586.65,176.88,60.62,53.06,1,-1,-1,-1
171,203,411.60,184.69,112.10,79.58,1,-1,-1,-1
171,212,530.54,172.16,52.26,47.33,1,-1,-1,-1
171,223,405.28,170.28,67.53,52.97,1,-1,-1,-1
172,194,5.07,207.07,393.13,164.96,1,-1,-1,-1
172,195,587.34,176.49,60.67,53.13,1,-1,-1,-1
172,203,411.17,184.81,112.14,79.67,1,-1,-1,-1
172,212,530.35,171.62,52.71,47.80,1,-1,-1,-1
172,223,391.53,169.72,73.73,57.22,1,-1,-1,-1
173,194,4.31,207.27,393.33,164.73,1,-1,-1,-1
173,195,587.71,175.75,61.35,53.74,1,-1,-1,-1
173,203,410.44,184.80,111.82,79.46,1,-1,-1,-1
173,212,529.90,170.63,52.85,48.09,1,-1,-1,-1
173,223,370.54,169.29,82.03,62.83,1,-1,-1,-1
174,194,3.75,207.77,393.02,164.34,1,-1,-1,-1
174,195,587.53,174.75,62.39,54.73,1,-1,-1,-1
174,203,406.96,183.13,113.83,81.29,1,-1,-1,-1
174,212,529.13,170.30,52.61,48.07,1,-1,-1,-1
174,223,343.42,169.01,92.03,69.32,1,-1,-1,-1
175,194,3.02,207.85,393.38,164.31,1,-1,-1,-1
175,195,587.68,173.97,63.07,55.47,1,-1,-1,-1
175,203,405.92,180.56,117.57,84.38,1,-1,-1,-1
175,212,529.00,170.45,52.32,47.90,1,-1,-1,-1
175,223,312.48,168.32,105.28,77.67,1,-1,-1,-1
176,194,2.58,208.09,393.34,164.15,1,-1,-1,-1
176,195,588.15,173.36,63.59,56.03,1,-1,-1,-1
176,203,405.09,179.11,119.46,86.04,1,-1,-1,-1
176,212,529.20,170.49,52.24,47.84,1,-1,-1,-1
176,223,275.80,167.48,120.01,86.80,1,-1,-1,-1
177,194,1.63,207.65,394.40,164.55,1,-1,-1,-1
177,195,588.17,172.90,64.02,56.55,1,-1,-1,-1
177,203,404.79,179.99,118.82,85.65,1,-1,-1,-1
177,212,529.14,170.44,52.40,47.89,1,-1,-1,-1
177,223,229.06,166.59,133.26,92.99,1,-1,-1,-1
177,227,408.93,178.17,51.24,44.84,1,-1,-1,-1
178,194,0.61,207.20,394.91,164.81,1,-1,-1,-1
178,195,588.31,172.86,63.99,56.65,1,-1,-1,-1
178,203,403.94,181.35,118.05,85.00,1,-1,-1,-1
178,212,528.90,170.42,52.84,48.15,1,-1,-1,-1
178,227,390.82,178.68,56.09,47.51,1,-1,-1,-1
179,194,-0.30,207.22,394.57,164.78,1,-1,-1,-1
179,195,589.01,174.84,62.26,54.99,1,-1,-1,-1
179,203,402.82,182.77,117.26,84.20,1,-1,-1,-1
179,212,527.95,171.32,52.38,47.67,1,-1,-1,-1
179,227,370.36,179.83,64.22,51.98,1,-1,-1,-1
180,194,-0.89,207.69,393.21,164.35,1,-1,-1,-1
180,195,589.13,175.70,61.77,54.46,1,-1,-1,-1
180,203,400.47,183.00,119.02,85.28,1,-1,-1,-1
180,212,526.71,171.57,52.61,47.86,1,-1,-1,-1
180,227,342.15,181.35,73.63,57.39,1,-1,-1,-1
181,194,-0.62,208.93,390.34,163.22,1,-1,-1,-1
181,195,589.05,176.54,61.31,53.85,1,-1,-1,-1
181,203,398.63,183.71,120.44,86.19,1,-1,-1,-1
181,212,526.13,172.07,52.70,47.83,1,-1,-1,-1
181,227,309.91,183.58,85.55,63.42,1,-1,-1,-1
182,194,-0.03,210.86,386.21,161.50,1,-1,-1,-1
182,195,588.06,176.95,62.12,54.56,1,-1,-1,-1
182,203,396.29,184.64,122.01,87.26,1,-1,-1,-1
182,212,525.52,173.78,52.49,47.44,1,-1,-1,-1
182,227,273.00,185.67,101.91,73.06,1,-1,-1,-1
183,194,0.80,212.57,382.00,159.66,1,-1,-1,-1
183,195,587.61,177.89,62.36,54.84,1,-1,-1,-1
183,203,394.75,186.62,122.46,87.43,1,-1,-1,-1
183,212,524.34,174.84,53.44,48.25,1,-1,-1,-1
183,227,234.00,188.30,113.65,78.46,1,-1,-1,-1
184,194,0.36,213.66,379.59,158.69,1,-1,-1,-1
184,195,587.62,178.36,62.19,54.77,1,-1,-1,-1
184,203,392.78,188.02,122.92,87.58,1,-1,-1,-1
184,212,523.71,176.27,53.27,47.97,1,-1,-1,-1
184,223,160.75,189.11,115.40,70.93,1,-1,-1,-1
185,194,-0.21,214.66,377.45,157.90,1,-1,-1,-1
185,195,587.34,178.51,62.07,54.70,1,-1,-1,-1
185,203,389.51,187.86,124.87,89.07,1,-1,-1,-1
185,212,522.58,176.32,53.74,48.38,1,-1,-1,-1
186,194,-2.09,214.02,377.87,158.41,1,-1,-1,-1
186,195,587.79,178.18,61.12,53.80,1,-1,-1,-1
186,203,387.28,187.06,126.50,90.28,1,-1,-1,-1
186,212,521.62,175.51,54.30,48.92,1,-1,-1,-1
187,194,-3.48,214.25,376.63,158.30,1,-1,-1,-1
187,195,588.39,177.68,60.05,52.74,1,-1,-1,-1
187,203,385.07,186.68,126.93,90.60,1,-1,-1,-1
187,212,521.31,174.48,54.46,48.98,1,-1,-1,-1
188,194,-3.56,215.22,373.15,157.22,1,-1,-1,-1
188,195,587.97,176.10,60.04,52.69,1,-1,-1,-1
188,203,382.57,185.42,128.11,91.19,1,-1,-1,-1
188,212,520.38,172.91,54.76,49.14,1,-1,-1,-1
189,194,-4.37,215.75,370.66,156.65,1,-1,-1,-1
189,195,586.95,173.46,61.23,53.87,1,-1,-1,-1
189,203,381.63,185.19,127.53,90.54,1,-1,-1,-1
189,212,520.21,172.08,54.12,48.32,1,-1,-1,-1
190,194,-5.18,216.13,368.65,156.35,1,-1,-1,-1
190,195,586.71,172.29,61.27,54.08,1,-1,-1,-1
190,203,380.09,184.68,127.97,90.56,1,-1,-1,-1
190,212,519.73,171.23,54.42,48.43,1,-1,-1,-1
191,194,-5.78,216.46,366.51,156.03,1,-1,-1,-1
191,195,586.78,171.85,60.52,53.49,1,-1,-1,-1
191,203,377.13,183.96,130.94,92.57,1,-1,-1,-1
191,212,519.34,170.75,54.70,48.59,1,-1,-1,-1
191,232,336.13,163.58,99.68,70.44,1,-1,-1,-1
192,194,-5.16,217.93,361.81,154.50,1,-1,-1,-1
192,195,586.89,171.75,60.11,53.25,1,-1,-1,-1
192,203,375.11,184.26,131.80,93.00,1,-1,-1,-1
192,212,519.17,170.70,54.75,48.57,1,-1,-1,-1
192,232,306.56,163.45,110.58,78.06,1,-1,-1,-1
192,236,496.06,174.53,28.12,25.94,1,-1,-1,-1
193,194,-4.74,218.97,358.44,153.53,1,-1,-1,-1
193,195,586.94,171.78,59.62,52.90,1,-1,-1,-1
193,203,373.58,184.30,132.73,93.57,1,-1,-1,-1
193,212,518.66,170.57,54.65,48.39,1,-1,-1,-1
193,232,265.52,163.26,125.68,88.35,1,-1,-1,-1
193,236,490.62,174.56,29.70,27.22,1,-1,-1,-1
194,194,-4.29,219.92,355.50,152.70,1,-1,-1,-1
194,195,586.57,171.25,59.66,53.09,1,-1,-1,-1
194,203,371.88,184.99,132.87,93.61,1,-1,-1,-1
194,212,518.78,170.56,54.00,47.68,1,-1,-1,-1
194,232,214.30,162.98,144.71,100.85,1,-1,-1,-1
194,236,483.50,174.57,32.56,29.65,1,-1,-1,-1
195,194,-3.28,221.21,351.50,151.28,1,-1,-1,-1
195,195,586.51,170.80,59.24,52.87,1,-1,-1,-1
195,203,370.43,185.41,133.65,94.01,1,-1,-1,-1
195,212,518.95,170.32,53.81,47.44,1,-1,-1,-1
195,232,151.87,162.41,163.77,112.19,1,-1,-1,-1
195,236,476.48,174.56,34.97,31.59,1,-1,-1,-1
196,194,-3.44,220.87,350.81,151.35,1,-1,-1,-1
196,195,586.88,170.76,58.10,51.92,1,-1,-1,-1
196,203,369.28,185.43,133.73,93.85,1,-1,-1,-1
196,212,518.99,169.75,53.73,47.34,1,-1,-1,-1
196,232,78.55,161.76,179.21,119.16,1,-1,-1,-1
196,236,468.69,174.69,37.00,33.12,1,-1,-1,-1
197,194,-3.12,220.91,350.15,151.37,1,-1,-1,-1
197,195,587.10,170.75,57.17,51.03,1,-1,-1,-1
197,203,368.13,184.70,134.39,94.15,1,-1,-1,-1
197,212,519.16,169.30,53.37,47.01,1,-1,-1,-1
197,236,458.24,174.30,41.13,36.53,1,-1,-1,-1
198,194,-3.14,220.22,351.53,152.32,1,-1,-1,-1
198,195,587.24,170.57,56.97,50.83,1,-1,-1,-1
198,203,366.73,184.25,135.74,94.97,1,-1,-1,-1
198,212,519.24,169.06,53.18,46.80,1,-1,-1,-1
198,236,449.61,174.23,39.50,34.31,1,-1,-1,-1
199,194,-2.28,219.81,352.12,152.80,1,-1,-1,-1
199,195,587.28,170.24,57.06,50.99,1,-1,-1,-1
199,203,365.84,184.56,135.94,95.04,1,-1,-1,-1
199,212,519.55,168.97,53.20,46.77,1,-1,-1,-1
200,194,-1.53,219.32,353.19,153.41,1,-1,-1,-1
200,195,587.32,170.49,56.64,50.63,1,-1,-1,-1
200,203,363.89,182.80,138.10,96.88,1,-1,-1,-1
200,212,520.27,169.32,52.42,46.03,1,-1,-1,-1
201,194,-0.66,218.71,354.34,153.97,1,-1,-1,-1
201,195,587.55,170.88,55.83,49.89,1,-1,-1,-1
201,203,363.56,182.47,138.50,97.36,1,-1,-1,-1
201,212,521.32,169.57,51.18,44.87,1,-1,-1,-1
202,194,1.16,218.88,354.41,153.84,1,-1,-1,-1
202,195,587.89,171.79,55.10,49.11,1,-1,-1,-1
202,203,364.71,184.12,136.60,95.99,1,-1,-1,-1
202,212,522.08,170.19,50.88,44.57,1,-1,-1,-1
203,194,2.23,218.80,355.23,153.99,1,-1,-1,-1
203,195,587.77,171.94,54.97,49.00,1,-1,-1,-1
203,203,365.61,185.24,135.43,95.12,1,-1,-1,-1
203,212,522.84,170.57,50.45,44.04,1,-1,-1,-1
204,194,3.34,218.68,355.98,154.00,1,-1,-1,-1
204,195,587.96,172.27,54.23,48.27,1,-1,-1,-1
204,203,366.64,185.76,134.37,94.25,1,-1,-1,-1
204,212,523.62,170.65,50.11,43.69,1,-1,-1,-1
204,238,275.07,180.89,111.87,75.09,1,-1,-1,-1
205,194,3.45,217.77,358.36,154.76,1,-1,-1,-1
205,195,587.80,172.53,53.56,47.65,1,-1,-1,-1
205,203,367.82,185.56,133.89,93.89,1,-1,-1,-1
205,212,524.78,170.54,49.33,42.96,1,-1,-1,-1
205,238,235.83,183.05,127.52,85.14,1,-1,-1,-1
206,194,2.83,216.51,361.66,156.02,1,-1,-1,-1
206,195,587.76,172.22,53.25,47.36,1,-1,-1,-1
206,203,368.97,186.02,132.46,92.70,1,-1,-1,-1
206,212,526.07,170.38,48.39,42.03,1,-1,-1,-1
206,238,196.39,185.46,134.45,89.20,1,-1,-1,-1
207,194,3.66,216.52,362.22,155.93,1,-1,-1,-1
207,195,587.80,172.01,52.80,46.90,1,-1,-1,-1
207,203,370.30,185.21,131.90,92.13,1,-1,-1,-1
207,212,527.13,170.33,47.76,41.46,1,-1,-1,-1
207,238,138.43,189.52,127.84,82.51,1,-1,-1,-1
208,194,2.76,214.79,366.48,157.63,1,-1,-1,-1
208,195,587.77,172.11,52.05,46.09,1,-1,-1,-1
208,203,372.32,184.97,130.02,90.53,1,-1,-1,-1
208,212,528.13,170.37,46.53,40.35,1,-1,-1,-1
209,194,2.36,213.52,369.57,158.83,1,-1,-1,-1
209,195,587.65,172.08,51.59,45.58,1,-1,-1,-1
209,203,374.14,184.65,128.62,89.33,1,-1,-1,-1
209,212,529.12,170.08,46.32,40.24,1,-1,-1,-1
209,240,485.32,173.68,36.46,26.67,1,-1,-1,-1
210,194,2.58,213.33,370.66,159.12,1,-1,-1,-1
210,195,587.00,171.52,51.93,45.90,1,-1,-1,-1
210,203,375.45,184.25,127.84,88.63,1,-1,-1,-1
210,212,529.80,169.66,46.40,40.45,1,-1,-1,-1
210,240,479.89,173.74,37.52,27.47,1,-1,-1,-1
211,194,2.79,213.04,371.87,159.44,1,-1,-1,-1
211,195,586.73,171.48,51.62,45.58,1,-1,-1,-1
211,203,377.40,184.39,126.31,87.43,1,-1,-1,-1
211,212,530.59,169.48,45.90,40.17,1,-1,-1,-1
211,240,472.36,174.05,38.65,28.32,1,-1,-1,-1
212,194,3.67,213.59,371.30,158.88,1,-1,-1,-1
212,195,586.34,172.27,51.28,45.29,1,-1,-1,-1
212,203,379.80,185.64,124.11,85.79,1,-1,-1,-1
212,212,531.81,170.85,44.86,39.35,1,-1,-1,-1
212,240,461.17,175.57,47.79,35.33,1,-1,-1,-1
213,194,4.41,214.09,370.70,158.24,1,-1,-1,-1
213,195,586.24,173.76,50.40,44.49,1,-1,-1,-1
213,203,382.07,186.46,123.48,85.33,1,-1,-1,-1
213,212,532.86,171.99,43.89,38.61,1,-1,-1,-1
213,240,457.07,177.28,39.53,28.91,1,-1,-1,-1
214,194,5.24,214.83,369.88,157.45,1,-1,-1,-1
214,195,586.19,175.06,50.01,44.12,1,-1,-1,-1
214,203,383.99,186.93,122.70,84.86,1,-1,-1,-1
214,212,533.53,172.98,43.45,38.40,1,-1,-1,-1
215,194,4.92,214.45,371.34,157.72,1,-1,-1,-1
215,195,586.03,176.17,49.19,43.27,1,-1,-1,-1
215,203,385.17,185.17,123.11,85.43,1,-1,-1,-1
215,212,534.36,173.49,42.93,38.10,1,-1,-1,-1
216,194,4.94,214.38,371.83,157.55,1,-1,-1,-1
216,195,585.38,175.25,49.31,43.34,1,-1,-1,-1
216,203,387.09,184.14,121.89,84.81,1,-1,-1,-1
216,212,535.02,173.25,42.71,37.97,1,-1,-1,-1
217,194,4.47,214.26,372.97,157.73,1,-1,-1,-1
217,195,585.45,175.64,48.41,42.42,1,-1,-1,-1
217,203,389.94,185.68,118.77,82.64,1,-1,-1,-1
217,212,535.66,173.39,41.92,37.24,1,-1,-1,-1
218,194,4.09,214.25,373.61,157.72,1,-1,-1,-1
218,195,584.14,175.47,49.12,43.01,1,-1,-1,-1
218,203,392.08,186.57,116.16,80.70,1,-1,-1,-1
218,212,536.23,173.94,41.30,36.70,1,-1,-1,-1
218,241,358.95,182.75,74.43,49.33,1,-1,-1,-1
219,194,3.39,213.99,374.83,158.04,1,-1,-1,-1
219,195,583.85,176.66,48.54,42.38,1,-1,-1,-1
219,203,393.79,187.13,114.07,79.04,1,-1,-1,-1
219,212,537.31,174.57,40.42,35.96,1,-1,-1,-1
219,241,334.18,183.08,83.49,55.28,1,-1,-1,-1
220,194,3.36,214.26,374.86,157.82,1,-1,-1,-1
220,195,583.59,177.94,48.06,41.82,1,-1,-1,-1
220,203,395.73,187.54,112.93,78.20,1,-1,-1,-1
220,212,537.97,175.14,39.55,35.28,1,-1,-1,-1
220,241,300.54,183.88,95.84,63.20,1,-1,-1,-1
221,194,3.42,214.69,374.57,157.48,1,-1,-1,-1
221,195,582.43,177.60,48.81,42.50,1,-1,-1,-1
221,203,397.46,187.64,111.96,77.54,1,-1,-1,-1
221,212,538.41,175.41,39.21,34.98,1,-1,-1,-1
221,241,260.61,184.84,109.88,72.12,1,-1,-1,-1
222,194,2.92,214.63,374.94,157.47,1,-1,-1,-1
222,195,582.20,177.96,48.33,42.02,1,-1,-1,-1
222,203,398.58,187.53,111.27,77.14,1,-1,-1,-1
222,212,538.66,175.22,39.04,34.87,1,-1,-1,-1
222,241,221.75,186.40,114.41,74.42,1,-1,-1,-1
222,243,514.80,176.79,25.10,23.83,1,-1,-1,-1
223,194,2.83,214.89,374.28,157.01,1,-1,-1,-1
223,195,581.43,177.39,48.88,42.53,1,-1,-1,-1
223,203,399.42,186.97,110.96,77.08,1,-1,-1,-1
223,212,539.10,175.19,38.39,34.33,1,-1,-1,-1
223,241,170.03,188.84,105.50,65.57,1,-1,-1,-1
223,243,511.35,177.05,26.18,24.76,1,-1,-1,-1
224,194,2.62,215.45,373.69,156.61,1,-1,-1,-1
224,195,580.40,177.04,49.23,42.86,1,-1,-1,-1
224,203,400.18,186.85,110.39,76.89,1,-1,-1,-1
224,212,538.97,175.13,38.34,34.39,1,-1,-1,-1
224,243,506.02,177.25,27.46,25.80,1,-1,-1,-1
225,194,2.03,215.78,373.50,156.45,1,-1,-1,-1
225,195,579.72,176.25,49.94,43.62,1,-1,-1,-1
225,203,401.03,186.47,109.94,76.79,1,-1,-1,-1
225,212,539.14,175.17,38.38,34.53,1,-1,-1,-1
225,243,500.28,177.54,28.71,26.77,1,-1,-1,-1
226,194,0.98,215.71,374.08,156.71,1,-1,-1,-1
226,195,579.38,176.16,49.89,43.64,1,-1,-1,-1
226,203,402.15,186.04,108.98,76.28,1,-1,-1,-1
226,212,539.56,175.02,37.90,34.17,1,-1,-1,-1
226,243,494.48,177.73,30.15,27.96,1,-1,-1,-1
227,194,-0.33,214.81,375.76,157.55,1,-1,-1,-1
227,195,579.27,176.12,49.44,43.32,1,-1,-1,-1
227,203,403.41,185.67,107.14,74.98,1,-1,-1,-1
227,212,539.66,175.06,37.61,34.05,1,-1,-1,-1
227,243,488.53,177.63,31.53,29.12,1,-1,-1,-1
228,194,-0.38,215.10,374.87,157.26,1,-1,-1,-1
228,195,578.68,175.78,49.55,43.47,1,-1,-1,-1
228,203,403.91,185.54,106.86,74.81,1,-1,-1,-1
228,212,539.87,174.69,37.73,34.33,1,-1,-1,-1
228,243,482.11,177.72,33.36,30.80,1,-1,-1,-1
229,194,-0.54,215.28,374.22,157.10,1,-1,-1,-1
229,195,578.32,175.90,49.40,43.38,1,-1,-1,-1
229,203,404.25,185.64,106.93,74.98,1,-1,-1,-1
229,212,540.61,174.40,37.71,34.37,1,-1,-1,-1
229,243,475.85,178.04,34.46,31.72,1,-1,-1,-1
230,194,-0.65,215.64,373.24,156.80,1,-1,-1,-1
230,195,578.03,175.98,49.29,43.33,1,-1,-1,-1
230,203,405.00,186.06,105.83,74.23,1,-1,-1,-1
230,212,540.83,174.40,37.47,34.25,1,-1,-1,-1
231,194,-1.23,215.22,373.62,157.16,1,-1,-1,-1
231,195,577.39,175.52,49.66,43.68,1,-1,-1,-1
231,203,405.19,185.91,105.49,74.03,1,-1,-1,-1
231,212,540.79,174.60,36.91,33.87,1,-1,-1,-1
232,194,-1.88,214.53,374.63,157.84,1,-1,-1,-1
232,195,576.85,175.80,49.31,43.27,1,-1,-1,-1
232,203,405.00,185.21,105.74,74.26,1,-1,-1,-1
232,212,541.51,174.04,37.11,33.98,1,-1,-1,-1
233,194,-2.42,213.92,375.35,158.45,1,-1,-1,-1
233,195,575.60,175.20,49.93,43.81,1,-1,-1,-1
233,203,404.84,185.52,105.30,73.89,1,-1,-1,-1
233,212,541.74,173.79,37.12,33.96,1,-1,-1,-1
234,194,-3.12,213.29,376.45,159.29,1,-1,-1,-1
234,195,575.22,175.49,50.09,43.93,1,-1,-1,-1
234,203,404.89,186.38,104.88,73.50,1,-1,-1,-1
234,212,542.03,173.85,36.98,33.80,1,-1,-1,-1
235,194,-3.25,213.07,376.24,159.55,1,-1,-1,-1
235,195,574.60,175.64,50.16,43.99,1,-1,-1,-1
235,203,404.52,186.99,104.80,73.29,1,-1,-1,-1
235,212,541.75,174.10,37.04,34.01,1,-1,-1,-1
235,244,382.23,180.52,65.10,50.26,1,-1,-1,-1
236,194,-4.09,212.15,377.10,160.39,1,-1,-1,-1
236,195,574.20,175.74,49.66,43.50,1,-1,-1,-1
236,203,403.52,186.79,105.82,73.94,1,-1,-1,-1
236,212,541.72,174.35,36.81,34.02,1,-1,-1,-1
236,244,360.39,180.90,72.92,56.29,1,-1,-1,-1
237,194,-4.11,212.26,375.90,160.31,1,-1,-1,-1
237,195,573.48,176.31,49.63,43.43,1,-1,-1,-1
237,203,402.77,187.14,106.42,74.30,1,-1,-1,-1
237,212,541.89,174.71,36.52,33.96,1,-1,-1,-1
237,244,330.60,182.46,81.67,62.96,1,-1,-1,-1
238,194,-4.06,212.45,374.43,160.10,1,-1,-1,-1
238,195,572.42,176.79,49.90,43.68,1,-1,-1,-1
238,203,401.43,187.85,107.08,74.64,1,-1,-1,-1
238,212,541.89,175.11,36.27,33.95,1,-1,-1,-1
238,244,297.43,184.25,93.40,71.33,1,-1,-1,-1
239,194,-2.87,214.27,369.44,158.22,1,-1,-1,-1
239,195,571.25,177.79,50.07,43.76,1,-1,-1,-1
239,203,399.52,188.46,108.39,75.54,1,-1,-1,-1
239,212,541.35,175.80,36.27,34.18,1,-1,-1,-1
239,244,254.43,185.80,108.60,82.03,1,-1,-1,-1
240,194,-2.92,215.23,366.67,157.36,1,-1,-1,-1
240,195,570.08,178.55,50.48,44.13,1,-1,-1,-1
240,203,397.03,188.41,109.53,76.32,1,-1,-1,-1
240,212,540.82,176.25,36.09,34.32,1,-1,-1,-1
240,244,209.49,188.54,115.19,85.52,1,-1,-1,-1
241,194,-1.85,217.23,360.52,154.90,1,-1,-1,-1
241,195,568.47,178.70,51.24,44.81,1,-1,-1,-1
241,203,394.82,189.16,110.09,76.65,1,-1,-1,-1
241,212,540.44,176.74,35.97,34.54,1,-1,-1,-1
241,244,141.13,190.86,117.70,83.21,1,-1,-1,-1
242,194,-1.65,219.54,354.90,152.70,1,-1,-1,-1
242,195,566.60,178.36,52.53,46.15,1,-1,-1,-1
242,203,392.06,190.01,111.62,77.65,1,-1,-1,-1
242,212,539.72,177.29,35.66,34.59,1,-1,-1,-1
243,194,-3.52,220.02,352.70,152.22,1,-1,-1,-1
243,195,565.15,178.30,52.91,46.65,1,-1,-1,-1
243,203,388.61,190.60,113.08,78.58,1,-1,-1,-1
243,212,538.86,177.48,35.63,34.83,1,-1,-1,-1
244,194,-6.27,220.15,350.89,152.22,1,-1,-1,-1
244,195,564.00,178.33,52.93,46.73,1,-1,-1,-1
244,203,384.67,190.25,115.06,79.92,1,-1,-1,-1
244,212,537.94,177.12,35.64,35.20,1,-1,-1,-1
245,194,-7.95,221.62,345.63,150.82,1,-1,-1,-1
245,195,562.29,177.47,53.29,47.14,1,-1,-1,-1
245,203,380.37,189.75,117.44,81.49,1,-1,-1,-1
245,212,536.83,176.04,35.52,35.55,1,-1,-1,-1
246,194,-8.76,224.19,337.94,148.38,1,-1,-1,-1
246,195,560.77,176.98,52.90,46.74,1,-1,-1,-1
246,203,375.97,188.55,119.57,82.82,1,-1,-1,-1
246,212,535.90,174.85,35.00,35.50,1,-1,-1,-1
247,194,-9.40,227.44,328.40,145.16,1,-1,-1,-1
247,195,559.03,175.45,53.51,47.26,1,-1,-1,-1
247,203,370.70,187.33,122.65,84.89,1,-1,-1,-1
247,212,534.29,173.25,35.37,36.23,1,-1,-1,-1
248,194,-9.61,231.93,316.51,140.86,1,-1,-1,-1
248,195,556.88,174.22,54.09,47.78,1,-1,-1,-1
248,203,365.50,186.65,124.79,86.23,1,-1,-1,-1
248,212,533.25,172.36,35.01,36.27,1,-1,-1,-1
249,194,-7.44,238.81,299.30,133.85,1,-1,-1,-1
249,195,555.18,173.90,54.17,47.83,1,-1,-1,-1
249,203,360.26,186.09,127.66,88.04,1,-1,-1,-1
249,212,532.11,171.94,34.44,36.02,1,-1,-1,-1
249,249,514.30,174.35,22.27,21.37,1,-1,-1,-1
250,194,0.81,253.42,267.46,119.15,1,-1,-1,-1
250,195,553.98,174.21,54.17,47.71,1,-1,-1,-1
250,203,354.75,186.15,130.40,89.67,1,-1,-1,-1
250,212,530.69,171.65,34.53,36.58,1,-1,-1,-1
250,249,510.63,174.36,22.94,21.93,1,-1,-1,-1
250,250,596.77,172.45,27.34,30.35,1,-1,-1,-1
251,194,9.22,270.08,232.80,102.45,1,-1,-1,-1
251,195,552.03,174.35,54.78,48.12,1,-1,-1,-1
251,203,349.07,186.43,133.39,91.47,1,-1,-1,-1
251,212,529.09,171.70,34.13,36.73,1,-1,-1,-1
251,249,504.98,174.44,23.76,22.61,1,-1,-1,-1
251,250,596.13,172.39,27.87,30.92,1,-1,-1,-1
252,194,18.40,289.33,194.18,83.32,1,-1,-1,-1
252,195,550.36,174.66,55.29,48.48,1,-1,-1,-1
252,203,342.76,186.43,136.88,93.62,1,-1,-1,-1
252,212,527.51,172.02,33.73,36.88,1,-1,-1,-1
252,249,499.61,175.08,24.43,23.05,1,-1,-1,-1
252,250,595.35,172.20,28.60,31.74,1,-1,-1,-1
253,195,548.47,175.24,55.82,48.83,1,-1,-1,-1
253,203,336.28,186.60,140.80,95.96,1,-1,-1,-1
253,212,526.02,171.94,33.47,37.22,1,-1,-1,-1
253,249,493.24,175.00,25.99,24.30,1,-1,-1,-1
253,250,594.43,172.38,29.08,32.25,1,-1,-1,-1
254,195,546.56,175.30,56.63,49.47,1,-1,-1,-1
254,203,329.90,187.05,143.72,97.53,1,-1,-1,-1
254,212,524.95,171.80,32.85,37.11,1,-1,-1,-1
254,249,486.61,175.17,27.28,25.18,1,-1,-1,-1
254,250,593.41,172.10,29.74,32.93,1,-1,-1,-1
255,195,544.02,175.21,57.46,50.15,1,-1,-1,-1
255,203,322.85,187.58,147.87,99.88,1,-1,-1,-1
255,212,523.55,172.00,32.43,37.20,1,-1,-1,-1
255,249,479.37,175.86,28.07,25.37,1,-1,-1,-1
255,250,592.43,172.15,29.98,33.01,1,-1,-1,-1
256,195,542.20,174.53,58.30,50.85,1,-1,-1,-1
256,203,315.40,187.84,151.69,101.95,1,-1,-1,-1
256,212,521.65,171.57,32.31,37.73,1,-1,-1,-1
256,249,471.64,175.76,29.57,26.26,1,-1,-1,-1
256,250,591.43,171.39,30.73,33.74,1,-1,-1,-1
257,195,540.16,173.74,59.10,51.52,1,-1,-1,-1
257,203,307.67,187.92,155.50,103.94,1,-1,-1,-1
257,212,520.64,171.25,32.07,37.74,1,-1,-1,-1
257,249,462.41,175.45,31.65,27.45,1,-1,-1,-1
257,250,590.38,170.63,31.21,34.13,1,-1,-1,-1
258,195,538.18,173.08,60.32,52.60,1,-1,-1,-1
258,203,299.13,187.94,160.66,106.89,1,-1,-1,-1
258,212,518.52,171.21,32.27,38.42,1,-1,-1,-1
258,249,452.79,175.24,34.16,29.05,1,-1,-1,-1
258,250,589.36,170.14,31.91,34.76,1,-1,-1,-1
259,195,535.66,172.55,61.78,53.87,1,-1,-1,-1
259,203,291.37,187.93,165.31,109.37,1,-1,-1,-1
259,212,516.73,171.42,32.23,38.96,1,-1,-1,-1
259,249,442.95,175.44,36.69,30.54,1,-1,-1,-1
259,250,589.01,170.05,31.93,34.57,1,-1,-1,-1
260,195,533.68,171.83,62.90,54.87,1,-1,-1,-1
260,203,283.25,187.58,170.14,111.94,1,-1,-1,-1
260,212,516.10,171.11,31.97,38.99,1,-1,-1,-1
260,249,431.84,174.91,39.95,32.65,1,-1,-1,-1
260,250,588.31,169.21,32.21,34.54,1,-1,-1,-1
261,195,531.61,171.26,64.21,56.17,1,-1,-1,-1
261,203,274.23,188.22,175.77,115.05,1,-1,-1,-1
261,212,514.72,170.99,31.85,39.23,1,-1,-1,-1
261,249,419.61,175.57,42.46,34.14,1,-1,-1,-1
261,250,587.88,169.19,32.37,34.44,1,-1,-1,-1
262,195,529.35,170.92,65.47,57.44,1,-1,-1,-1
262,203,264.80,188.88,181.63,118.24,1,-1,-1,-1
262,212,512.30,171.04,32.03,40.34,1,-1,-1,-1
262,249,406.25,176.55,45.20,35.81,1,-1,-1,-1
262,250,587.89,169.54,32.84,34.69,1,-1,-1,-1
263,195,527.48,171.51,66.33,58.31,1,-1,-1,-1
263,203,254.87,189.63,188.34,122.04,1,-1,-1,-1
263,212,510.94,170.88,32.39,41.49,1,-1,-1,-1
263,249,391.86,177.63,48.58,38.06,1,-1,-1,-1
263,250,587.73,170.16,33.18,34.82,1,-1,-1,-1
264,195,526.13,172.65,66.63,58.55,1,-1,-1,-1
264,203,245.28,190.83,194.37,125.25,1,-1,-1,-1
264,212,509.74,170.87,33.07,42.75,1,-1,-1,-1
264,249,375.63,179.46,50.29,38.68,1,-1,-1,-1
264,250,586.85,171.00,33.95,35.27,1,-1,-1,-1
265,195,524.27,173.76,67.59,59.42,1,-1,-1,-1
265,203,235.46,192.87,200.15,128.09,1,-1,-1,-1
265,212,508.41,171.57,33.82,44.27,1,-1,-1,-1
265,250,586.22,171.35,35.44,36.70,1,-1,-1,-1
266,195,522.29,174.67,68.64,60.37,1,-1,-1,-1
266,203,223.25,192.87,209.31,133.35,1,-1,-1,-1
266,212,507.34,172.01,34.30,44.96,1,-1,-1,-1
266,250,585.96,171.71,36.08,37.27,1,-1,-1,-1
267,195,520.99,175.50,68.73,60.33,1,-1,-1,-1
267,203,210.91,192.07,217.81,138.09,1,-1,-1,-1
267,212,508.66,171.95,35.38,45.29,1,-1,-1,-1
267,250,585.71,171.58,36.54,37.65,1,-1,-1,-1
268,195,518.39,173.71,70.83,62.26,1,-1,-1,-1
268,203,199.31,193.13,224.06,141.02,1,-1,-1,-1
268,212,507.00,171.08,36.03,45.74,1,-1,-1,-1
268,250,585.50,170.80,36.76,37.70,1,-1,-1,-1
269,195,516.61,172.79,71.61,63.01,1,-1,-1,-1
269,203,188.55,194.91,229.21,142.98,1,-1,-1,-1
269,250,585.19,170.21,36.99,37.63,1,-1,-1,-1
270,195,514.77,172.22,72.64,63.98,1,-1,-1,-1
270,203,176.51,195.83,237.47,147.00,1,-1,-1,-1
270,250,585.41,170.13,37.08,37.53,1,-1,-1,-1
270,212,502.94,170.96,36.31,46.12,1,-1,-1,-1
271,195,513.48,172.42,73.05,64.42,1,-1,-1,-1
271,203,165.09,196.26,245.37,150.74,1,-1,-1,-1
271,250,585.40,169.97,37.56,37.84,1,-1,-1,-1
271,252,-43.24,197.12,271.81,127.72,1,-1,-1,-1
271,212,500.77,171.16,36.14,46.17,1,-1,-1,-1
272,195,511.93,171.79,74.34,65.67,1,-1,-1,-1
272,203,154.78,196.42,252.63,153.96,1,-1,-1,-1
272,250,585.76,169.45,38.13,38.25,1,-1,-1,-1
272,252,-77.68,202.80,257.92,122.94,1,-1,-1,-1
272,212,498.67,171.00,35.61,46.21,1,-1,-1,-1
273,195,510.49,171.57,75.61,66.85,1,-1,-1,-1
273,203,144.75,195.62,261.28,158.17,1,-1,-1,-1
273,250,586.07,169.19,38.76,38.78,1,-1,-1,-1
273,212,498.03,170.48,35.56,46.56,1,-1,-1,-1
274,195,509.85,171.05,76.40,67.66,1,-1,-1,-1
274,203,136.81,195.59,267.55,160.80,1,-1,-1,-1
274,250,586.99,169.35,38.73,38.58,1,-1,-1,-1
274,212,497.94,169.97,35.58,46.99,1,-1,-1,-1
275,195,509.09,170.08,77.13,68.36,1,-1,-1,-1
275,203,129.71,195.40,273.90,163.55,1,-1,-1,-1
275,250,587.74,168.61,39.10,38.76,1,-1,-1,-1
275,212,497.19,169.12,35.16,47.44,1,-1,-1,-1
276,195,508.78,169.27,77.77,68.99,1,-1,-1,-1
276,203,123.30,194.90,280.43,166.57,1,-1,-1,-1
276,250,588.57,168.03,39.37,38.81,1,-1,-1,-1
276,212,497.67,168.25,35.10,48.16,1,-1,-1,-1
277,195,508.68,169.54,77.95,69.14,1,-1,-1,-1
277,203,118.91,195.02,284.29,167.89,1,-1,-1,-1
277,250,589.17,167.71,39.89,39.13,1,-1,-1,-1
277,212,497.85,168.01,34.70,48.33,1,-1,-1,-1
278,195,508.06,169.47,78.25,69.34,1,-1,-1,-1
278,203,115.67,194.60,287.59,168.93,1,-1,-1,-1
278,250,589.23,166.61,40.88,40.01,1,-1,-1,-1
279,195,508.17,170.01,77.54,68.53,1,-1,-1,-1
279,203,114.08,194.05,289.75,169.31,1,-1,-1,-1
279,250,589.66,165.76,41.31,40.31,1,-1,-1,-1
280,195,507.37,168.80,78.58,69.37,1,-1,-1,-1
280,203,113.61,193.51,291.62,169.66,1,-1,-1,-1
280,250,590.00,164.73,42.25,41.21,1,-1,-1,-1
281,195,507.28,168.54,78.83,69.48,1,-1,-1,-1
281,203,114.35,192.64,293.24,170.06,1,-1,-1,-1
281,250,590.52,164.14,42.58,41.53,1,-1,-1,-1
282,195,506.81,168.14,79.77,70.29,1,-1,-1,-1
282,203,116.03,192.29,294.10,170.20,1,-1,-1,-1
282,250,590.86,164.01,42.71,41.64,1,-1,-1,-1
283,195,506.17,168.53,80.67,71.13,1,-1,-1,-1
283,203,119.87,192.83,292.60,169.01,1,-1,-1,-1
283,250,591.85,165.06,42.69,41.63,1,-1,-1,-1
283,212,488.61,169.43,20.77,27.60,1,-1,-1,-1
284,195,506.23,170.16,80.80,71.21,1,-1,-1,-1
284,203,124.29,194.93,289.85,167.04,1,-1,-1,-1
284,250,593.34,167.87,41.95,40.84,1,-1,-1,-1
284,212,484.78,172.00,20.85,25.99,1,-1,-1,-1
285,195,506.85,172.06,80.35,70.70,1,-1,-1,-1
285,203,129.04,196.16,288.10,165.76,1,-1,-1,-1
285,250,594.63,169.39,41.80,40.62,1,-1,-1,-1
285,212,480.46,173.75,22.50,26.19,1,-1,-1,-1
286,195,506.71,172.53,80.95,71.11,1,-1,-1,-1
286,203,135.26,199.25,282.67,162.06,1,-1,-1,-1
286,250,595.30,170.09,41.96,40.76,1,-1,-1,-1
286,212,475.20,174.82,25.29,27.56,1,-1,-1,-1
287,195,507.05,172.63,81.43,71.55,1,-1,-1,-1
287,203,140.36,200.29,279.22,159.54,1,-1,-1,-1
287,250,595.93,170.28,42.32,41.05,1,-1,-1,-1
287,212,468.74,175.38,27.92,28.78,1,-1,-1,-1
288,195,507.00,172.26,81.85,71.89,1,-1,-1,-1
288,203,142.97,199.01,279.86,159.71,1,-1,-1,-1
288,250,596.59,170.27,42.54,41.19,1,-1,-1,-1
288,212,460.76,175.79,31.17,30.52,1,-1,-1,-1
289,195,506.22,171.49,82.84,72.75,1,-1,-1,-1
289,203,145.95,198.00,279.90,159.70,1,-1,-1,-1
289,250,596.94,170.15,42.91,41.53,1,-1,-1,-1
289,212,451.25,176.08,34.51,32.32,1,-1,-1,-1
290,195,505.93,171.48,83.28,73.18,1,-1,-1,-1
290,203,147.99,197.29,280.49,160.13,1,-1,-1,-1
290,250,597.03,170.48,43.09,41.68,1,-1,-1,-1
290,212,440.87,176.84,38.06,34.24,1,-1,-1,-1
291,195,505.79,172.08,82.92,72.77,1,-1,-1,-1
291,203,151.26,197.12,278.60,159.08,1,-1,-1,-1
291,250,597.68,171.21,42.81,41.26,1,-1,-1,-1
291,212,429.24,177.43,41.95,36.48,1,-1,-1,-1
292,195,505.52,172.49,82.82,72.53,1,-1,-1,-1
292,203,154.44,196.86,277.06,158.30,1,-1,-1,-1
292,250,598.02,171.36,42.68,41.05,1,-1,-1,-1
292,212,416.58,178.12,45.80,38.60,1,-1,-1,-1
293,195,504.64,171.93,83.56,73.22,1,-1,-1,-1
293,203,156.88,196.44,275.79,157.68,1,-1,-1,-1
293,250,598.20,171.47,42.52,40.80,1,-1,-1,-1
293,212,402.47,178.51,49.41,40.26,1,-1,-1,-1
294,195,503.97,171.70,83.71,73.43,1,-1,-1,-1
294,203,159.35,196.24,274.25,156.91,1,-1,-1,-1
294,250,598.07,171.46,42.66,40.85,1,-1,-1,-1
294,212,386.33,178.78,54.59,43.44,1,-1,-1,-1
294,255,482.12,174.23,28.70,27.66,1,-1,-1,-1
295,195,503.60,171.74,83.74,73.54,1,-1,-1,-1
295,203,161.85,195.94,272.20,155.79,1,-1,-1,-1
295,250,598.18,171.45,42.67,40.78,1,-1,-1,-1
295,212,371.05,179.61,57.18,44.42,1,-1,-1,-1
295,255,477.28,174.42,30.11,28.86,1,-1,-1,-1
296,195,503.58,172.15,83.57,73.45,1,-1,-1,-1
296,203,163.47,195.57,272.10,155.97,1,-1,-1,-1
296,250,598.43,171.55,42.61,40.69,1,-1,-1,-1
296,212,353.33,180.19,60.40,46.05,1,-1,-1,-1
296,255,468.97,174.77,31.55,29.99,1,-1,-1,-1
297,195,503.54,172.29,83.34,73.30,1,-1,-1,-1
297,203,165.78,195.27,270.66,155.34,1,-1,-1,-1
297,250,598.35,171.56,42.78,40.86,1,-1,-1,-1
297,212,336.59,181.13,52.38,36.59,1,-1,-1,-1
297,255,461.63,174.90,34.34,32.12,1,-1,-1,-1
298,195,502.79,172.32,84.08,74.12,1,-1,-1,-1
298,203,167.92,194.97,269.46,154.84,1,-1,-1,-1
298,250,598.28,171.75,43.07,41.14,1,-1,-1,-1
298,255,451.85,175.69,36.80,33.81,1,-1,-1,-1
299,195,502.10,172.32,84.58,74.76,1,-1,-1,-1
299,203,168.83,193.31,270.29,155.72,1,-1,-1,-1
299,250,598.39,172.12,43.29,41.32,1,-1,-1,-1
299,255,441.34,176.00,40.25,36.16,1,-1,-1,-1
300,195,501.26,172.00,84.95,75.28,1,-1,-1,-1
300,203,172.29,195.33,265.76,153.10,1,-1,-1,-1
300,250,598.02,172.14,43.58,41.57,1,-1,-1,-1
300,255,429.04,176.55,44.00,38.61,1,-1,-1,-1
301,195,500.73,172.23,84.95,75.44,1,-1,-1,-1
301,203,174.30,195.81,263.85,152.04,1,-1,-1,-1
301,250,597.82,172.12,43.90,41.84,1,-1,-1,-1
301,255,415.49,177.18,47.50,40.52,1,-1,-1,-1
301,257,577.88,170.26,31.70,35.17,1,-1,-1,-1
302,195,500.42,172.39,84.77,75.35,1,-1,-1,-1
302,203,176.17,195.53,262.90,151.63,1,-1,-1,-1
302,250,597.72,172.15,44.34,42.24,1,-1,-1,-1
302,255,400.70,177.48,51.53,42.73,1,-1,-1,-1
302,257,577.54,170.44,31.76,35.22,1,-1,-1,-1
302,258,5.12,192.81,221.95,119.31,1,-1,-1,-1
303,195,499.40,172.29,85.27,75.87,1,-1,-1,-1
303,203,177.31,195.47,261.95,151.13,1,-1,-1,-1
303,250,597.53,172.21,44.83,42.70,1,-1,-1,-1
303,255,385.78,178.03,55.98,45.50,1,-1,-1,-1
303,257,577.24,170.40,32.08,35.58,1,-1,-1,-1
303,258,-27.49,197.43,222.48,120.45,1,-1,-1,-1
304,195,498.75,172.29,85.53,76.22,1,-1,-1,-1
304,203,178.50,195.31,261.00,150.68,1,-1,-1,-1
304,250,597.27,171.80,45.44,43.29,1,-1,-1,-1
304,255,369.20,178.41,59.07,46.84,1,-1,-1,-1
304,257,576.84,170.08,32.52,36.03,1,-1,-1,-1
305,195,498.02,172.48,85.47,76.19,1,-1,-1,-1
305,203,179.54,194.76,261.28,151.05,1,-1,-1,-1
305,250,596.99,171.64,45.75,43.60,1,-1,-1,-1
305,255,351.15,178.73,59.33,45.22,1,-1,-1,-1
305,257,577.11,169.93,32.72,36.23,1,-1,-1,-1
306,195,497.59,173.40,84.97,75.61,1,-1,-1,-1
306,203,180.51,194.41,261.22,151.22,1,-1,-1,-1
306,250,596.94,171.73,45.93,43.77,1,-1,-1,-1
306,255,332.42,179.71,48.89,32.75,1,-1,-1,-1
306,257,577.12,169.94,32.72,36.18,1,-1,-1,-1
307,195,496.37,173.36,85.66,76.09,1,-1,-1,-1
307,203,179.89,191.37,264.57,153.77,1,-1,-1,-1
307,250,596.76,171.71,46.37,44.26,1,-1,-1,-1
307,257,577.64,170.02,32.26,35.64,1,-1,-1,-1
308,195,495.54,173.04,86.68,77.02,1,-1,-1,-1
308,203,183.38,193.50,260.16,151.22,1,-1,-1,-1
308,250,596.97,172.41,46.11,44.04,1,-1,-1,-1
308,257,577.42,171.00,31.63,34.81,1,-1,-1,-1
309,195,494.86,173.53,87.36,77.65,1,-1,-1,-1
309,203,183.99,194.22,259.74,151.12,1,-1,-1,-1
309,250,597.13,173.28,46.05,43.96,1,-1,-1,-1
309,257,576.64,171.73,32.10,35.29,1,-1,-1,-1
309,261,474.31,176.76,31.78,29.21,1,-1,-1,-1
310,195,494.15,174.30,87.38,77.67,1,-1,-1,-1
310,203,184.37,194.93,258.92,150.72,1,-1,-1,-1
310,250,597.23,173.76,46.03,43.91,1,-1,-1,-1
310,257,576.50,171.97,32.46,35.70,1,-1,-1,-1
310,261,469.12,177.27,32.79,29.99,1,-1,-1,-1
311,195,493.01,174.30,88.21,78.48,1,-1,-1,-1
311,203,183.91,195.41,258.73,150.58,1,-1,-1,-1
311,250,597.22,174.01,46.11,43.97,1,-1,-1,-1
311,257,576.77,171.79,32.78,36.06,1,-1,-1,-1
311,261,461.64,177.71,34.87,31.58,1,-1,-1,-1
311,258,-20.32,191.29,243.66,133.99,1,-1,-1,-1
312,195,491.91,174.28,89.00,79.21,1,-1,-1,-1
312,203,182.29,195.46,260.16,151.39,1,-1,-1,-1
312,250,597.15,174.17,46.34,44.16,1,-1,-1,-1
312,257,577.02,171.77,32.75,36.00,1,-1,-1,-1
312,261,453.39,177.88,37.91,33.79,1,-1,-1,-1
312,258,-39.55,193.79,232.00,133.28,1,-1,-1,-1
313,195,490.85,174.48,89.65,79.77,1,-1,-1,-1
313,203,180.29,195.60,261.59,152.22,1,-1,-1,-1
313,250,597.13,174.28,46.67,44.48,1,-1,-1,-1
313,257,576.12,173.09,31.50,34.61,1,-1,-1,-1
313,261,441.23,178.62,40.32,35.50,1,-1,-1,-1
314,195,489.63,174.80,90.08,80.10,1,-1,-1,-1
314,203,177.47,195.85,263.45,153.24,1,-1,-1,-1
314,250,597.12,174.33,46.89,44.70,1,-1,-1,-1
314,257,575.83,173.17,31.53,34.53,1,-1,-1,-1
314,261,431.19,178.96,43.95,37.77,1,-1,-1,-1
315,195,488.19,174.63,90.91,80.79,1,-1,-1,-1
315,203,174.62,196.14,265.24,154.17,1,-1,-1,-1
315,250,597.13,174.37,47.20,45.00,1,-1,-1,-1
315,257,575.94,173.21,31.52,34.44,1,-1,-1,-1
315,261,418.91,179.47,47.47,39.66,1,-1,-1,-1
316,195,486.93,174.64,91.95,81.74,1,-1,-1,-1
316,203,171.27,196.55,267.52,155.36,1,-1,-1,-1
316,250,597.01,174.48,47.54,45.34,1,-1,-1,-1
316,257,575.03,174.11,30.90,33.61,1,-1,-1,-1
316,261,405.27,180.21,51.23,41.54,1,-1,-1,-1
317,195,486.01,175.20,92.57,82.25,1,-1,-1,-1
317,203,167.16,196.93,271.33,157.54,1,-1,-1,-1
317,250,597.04,174.82,47.80,45.55,1,-1,-1,-1
317,257,574.17,175.86,30.12,32.55,1,-1,-1,-1
317,261,389.87,180.92,56.39,44.47,1,-1,-1,-1
318,195,484.73,175.36,93.41,82.92,1,-1,-1,-1
318,203,162.54,196.62,275.01,159.63,1,-1,-1,-1
318,250,597.04,174.73,48.10,45.84,1,-1,-1,-1
318,257,574.03,176.08,30.32,32.59,1,-1,-1,-1
318,261,375.12,181.68,60.11,46.28,1,-1,-1,-1
319,195,483.25,174.87,94.52,83.85,1,-1,-1,-1
319,203,158.25,196.00,277.89,161.22,1,-1,-1,-1
319,250,597.00,174.49,48.25,45.99,1,-1,-1,-1
319,257,573.81,175.25,30.67,33.02,1,-1,-1,-1
319,261,358.13,182.26,63.64,47.79,1,-1,-1,-1
320,195,481.93,174.31,95.13,84.32,1,-1,-1,-1
320,203,154.36,195.36,280.20,162.34,1,-1,-1,-1
320,250,596.80,173.31,48.62,46.40,1,-1,-1,-1
320,257,574.43,173.34,31.52,33.87,1,-1,-1,-1
320,261,339.88,182.14,61.24,43.52,1,-1,-1,-1
321,195,480.23,172.65,96.50,85.57,1,-1,-1,-1
321,203,150.05,194.71,283.50,164.12,1,-1,-1,-1
321,250,596.51,171.96,49.36,47.22,1,-1,-1,-1
321,257,575.01,171.69,32.16,34.39,1,-1,-1,-1
321,261,319.43,181.48,55.45,35.64,1,-1,-1,-1
322,195,479.28,171.94,97.35,86.25,1,-1,-1,-1
322,203,145.01,193.04,288.10,166.77,1,-1,-1,-1
322,250,596.23,170.75,49.97,47.92,1,-1,-1,-1
322,257,574.00,172.18,31.30,33.34,1,-1,-1,-1
323,195,478.07,171.26,98.34,87.13,1,-1,-1,-1
323,203,141.93,193.48,289.54,167.36,1,-1,-1,-1
323,250,596.34,170.36,49.84,47.88,1,-1,-1,-1
323,257,573.70,172.17,30.76,32.66,1,-1,-1,-1
324,195,477.35,170.75,98.92,87.63,1,-1,-1,-1
324,203,138.96,193.26,291.54,168.35,1,-1,-1,-1
324,250,596.36,170.09,49.72,47.83,1,-1,-1,-1
324,257,573.36,172.26,30.53,32.24,1,-1,-1,-1
324,266,652.04,170.55,12.01,28.32,1,-1,-1,-1
324,258,61.36,186.13,188.02,103.16,1,-1,-1,-1
325,195,477.00,170.56,98.70,87.36,1,-1,-1,-1
325,203,136.31,193.05,293.44,169.27,1,-1,-1,-1
325,250,596.36,169.98,49.65,47.79,1,-1,-1,-1
325,257,573.10,172.43,30.35,31.86,1,-1,-1,-1
325,266,651.90,170.07,12.23,28.86,1,-1,-1,-1
325,258,16.65,188.18,215.30,118.05,1,-1,-1,-1
326,195,476.91,170.30,98.40,86.94,1,-1,-1,-1
326,203,134.75,192.41,294.98,170.04,1,-1,-1,-1
326,250,596.46,169.73,49.70,47.89,1,-1,-1,-1
326,257,572.80,172.46,30.29,31.64,1,-1,-1,-1
326,258,-11.43,190.35,236.91,134.90,1,-1,-1,-1
327,195,476.53,170.08,98.43,86.89,1,-1,-1,-1
327,203,134.03,191.84,296.04,170.56,1,-1,-1,-1
327,250,596.24,169.47,49.90,48.12,1,-1,-1,-1
327,257,572.65,172.38,30.25,31.56,1,-1,-1,-1
327,258,-29.04,197.23,211.96,128.25,1,-1,-1,-1
328,195,476.66,170.10,98.20,86.63,1,-1,-1,-1
328,203,135.02,192.11,295.37,170.00,1,-1,-1,-1
328,250,596.31,169.66,49.71,47.95,1,-1,-1,-1
328,257,572.41,172.49,30.49,31.73,1,-1,-1,-1
329,195,476.89,170.20,98.06,86.52,1,-1,-1,-1
329,203,137.06,192.46,294.32,169.31,1,-1,-1,-1
329,250,596.63,170.20,49.27,47.50,1,-1,-1,-1
329,257,572.96,172.24,31.11,32.27,1,-1,-1,-1
329,266,652.76,169.27,12.21,28.90,1,-1,-1,-1
330,195,477.27,170.43,97.85,86.34,1,-1,-1,-1
330,203,139.50,192.49,293.27,168.67,1,-1,-1,-1
330,250,596.64,170.53,49.28,47.50,1,-1,-1,-1
330,257,572.71,172.28,31.66,32.93,1,-1,-1,-1
330,266,652.78,169.83,11.95,28.45,1,-1,-1,-1
331,195,477.81,170.83,97.36,85.93,1,-1,-1,-1
331,203,143.02,192.87,291.39,167.68,1,-1,-1,-1
331,250,596.59,170.44,49.59,47.82,1,-1,-1,-1
331,257,572.50,172.46,32.00,33.42,1,-1,-1,-1
332,195,478.50,171.09,96.86,85.53,1,-1,-1,-1
332,203,147.73,193.35,287.73,165.52,1,-1,-1,-1
332,250,596.93,170.68,49.18,47.41,1,-1,-1,-1
332,257,573.02,172.38,32.00,33.55,1,-1,-1,-1
333,195,479.18,171.23,96.08,84.83,1,-1,-1,-1
333,203,153.39,193.29,283.76,163.25,1,-1,-1,-1
333,250,597.03,170.51,48.97,47.20,1,-1,-1,-1
333,257,573.42,172.06,31.95,33.60,1,-1,-1,-1
334,195,480.16,171.54,95.04,83.92,1,-1,-1,-1
334,203,159.04,192.80,280.63,161.58,1,-1,-1,-1
334,250,597.23,170.62,48.57,46.79,1,-1,-1,-1
334,257,573.99,172.03,31.78,33.52,1,-1,-1,-1
334,266,652.73,169.64,12.07,28.95,1,-1,-1,-1
335,195,480.83,171.19,94.61,83.62,1,-1,-1,-1
335,203,165.18,192.31,277.00,159.66,1,-1,-1,-1
335,250,597.25,170.44,48.63,46.84,1,-1,-1,-1
335,257,573.88,172.42,31.11,33.02,1,-1,-1,-1
336,195,481.87,171.09,93.52,82.67,1,-1,-1,-1
336,203,171.95,191.30,272.88,157.54,1,-1,-1,-1
336,250,597.20,170.33,48.63,46.85,1,-1,-1,-1
336,257,574.27,172.43,30.57,32.57,1,-1,-1,-1
337,195,483.02,171.90,92.20,81.45,1,-1,-1,-1
337,203,179.22,191.47,268.23,155.17,1,-1,-1,-1
337,250,597.10,170.28,48.86,47.15,1,-1,-1,-1
337,257,574.22,172.83,30.47,32.71,1,-1,-1,-1
338,195,484.31,174.15,90.49,79.76,1,-1,-1,-1
338,203,186.77,192.91,262.61,152.20,1,-1,-1,-1
338,250,597.93,172.23,47.67,45.88,1,-1,-1,-1
338,257,574.04,173.93,30.60,33.17,1,-1,-1,-1
