0,0,915.24,138.83,33.00,65.02,1,-1,-1,-1
1,0,939.22,139.28,35.22,69.70,1,-1,-1,-1
2,0,964.76,136.60,34.00,75.15,1,-1,-1,-1
2,1,749.34,155.83,56.64,19.70,1,-1,-1,-1
3,0,997.68,133.47,33.60,81.54,1,-1,-1,-1
3,1,752.20,155.12,57.92,20.13,1,-1,-1,-1
3,2,561.66,167.72,19.72,15.71,1,-1,-1,-1
4,0,1035.35,129.76,29.00,89.11,1,-1,-1,-1
4,1,755.18,154.39,59.27,20.57,1,-1,-1,-1
4,2,561.45,167.58,20.02,15.96,1,-1,-1,-1
5,0,1082.26,125.28,31.47,98.23,1,-1,-1,-1
5,1,758.29,153.61,60.67,21.03,1,-1,-1,-1
5,2,561.23,167.44,20.33,16.23,1,-1,-1,-1
6,0,1134.39,119.77,29.50,109.52,1,-1,-1,-1
6,1,761.53,152.81,62.14,21.52,1,-1,-1,-1
6,2,560.16,166.07,20.72,16.52,1,-1,-1,-1
7,0,1184.38,114.79,38.62,120.31,1,-1,-1,-1
7,1,764.92,151.97,63.69,22.03,1,-1,-1,-1
7,2,559.05,164.65,21.12,16.82,1,-1,-1,-1
7,24,625.88,162.96,14.61,17.93,1,-1,-1,-1
8,1,768.45,151.64,65.30,22.54,1,-1,-1,-1
8,2,557.89,163.18,21.54,17.14,1,-1,-1,-1
8,24,624.62,163.05,6.67,18.23,1,-1,-1,-1
9,1,772.15,151.29,67.00,23.08,1,-1,-1,-1
9,2,555.76,165.18,22.03,17.46,1,-1,-1,-1
9,24,624.28,163.14,7.72,18.53,1,-1,-1,-1
10,1,776.02,150.93,68.79,23.64,1,-1,-1,-1
10,2,554.13,162.81,22.56,17.84,1,-1,-1,-1
10,24,624.06,161.13,8.67,18.84,1,-1,-1,-1
11,1,780.08,150.55,70.67,24.24,1,-1,-1,-1
11,2,552.43,160.33,23.11,18.24,1,-1,-1,-1
11,24,624.23,159.05,7.16,19.16,1,-1,-1,-1
12,1,784.34,150.15,72.66,24.86,1,-1,-1,-1
12,2,550.79,161.12,23.64,18.61,1,-1,-1,-1
12,24,624.37,158.21,5.50,19.51,1,-1,-1,-1
13,1,788.83,149.73,74.76,25.51,1,-1,-1,-1
13,2,550.03,162.89,24.12,18.99,1,-1,-1,-1
13,24,623.60,160.86,6.80,19.90,1,-1,-1,-1
13,25,473.84,167.39,16.41,21.70,1,-1,-1,-1
14,1,793.55,149.29,76.98,26.21,1,-1,-1,-1
14,2,549.24,164.73,24.63,19.39,1,-1,-1,-1
14,24,622.50,162.61,8.00,20.28,1,-1,-1,-1
14,25,475.29,167.99,9.67,22.12,1,-1,-1,-1
15,1,798.53,148.82,79.34,26.93,1,-1,-1,-1
15,2,548.22,164.16,25.17,19.81,1,-1,-1,-1
15,24,616.88,162.47,7.32,20.66,1,-1,-1,-1
15,25,474.19,168.61,10.26,22.55,1,-1,-1,-1
16,1,803.79,148.32,81.85,27.71,1,-1,-1,-1
16,2,546.73,164.24,25.76,20.24,1,-1,-1,-1
16,24,611.27,162.12,6.50,21.07,1,-1,-1,-1
16,25,470.92,167.43,10.67,22.99,1,-1,-1,-1
17,1,809.35,147.80,84.52,28.52,1,-1,-1,-1
17,2,545.18,164.32,26.37,20.68,1,-1,-1,-1
17,24,612.66,161.75,7.48,21.50,1,-1,-1,-1
17,25,472.50,167.51,10.61,23.44,1,-1,-1,-1
18,1,815.24,147.24,87.36,29.39,1,-1,-1,-1
18,2,543.56,164.41,27.02,21.15,1,-1,-1,-1
18,24,613.47,162.60,8.33,21.93,1,-1,-1,-1
18,25,473.86,167.59,10.33,23.91,1,-1,-1,-1
19,1,821.50,146.64,90.40,30.31,1,-1,-1,-1
19,2,541.87,165.66,27.70,21.64,1,-1,-1,-1
19,24,608.50,163.48,10.58,22.38,1,-1,-1,-1
19,25,469.85,168.95,9.61,24.40,1,-1,-1,-1
20,1,827.55,146.46,93.54,31.27,1,-1,-1,-1
20,2,540.11,166.97,28.41,22.16,1,-1,-1,-1
20,24,603.30,164.40,12.67,22.85,1,-1,-1,-1
20,25,465.45,170.37,8.67,24.90,1,-1,-1,-1
21,1,833.99,146.26,96.91,32.30,1,-1,-1,-1
21,2,538.26,168.34,29.16,22.69,1,-1,-1,-1
21,24,600.06,165.36,10.47,23.33,1,-1,-1,-1
21,25,463.56,170.65,9.43,25.44,1,-1,-1,-1
22,1,841.25,145.59,100.50,33.39,1,-1,-1,-1
22,2,536.31,169.14,29.96,23.26,1,-1,-1,-1
22,24,596.60,166.36,8.00,23.84,1,-1,-1,-1
22,25,461.38,170.95,10.00,26.00,1,-1,-1,-1
23,1,848.99,144.87,104.37,34.56,1,-1,-1,-1
23,2,534.26,169.98,30.80,23.85,1,-1,-1,-1
23,24,594.73,167.53,11.60,24.36,1,-1,-1,-1
23,25,461.63,171.26,11.28,26.58,1,-1,-1,-1
24,1,857.26,144.11,108.54,35.81,1,-1,-1,-1
24,2,532.11,170.87,31.68,24.48,1,-1,-1,-1
24,24,592.76,168.75,15.00,24.89,1,-1,-1,-1
24,25,461.65,171.58,12.33,27.20,1,-1,-1,-1
25,1,866.13,143.28,113.05,37.15,1,-1,-1,-1
25,2,529.84,171.80,32.63,25.14,1,-1,-1,-1
25,24,586.03,170.02,14.91,25.45,1,-1,-1,-1
25,25,459.22,171.92,14.32,27.84,1,-1,-1,-1
26,1,875.59,144.87,117.90,38.61,1,-1,-1,-1
26,2,527.44,172.78,33.63,25.83,1,-1,-1,-1
26,24,578.86,171.35,14.33,26.04,1,-1,-1,-1
26,25,457.87,174.80,16.00,28.50,1,-1,-1,-1
27,1,885.76,146.58,123.17,40.18,1,-1,-1,-1
27,2,524.90,173.82,34.69,26.57,1,-1,-1,-1
27,24,575.59,172.75,15.23,26.65,1,-1,-1,-1
27,25,455.65,174.92,14.71,29.20,1,-1,-1,-1
28,1,896.74,148.44,128.94,41.90,1,-1,-1,-1
28,2,522.22,174.92,35.82,27.35,1,-1,-1,-1
28,24,571.94,172.01,15.67,27.33,1,-1,-1,-1
28,25,452.96,175.05,13.00,29.94,1,-1,-1,-1
29,1,908.78,146.77,135.24,43.72,1,-1,-1,-1
29,2,519.82,174.62,36.96,28.13,1,-1,-1,-1
29,24,567.36,171.24,13.94,28.04,1,-1,-1,-1
29,25,450.72,175.18,14.35,30.72,1,-1,-1,-1
30,1,921.87,144.95,142.17,45.72,1,-1,-1,-1
30,2,517.29,174.30,38.17,28.97,1,-1,-1,-1
30,24,562.21,170.42,11.67,28.79,1,-1,-1,-1
30,25,448.31,175.33,15.33,31.53,1,-1,-1,-1
31,1,936.13,142.96,149.84,47.90,1,-1,-1,-1
31,2,514.59,173.96,39.47,29.86,1,-1,-1,-1
31,24,556.46,169.55,13.70,29.59,1,-1,-1,-1
31,25,447.59,174.95,14.87,32.37,1,-1,-1,-1
32,1,951.74,140.77,158.35,50.30,1,-1,-1,-1
32,2,511.94,173.82,40.82,30.77,1,-1,-1,-1
32,24,550.12,168.64,15.33,30.43,1,-1,-1,-1
32,25,446.55,174.56,14.00,33.26,1,-1,-1,-1
33,1,967.88,140.24,167.83,53.00,1,-1,-1,-1
33,2,509.12,173.67,42.27,31.74,1,-1,-1,-1
33,25,445.45,174.14,15.37,34.19,1,-1,-1,-1
34,1,985.72,139.66,178.49,56.00,1,-1,-1,-1
34,2,506.11,173.51,43.82,32.78,1,-1,-1,-1
34,25,444.38,173.69,16.33,35.18,1,-1,-1,-1
35,1,1005.53,139.01,190.56,59.37,1,-1,-1,-1
35,2,502.90,173.34,45.48,33.89,1,-1,-1,-1
35,25,440.51,173.23,27.87,36.23,1,-1,-1,-1
36,1,1029.59,136.70,193.41,62.82,1,-1,-1,-1
36,2,499.47,173.16,47.28,35.07,1,-1,-1,-1
36,16,910.61,147.62,76.37,23.91,1,-1,-1,-1
37,1,1056.42,134.37,166.58,66.42,1,-1,-1,-1
37,2,496.35,173.19,49.15,36.31,1,-1,-1,-1
37,16,917.66,147.51,78.43,24.46,1,-1,-1,-1
38,1,1086.54,131.72,136.46,70.53,1,-1,-1,-1
38,2,493.01,173.22,51.16,37.64,1,-1,-1,-1
38,16,925.04,147.40,80.61,25.03,1,-1,-1,-1
39,1,1119.47,130.17,103.53,75.20,1,-1,-1,-1
39,2,489.41,173.25,53.34,39.07,1,-1,-1,-1
39,14,453.05,166.92,23.06,36.70,1,-1,-1,-1
39,16,932.75,147.40,82.82,25.61,1,-1,-1,-1
40,1,1156.94,129.19,66.06,79.15,1,-1,-1,-1
40,2,485.53,173.29,55.71,40.61,1,-1,-1,-1
40,14,446.73,166.66,18.67,37.76,1,-1,-1,-1
40,16,940.83,147.41,85.16,26.21,1,-1,-1,-1
41,1,1199.98,130.50,23.02,79.31,1,-1,-1,-1
41,2,481.33,173.33,58.29,42.28,1,-1,-1,-1
41,14,440.01,166.37,18.49,38.89,1,-1,-1,-1
41,16,949.30,147.42,87.62,26.84,1,-1,-1,-1
42,2,477.15,172.90,60.88,43.94,1,-1,-1,-1
42,14,432.55,166.07,17.67,40.09,1,-1,-1,-1
42,16,958.00,147.14,90.03,27.46,1,-1,-1,-1
43,2,472.63,172.44,63.71,45.73,1,-1,-1,-1
43,5,510.83,162.32,26.54,40.64,1,-1,-1,-1
43,8,424.68,164.07,28.60,43.49,1,-1,-1,-1
43,14,425.06,165.76,17.83,41.36,1,-1,-1,-1
43,16,967.09,146.84,92.58,28.10,1,-1,-1,-1
44,2,467.72,171.94,66.79,47.68,1,-1,-1,-1
44,5,514.03,161.35,12.50,41.82,1,-1,-1,-1
44,8,426.27,162.95,16.67,44.90,1,-1,-1,-1
44,14,416.90,165.42,17.33,42.72,1,-1,-1,-1
44,16,976.61,146.54,95.27,28.77,1,-1,-1,-1
45,2,462.37,171.40,70.18,49.80,1,-1,-1,-1
45,5,516.00,160.32,15.80,43.06,1,-1,-1,-1
45,8,423.40,161.76,20.78,46.40,1,-1,-1,-1
45,14,408.24,165.45,16.91,44.07,1,-1,-1,-1
45,16,985.73,146.43,97.95,29.43,1,-1,-1,-1
46,2,456.53,170.80,73.90,52.12,1,-1,-1,-1
46,5,517.62,160.98,18.67,44.30,1,-1,-1,-1
46,8,420.18,160.48,24.33,48.00,1,-1,-1,-1
46,14,399.36,165.49,16.33,45.51,1,-1,-1,-1
46,16,995.27,146.33,100.77,30.12,1,-1,-1,-1
47,2,450.77,170.54,77.64,54.42,1,-1,-1,-1
47,5,517.30,161.91,21.54,45.65,1,-1,-1,-1
47,8,418.77,159.94,24.09,49.61,1,-1,-1,-1
47,14,391.02,165.53,18.80,47.04,1,-1,-1,-1
47,16,1005.26,146.22,103.76,30.85,1,-1,-1,-1
48,2,444.47,170.26,81.76,56.94,1,-1,-1,-1
48,5,517.09,159.70,23.67,47.13,1,-1,-1,-1
48,8,416.92,159.36,23.00,51.34,1,-1,-1,-1
48,14,379.87,166.22,21.00,48.59,1,-1,-1,-1
48,15,452.07,161.69,13.67,51.36,1,-1,-1,-1
48,16,1015.75,146.10,106.93,31.64,1,-1,-1,-1
49,2,437.57,169.94,86.32,59.71,1,-1,-1,-1
49,5,521.94,157.65,23.92,48.70,1,-1,-1,-1
49,8,415.40,158.74,23.26,53.18,1,-1,-1,-1
49,14,366.28,166.95,23.74,50.25,1,-1,-1,-1
49,15,444.39,161.61,12.90,52.75,1,-1,-1,-1
49,16,1025.88,145.88,110.03,32.41,1,-1,-1,-1
50,2,429.96,169.60,91.38,62.75,1,-1,-1,-1
50,5,527.00,156.59,23.33,50.37,1,-1,-1,-1
50,8,414.10,159.56,22.67,55.05,1,-1,-1,-1
50,13,362.99,168.32,17.67,43.28,1,-1,-1,-1
50,14,351.83,167.74,25.67,52.02,1,-1,-1,-1
50,15,436.16,161.52,11.67,54.22,1,-1,-1,-1
50,16,1036.49,145.65,113.31,33.21,1,-1,-1,-1
51,2,422.28,170.47,96.31,65.70,1,-1,-1,-1
51,5,528.01,161.37,27.87,52.16,1,-1,-1,-1
51,8,413.82,160.45,21.26,57.05,1,-1,-1,-1
51,10,253.15,176.12,31.51,45.22,1,-1,-1,-1
51,11,243.87,178.61,32.09,43.50,1,-1,-1,-1
51,13,351.03,170.78,20.37,44.70,1,-1,-1,-1
51,14,342.50,168.58,22.81,53.92,1,-1,-1,-1
51,15,427.93,161.42,13.98,55.78,1,-1,-1,-1
51,16,1047.61,145.40,116.78,34.06,1,-1,-1,-1
52,2,413.84,171.42,101.78,68.93,1,-1,-1,-1
52,5,528.84,161.25,31.67,53.78,1,-1,-1,-1
52,8,413.11,161.40,19.00,59.20,1,-1,-1,-1
52,10,246.54,176.51,18.67,46.57,1,-1,-1,-1
52,11,242.36,178.91,20.67,44.84,1,-1,-1,-1
52,13,337.98,173.40,22.33,46.22,1,-1,-1,-1
52,14,332.81,169.62,18.67,55.82,1,-1,-1,-1
52,15,417.65,161.32,12.53,57.43,1,-1,-1,-1
52,16,1059.28,145.14,120.46,34.95,1,-1,-1,-1
53,2,404.53,172.48,107.88,72.50,1,-1,-1,-1
53,5,538.59,161.13,23.86,55.49,1,-1,-1,-1
53,8,407.08,162.43,21.63,61.51,1,-1,-1,-1
53,10,241.00,176.94,20.98,48.00,1,-1,-1,-1
53,11,234.73,179.23,23.19,46.27,1,-1,-1,-1
53,13,325.47,173.88,20.94,47.62,1,-1,-1,-1
53,14,316.45,170.75,25.64,57.84,1,-1,-1,-1
53,15,408.83,161.21,16.34,59.17,1,-1,-1,-1
53,16,1071.54,144.87,124.38,35.88,1,-1,-1,-1
53,17,973.36,158.19,109.32,29.94,1,-1,-1,-1
54,2,394.20,173.65,114.72,76.45,1,-1,-1,-1
54,5,548.86,161.01,15.33,57.30,1,-1,-1,-1
54,8,401.14,161.57,23.50,63.73,1,-1,-1,-1
54,10,234.75,177.38,22.67,49.53,1,-1,-1,-1
54,11,226.11,179.57,25.00,47.79,1,-1,-1,-1
54,13,311.92,174.38,18.67,49.11,1,-1,-1,-1
54,14,298.23,171.96,31.67,60.02,1,-1,-1,-1
54,15,399.25,161.09,19.67,61.03,1,-1,-1,-1
54,16,1084.44,144.59,128.56,36.87,1,-1,-1,-1
54,17,981.79,157.20,112.35,30.63,1,-1,-1,-1
55,2,382.68,174.95,122.43,80.87,1,-1,-1,-1
55,5,544.88,160.88,24.69,59.28,1,-1,-1,-1
55,8,403.55,160.64,21.36,66.11,1,-1,-1,-1
55,10,226.96,177.30,22.22,51.08,1,-1,-1,-1
55,11,219.29,179.87,24.16,49.26,1,-1,-1,-1
55,13,305.15,174.91,22.73,50.70,1,-1,-1,-1
55,14,278.99,173.25,36.71,62.38,1,-1,-1,-1
55,15,387.33,160.97,23.40,63.01,1,-1,-1,-1
55,16,1094.19,143.19,128.81,37.61,1,-1,-1,-1
55,17,990.60,156.16,115.56,31.36,1,-1,-1,-1
56,2,369.75,176.42,131.20,85.82,1,-1,-1,-1
56,5,541.43,160.75,34.00,61.53,1,-1,-1,-1
56,8,405.46,159.64,18.33,68.68,1,-1,-1,-1
56,10,218.28,177.22,21.00,52.72,1,-1,-1,-1
56,11,211.51,180.20,22.50,50.82,1,-1,-1,-1
56,13,297.41,175.48,26.00,52.39,1,-1,-1,-1
56,14,261.65,173.14,40.00,64.44,1,-1,-1,-1
56,15,374.47,160.84,26.33,65.12,1,-1,-1,-1
56,16,1104.32,141.87,118.68,38.25,1,-1,-1,-1
56,17,999.82,155.07,118.94,32.13,1,-1,-1,-1
57,2,358.77,176.86,138.68,89.99,1,-1,-1,-1
57,5,548.42,159.96,31.01,63.45,1,-1,-1,-1
57,8,403.14,158.56,22.71,71.45,1,-1,-1,-1
57,10,211.94,177.12,21.39,54.48,1,-1,-1,-1
57,11,205.93,180.54,25.32,52.48,1,-1,-1,-1
57,13,277.44,176.09,28.76,54.20,1,-1,-1,-1
57,14,247.61,173.03,33.37,66.64,1,-1,-1,-1
57,15,362.18,160.69,23.92,67.37,1,-1,-1,-1
57,16,1114.88,140.49,108.12,38.92,1,-1,-1,-1
57,17,1009.47,153.92,122.52,32.93,1,-1,-1,-1
58,2,346.67,177.24,147.00,94.69,1,-1,-1,-1
58,5,555.56,159.11,27.00,65.50,1,-1,-1,-1
58,8,401.61,157.99,26.33,73.98,1,-1,-1,-1
58,10,207.24,177.21,21.00,56.02,1,-1,-1,-1
58,11,199.55,180.76,27.33,54.06,1,-1,-1,-1
58,13,256.62,176.70,30.33,56.13,1,-1,-1,-1
58,14,232.11,172.90,25.00,69.00,1,-1,-1,-1
58,15,349.53,161.68,20.33,69.40,1,-1,-1,-1
58,16,1125.88,139.05,97.12,39.62,1,-1,-1,-1
58,17,1018.68,152.79,125.57,33.60,1,-1,-1,-1
59,2,333.28,177.65,156.33,99.90,1,-1,-1,-1
59,5,562.59,158.20,32.26,67.68,1,-1,-1,-1
59,8,402.59,157.37,24.65,76.70,1,-1,-1,-1
59,10,196.36,177.31,32.83,57.64,1,-1,-1,-1
59,11,189.12,181.00,30.13,55.74,1,-1,-1,-1
59,13,241.89,176.88,28.29,57.83,1,-1,-1,-1
59,14,210.60,172.77,31.94,71.53,1,-1,-1,-1
59,15,334.47,162.73,20.25,71.55,1,-1,-1,-1
59,16,1137.36,137.54,85.64,40.35,1,-1,-1,-1
59,17,1028.25,151.61,128.77,34.29,1,-1,-1,-1
60,2,318.37,178.10,166.82,105.72,1,-1,-1,-1
60,5,569.71,157.23,36.67,70.01,1,-1,-1,-1
60,8,402.67,156.70,22.00,79.62,1,-1,-1,-1
60,10,184.66,177.41,44.00,59.37,1,-1,-1,-1
60,11,177.73,181.24,32.00,57.53,1,-1,-1,-1
60,13,225.87,177.06,25.00,59.64,1,-1,-1,-1
60,14,186.89,172.62,37.67,74.26,1,-1,-1,-1
60,15,317.89,163.85,19.33,73.85,1,-1,-1,-1
60,16,1149.34,135.96,73.66,41.11,1,-1,-1,-1
60,17,1038.20,150.38,132.13,35.01,1,-1,-1,-1
61,2,301.67,178.58,178.73,112.24,1,-1,-1,-1
61,5,573.64,156.19,33.78,72.51,1,-1,-1,-1
61,8,398.78,155.99,28.60,82.78,1,-1,-1,-1
61,10,183.54,177.52,35.75,61.21,1,-1,-1,-1
61,11,166.62,181.26,31.20,59.21,1,-1,-1,-1
61,13,206.30,177.25,31.30,61.57,1,-1,-1,-1
61,14,167.37,172.47,40.69,77.19,1,-1,-1,-1
61,15,305.13,163.59,23.06,76.07,1,-1,-1,-1
61,16,1161.86,134.30,61.14,41.95,1,-1,-1,-1
61,17,1048.54,149.10,135.66,35.76,1,-1,-1,-1
62,2,282.84,179.11,192.33,119.62,1,-1,-1,-1
62,5,577.83,155.08,29.67,75.19,1,-1,-1,-1
62,8,395.54,156.02,34.33,85.89,1,-1,-1,-1
62,10,181.55,177.63,26.00,63.17,1,-1,-1,-1
62,11,154.62,181.28,29.33,60.98,1,-1,-1,-1
62,13,185.41,177.45,36.50,63.63,1,-1,-1,-1
62,14,146.59,172.50,41.67,79.99,1,-1,-1,-1
62,15,290.90,163.32,26.00,78.44,1,-1,-1,-1
62,16,1174.95,132.57,48.05,42.84,1,-1,-1,-1
62,17,1059.31,147.76,139.38,36.55,1,-1,-1,-1
63,2,261.43,179.69,208.01,128.03,1,-1,-1,-1
63,5,586.45,154.47,37.94,77.65,1,-1,-1,-1
63,8,395.56,156.06,34.15,89.24,1,-1,-1,-1
63,10,166.75,177.64,27.72,64.94,1,-1,-1,-1
63,11,146.09,181.30,28.91,62.87,1,-1,-1,-1
63,13,167.93,177.67,36.62,65.83,1,-1,-1,-1
63,14,122.47,172.54,43.70,82.99,1,-1,-1,-1
63,15,272.00,163.03,26.41,80.96,1,-1,-1,-1
63,16,1188.66,131.23,34.34,43.31,1,-1,-1,-1
63,17,1068.25,148.32,142.77,37.26,1,-1,-1,-1
64,2,236.90,180.32,226.25,137.69,1,-1,-1,-1
64,5,595.23,153.84,43.67,80.43,1,-1,-1,-1
64,8,394.91,156.11,32.67,92.87,1,-1,-1,-1
64,10,151.01,177.65,28.67,66.80,1,-1,-1,-1
64,11,137.62,181.32,31.51,64.87,1,-1,-1,-1
64,13,148.73,177.90,35.00,68.19,1,-1,-1,-1
64,14,95.64,172.58,43.33,86.23,1,-1,-1,-1
64,15,251.01,162.71,25.67,83.65,1,-1,-1,-1
64,16,1203.04,130.35,19.96,43.27,1,-1,-1,-1
64,17,1077.52,148.91,145.48,38.00,1,-1,-1,-1
65,2,208.48,181.03,247.70,148.91,1,-1,-1,-1
65,5,596.98,153.18,46.31,83.37,1,-1,-1,-1
65,8,394.40,155.72,34.26,96.30,1,-1,-1,-1
65,10,149.42,177.66,33.12,68.77,1,-1,-1,-1
65,11,127.59,181.34,28.61,67.01,1,-1,-1,-1
65,13,125.61,178.15,36.74,70.72,1,-1,-1,-1
65,14,67.17,172.62,50.71,89.73,1,-1,-1,-1
65,15,233.14,162.88,26.85,86.03,1,-1,-1,-1
65,17,1087.15,149.70,135.85,38.60,1,-1,-1,-1
66,2,175.19,181.81,273.26,162.09,1,-1,-1,-1
66,5,598.89,152.48,46.67,86.48,1,-1,-1,-1
66,8,393.43,155.31,34.67,99.99,1,-1,-1,-1
66,10,147.25,177.67,36.67,70.87,1,-1,-1,-1
66,11,116.68,181.37,24.50,69.29,1,-1,-1,-1
66,13,105.45,179.85,36.67,72.84,1,-1,-1,-1
66,14,43.21,173.33,55.33,92.30,1,-1,-1,-1
66,15,213.84,163.06,27.00,88.55,1,-1,-1,-1
66,17,1097.15,150.52,125.85,39.23,1,-1,-1,-1
67,2,148.04,182.52,294.43,172.96,1,-1,-1,-1
67,5,610.50,152.37,51.38,89.18,1,-1,-1,-1
67,8,390.93,154.86,43.34,103.97,1,-1,-1,-1
67,10,141.53,177.53,31.04,72.78,1,-1,-1,-1
67,11,116.02,181.80,28.59,71.13,1,-1,-1,-1
67,13,86.34,181.65,40.28,75.08,1,-1,-1,-1
67,14,22.10,174.09,52.56,95.02,1,-1,-1,-1
67,15,196.43,163.24,30.41,91.22,1,-1,-1,-1
67,17,1107.56,151.37,115.44,39.88,1,-1,-1,-1
67,18,461.46,168.63,29.75,22.20,1,-1,-1,-1
68,2,117.13,183.30,318.85,185.37,1,-1,-1,-1
68,5,622.61,152.26,54.67,92.05,1,-1,-1,-1
68,8,390.55,154.56,50.67,107.33,1,-1,-1,-1
68,10,134.81,177.38,24.33,74.81,1,-1,-1,-1
68,11,115.10,182.26,32.00,73.06,1,-1,-1,-1
68,13,65.70,183.56,42.33,77.47,1,-1,-1,-1
68,14,5.82,174.89,47.00,97.28,1,-1,-1,-1
68,15,177.08,163.44,32.67,94.05,1,-1,-1,-1
68,17,1115.26,151.57,107.74,40.36,1,-1,-1,-1
68,18,460.41,168.66,30.07,22.38,1,-1,-1,-1
69,2,81.63,184.14,347.27,184.86,1,-1,-1,-1
69,5,628.40,152.14,60.89,95.12,1,-1,-1,-1
69,8,393.26,154.23,54.28,110.91,1,-1,-1,-1
69,10,129.37,177.22,32.05,76.95,1,-1,-1,-1
69,11,110.42,182.75,31.79,75.11,1,-1,-1,-1
69,13,43.41,184.56,43.25,79.82,1,-1,-1,-1
69,14,0.00,175.74,40.88,98.94,1,-1,-1,-1
69,15,152.44,163.65,32.75,97.07,1,-1,-1,-1
69,17,1123.19,151.77,99.81,40.86,1,-1,-1,-1
69,18,459.34,168.69,30.40,22.56,1,-1,-1,-1
70,2,40.45,185.06,380.72,183.94,1,-1,-1,-1
70,5,634.50,152.00,65.33,98.39,1,-1,-1,-1
70,8,395.78,153.88,56.33,114.74,1,-1,-1,-1
70,10,122.89,177.06,39.00,79.22,1,-1,-1,-1
70,11,105.01,183.26,30.67,77.27,1,-1,-1,-1
70,13,19.01,185.62,42.33,82.33,1,-1,-1,-1
70,15,130.74,163.90,31.33,99.39,1,-1,-1,-1
70,17,1131.35,151.98,91.65,41.38,1,-1,-1,-1
70,18,458.26,168.72,30.74,22.75,1,-1,-1,-1
71,2,0.00,186.07,412.68,182.93,1,-1,-1,-1
71,5,647.39,151.86,56.14,101.90,1,-1,-1,-1
71,8,398.28,153.51,56.26,118.84,1,-1,-1,-1
71,10,113.68,176.74,42.28,80.94,1,-1,-1,-1
71,11,102.00,182.98,32.43,78.93,1,-1,-1,-1
71,13,0.00,186.75,53.64,84.79,1,-1,-1,-1
71,15,113.46,164.16,38.40,101.82,1,-1,-1,-1
71,17,1139.76,152.20,83.24,41.91,1,-1,-1,-1
71,18,457.15,168.75,31.08,22.94,1,-1,-1,-1
72,2,0.00,187.07,403.65,181.93,1,-1,-1,-1
72,5,660.72,151.71,44.67,105.67,1,-1,-1,-1
72,7,393.90,157.71,75.47,110.31,1,-1,-1,-1
72,8,400.06,153.11,54.33,123.24,1,-1,-1,-1
72,10,103.86,176.41,44.67,82.74,1,-1,-1,-1
72,11,96.97,182.69,32.07,80.68,1,-1,-1,-1
72,13,0.00,187.20,31.57,86.77,1,-1,-1,-1
72,15,94.51,164.44,44.33,104.38,1,-1,-1,-1
72,17,1148.43,152.43,74.57,42.46,1,-1,-1,-1
72,18,456.03,168.78,31.44,23.14,1,-1,-1,-1
73,2,0.00,188.15,393.83,180.85,1,-1,-1,-1
73,5,665.99,151.14,55.81,108.55,1,-1,-1,-1
73,7,396.86,157.49,77.32,113.36,1,-1,-1,-1
73,8,405.12,152.31,57.79,126.66,1,-1,-1,-1
73,10,104.95,176.06,39.03,84.62,1,-1,-1,-1
73,11,94.01,182.38,34.24,82.52,1,-1,-1,-1
73,15,72.38,164.73,44.33,107.06,1,-1,-1,-1
73,17,1157.37,152.66,65.63,43.03,1,-1,-1,-1
73,18,454.88,168.81,31.79,23.33,1,-1,-1,-1
74,2,0.00,189.33,383.10,179.67,1,-1,-1,-1
74,5,672.45,150.56,66.33,111.51,1,-1,-1,-1
74,7,399.99,157.26,79.27,116.59,1,-1,-1,-1
74,8,410.04,151.47,60.00,130.27,1,-1,-1,-1
74,10,105.43,175.70,32.33,86.59,1,-1,-1,-1
74,11,90.43,182.07,35.67,84.44,1,-1,-1,-1
74,15,51.26,165.06,42.67,109.19,1,-1,-1,-1
74,17,1166.60,152.90,56.40,43.62,1,-1,-1,-1
74,18,454.42,168.74,31.94,23.41,1,-1,-1,-1
75,2,0.00,190.63,371.35,178.37,1,-1,-1,-1
75,5,691.01,149.97,56.40,114.56,1,-1,-1,-1
75,7,403.30,157.01,81.31,120.02,1,-1,-1,-1
75,8,409.83,150.57,67.72,134.09,1,-1,-1,-1
75,10,104.69,175.32,31.57,88.65,1,-1,-1,-1
75,11,91.41,181.73,29.94,86.46,1,-1,-1,-1
75,15,29.68,165.41,45.48,111.41,1,-1,-1,-1
75,17,1176.12,153.15,46.88,44.23,1,-1,-1,-1
75,18,453.95,168.67,32.09,23.50,1,-1,-1,-1
76,2,0.00,191.41,366.53,177.59,1,-1,-1,-1
76,5,711.13,149.36,48.00,117.71,1,-1,-1,-1
76,7,406.82,156.75,83.46,123.64,1,-1,-1,-1
76,8,409.47,149.62,74.00,138.15,1,-1,-1,-1
76,10,105.77,175.44,30.00,90.27,1,-1,-1,-1
76,11,94.74,181.77,23.33,87.96,1,-1,-1,-1
76,15,8.39,165.77,47.00,113.75,1,-1,-1,-1
76,17,1183.65,152.64,39.35,44.26,1,-1,-1,-1
76,18,453.48,168.61,32.24,23.58,1,-1,-1,-1
77,2,0.00,192.26,361.36,176.74,1,-1,-1,-1
77,5,728.01,148.79,58.21,120.42,1,-1,-1,-1
77,7,412.67,156.53,84.77,126.18,1,-1,-1,-1
77,8,419.59,148.61,70.93,142.45,1,-1,-1,-1
77,10,103.42,175.55,26.53,91.95,1,-1,-1,-1
77,11,87.86,181.81,29.70,89.50,1,-1,-1,-1
77,15,0.00,166.07,54.51,115.58,1,-1,-1,-1
77,17,1191.40,152.15,31.60,44.26,1,-1,-1,-1
77,18,453.00,168.54,32.39,23.66,1,-1,-1,-1
78,2,0.00,193.02,354.35,175.98,1,-1,-1,-1
78,5,743.45,148.20,66.67,123.25,1,-1,-1,-1
78,7,418.77,156.32,86.13,128.83,1,-1,-1,-1
78,8,429.58,147.53,66.00,147.04,1,-1,-1,-1
78,10,100.51,175.68,22.50,93.70,1,-1,-1,-1
78,11,80.49,181.86,35.67,91.11,1,-1,-1,-1
78,15,0.00,166.38,38.42,117.48,1,-1,-1,-1
78,17,1199.35,151.65,23.65,44.26,1,-1,-1,-1
78,18,452.52,168.47,32.54,23.75,1,-1,-1,-1
79,2,0.00,193.83,346.96,175.17,1,-1,-1,-1
79,5,754.02,147.58,60.88,126.32,1,-1,-1,-1
79,7,425.13,156.09,87.52,131.59,1,-1,-1,-1
79,8,437.57,147.64,66.90,149.18,1,-1,-1,-1
79,10,94.47,175.81,30.47,95.51,1,-1,-1,-1
79,11,79.16,181.90,37.48,92.77,1,-1,-1,-1
79,17,1207.53,151.16,15.47,44.26,1,-1,-1,-1
79,18,452.04,168.40,32.70,23.83,1,-1,-1,-1
80,2,0.00,194.68,339.16,174.32,1,-1,-1,-1
80,5,764.51,146.93,51.33,129.76,1,-1,-1,-1
80,7,431.77,155.85,88.96,134.47,1,-1,-1,-1
80,8,445.78,147.75,67.33,151.38,1,-1,-1,-1
80,10,87.99,175.94,38.00,97.40,1,-1,-1,-1
80,11,77.03,181.95,38.67,94.50,1,-1,-1,-1
80,17,1215.95,150.66,7.05,44.26,1,-1,-1,-1
80,18,451.56,168.33,32.85,23.92,1,-1,-1,-1
81,2,0.00,195.58,330.84,173.42,1,-1,-1,-1
81,5,778.81,146.58,61.37,131.67,1,-1,-1,-1
81,7,438.70,155.60,90.44,137.48,1,-1,-1,-1
81,8,453.16,147.87,70.07,153.65,1,-1,-1,-1
81,10,86.12,175.49,41.16,98.15,1,-1,-1,-1
81,11,75.94,181.99,40.86,96.29,1,-1,-1,-1
81,17,1218.85,151.39,4.15,44.25,1,-1,-1,-1
81,18,451.07,168.26,33.01,24.00,1,-1,-1,-1
82,2,0.00,196.12,326.65,172.88,1,-1,-1,-1
82,5,793.10,146.23,70.00,133.63,1,-1,-1,-1
82,7,456.30,155.41,81.33,139.84,1,-1,-1,-1
82,8,460.60,147.99,72.33,155.99,1,-1,-1,-1
82,10,84.04,175.01,44.00,98.94,1,-1,-1,-1
82,11,78.54,182.06,42.33,97.35,1,-1,-1,-1
82,17,1221.77,152.12,1.23,44.25,1,-1,-1,-1
82,18,450.57,168.18,33.17,24.09,1,-1,-1,-1
83,2,0.00,196.69,322.31,172.31,1,-1,-1,-1
83,5,806.45,145.86,71.65,135.66,1,-1,-1,-1
83,7,468.98,155.21,71.30,142.28,1,-1,-1,-1
83,8,472.84,148.11,65.41,158.40,1,-1,-1,-1
83,10,90.71,174.52,41.68,99.74,1,-1,-1,-1
83,11,81.95,182.13,38.54,98.44,1,-1,-1,-1
83,18,450.08,168.11,33.33,24.18,1,-1,-1,-1
84,2,0.00,197.27,317.80,171.73,1,-1,-1,-1
84,5,819.79,145.48,71.33,137.75,1,-1,-1,-1
84,7,486.03,155.14,60.33,143.20,1,-1,-1,-1
84,8,485.48,148.23,58.00,160.88,1,-1,-1,-1
84,10,97.49,174.03,39.00,100.56,1,-1,-1,-1
84,11,85.00,182.20,34.33,99.56,1,-1,-1,-1
84,18,449.58,168.04,33.49,24.27,1,-1,-1,-1
85,2,0.00,197.88,313.10,171.12,1,-1,-1,-1
85,5,839.25,145.09,69.53,139.91,1,-1,-1,-1
85,7,494.46,155.07,72.91,144.14,1,-1,-1,-1
85,8,493.41,148.36,73.36,163.45,1,-1,-1,-1
85,10,105.53,173.52,36.66,101.39,1,-1,-1,-1
85,11,89.73,182.28,37.17,100.70,1,-1,-1,-1
85,18,449.07,167.97,33.65,24.35,1,-1,-1,-1
86,2,0.00,198.52,308.21,170.48,1,-1,-1,-1
86,5,858.57,144.69,65.67,142.13,1,-1,-1,-1
86,7,503.18,155.00,85.67,145.10,1,-1,-1,-1
86,8,502.02,148.87,88.33,164.16,1,-1,-1,-1
86,10,113.35,173.01,34.00,102.24,1,-1,-1,-1
86,11,94.00,182.35,39.67,101.87,1,-1,-1,-1
86,18,448.57,167.89,33.81,24.44,1,-1,-1,-1
87,2,0.00,198.63,306.69,170.37,1,-1,-1,-1
87,5,868.32,144.27,71.30,144.43,1,-1,-1,-1
87,7,504.53,154.93,91.42,146.06,1,-1,-1,-1
87,8,515.67,149.38,80.83,164.88,1,-1,-1,-1
87,10,118.53,172.49,36.13,103.10,1,-1,-1,-1
87,11,96.78,181.45,43.60,102.28,1,-1,-1,-1
87,18,448.06,167.82,33.98,24.53,1,-1,-1,-1
87,19,1111.80,147.09,111.20,39.18,1,-1,-1,-1
88,2,0.00,198.74,305.15,170.26,1,-1,-1,-1
88,5,877.78,143.85,75.00,146.80,1,-1,-1,-1
88,7,517.59,154.86,91.10,147.04,1,-1,-1,-1
88,8,529.14,149.89,73.67,165.61,1,-1,-1,-1
88,10,123.64,171.96,38.00,104.04,1,-1,-1,-1
88,11,99.22,180.54,47.33,102.70,1,-1,-1,-1
88,18,447.54,167.74,34.14,24.62,1,-1,-1,-1
88,19,1097.97,147.30,125.03,39.44,1,-1,-1,-1
89,2,0.00,198.86,303.60,170.14,1,-1,-1,-1
89,5,901.08,143.39,70.44,147.57,1,-1,-1,-1
89,7,530.82,154.79,91.62,148.03,1,-1,-1,-1
89,8,541.55,150.41,71.82,166.34,1,-1,-1,-1
89,10,126.36,171.42,38.65,105.00,1,-1,-1,-1
89,11,104.31,179.63,40.61,103.13,1,-1,-1,-1
89,18,447.02,167.67,34.31,24.71,1,-1,-1,-1
89,19,1084.16,147.59,130.07,39.60,1,-1,-1,-1
90,2,0.00,198.98,302.03,170.02,1,-1,-1,-1
90,5,924.29,142.93,64.67,148.34,1,-1,-1,-1
90,7,544.23,154.71,92.24,149.03,1,-1,-1,-1
90,8,554.23,150.93,69.67,167.08,1,-1,-1,-1
90,10,132.51,171.79,39.00,105.18,1,-1,-1,-1
90,11,109.53,178.71,33.67,103.55,1,-1,-1,-1
90,18,447.01,168.17,34.32,24.72,1,-1,-1,-1
90,19,1070.34,147.93,130.47,39.71,1,-1,-1,-1
91,2,0.00,199.09,300.45,169.91,1,-1,-1,-1
91,5,930.48,142.47,79.37,149.13,1,-1,-1,-1
91,7,569.50,154.64,86.73,150.05,1,-1,-1,-1
91,8,563.94,151.45,77.31,167.83,1,-1,-1,-1
91,10,138.09,172.15,39.62,105.37,1,-1,-1,-1
91,11,115.21,177.78,33.57,104.00,1,-1,-1,-1
91,18,446.99,168.68,34.32,24.72,1,-1,-1,-1
91,19,1056.53,148.27,130.75,39.83,1,-1,-1,-1
92,2,0.00,199.07,300.70,169.93,1,-1,-1,-1
92,5,934.58,142.08,93.00,149.90,1,-1,-1,-1
92,7,568.97,154.65,92.90,150.14,1,-1,-1,-1
92,8,573.89,151.98,84.67,168.58,1,-1,-1,-1
92,10,143.85,172.52,40.33,105.55,1,-1,-1,-1
92,11,121.29,177.54,33.33,104.10,1,-1,-1,-1
92,18,446.98,169.18,34.33,24.73,1,-1,-1,-1
92,19,1040.70,149.23,129.95,39.81,1,-1,-1,-1
93,2,0.00,199.04,300.96,169.96,1,-1,-1,-1
93,5,959.67,141.52,69.85,150.73,1,-1,-1,-1
93,7,580.12,154.67,92.94,150.23,1,-1,-1,-1
93,8,591.96,152.02,67.50,168.67,1,-1,-1,-1
93,10,158.17,172.89,34.95,105.73,1,-1,-1,-1
93,11,136.82,177.31,36.46,104.21,1,-1,-1,-1
93,18,446.96,169.69,34.34,24.73,1,-1,-1,-1
93,19,1024.91,150.18,129.13,39.79,1,-1,-1,-1
94,2,0.00,199.01,301.21,169.99,1,-1,-1,-1
94,5,982.84,141.04,45.00,151.54,1,-1,-1,-1
94,7,591.29,154.68,92.99,150.31,1,-1,-1,-1
94,8,610.25,152.05,50.33,168.75,1,-1,-1,-1
94,10,172.45,173.26,29.67,105.92,1,-1,-1,-1
94,11,152.51,177.08,39.67,104.31,1,-1,-1,-1
94,18,446.95,170.19,34.34,24.74,1,-1,-1,-1
94,19,1009.14,151.14,128.28,39.77,1,-1,-1,-1
95,2,0.00,198.98,301.47,170.02,1,-1,-1,-1
95,5,991.47,140.55,75.38,152.36,1,-1,-1,-1
95,7,602.47,154.69,93.03,150.40,1,-1,-1,-1
95,8,619.37,152.08,66.75,168.83,1,-1,-1,-1
95,10,176.42,172.73,38.31,106.12,1,-1,-1,-1
95,11,167.07,176.84,36.79,104.42,1,-1,-1,-1
95,18,446.93,170.70,34.35,24.74,1,-1,-1,-1
95,19,991.15,152.13,127.58,39.59,1,-1,-1,-1
96,2,0.00,198.95,301.72,170.05,1,-1,-1,-1
96,5,994.98,137.37,105.00,153.00,1,-1,-1,-1
96,7,633.95,154.71,70.33,150.49,1,-1,-1,-1
96,8,628.19,152.12,82.67,168.91,1,-1,-1,-1
96,10,180.70,172.20,47.00,106.33,1,-1,-1,-1
96,11,181.63,176.61,34.00,104.52,1,-1,-1,-1
96,18,446.92,171.20,34.36,24.74,1,-1,-1,-1
96,19,973.54,153.11,126.45,39.41,1,-1,-1,-1
97,2,0.00,198.93,301.98,170.07,1,-1,-1,-1
97,5,1012.68,134.16,92.16,153.63,1,-1,-1,-1
97,7,637.07,154.72,75.95,150.57,1,-1,-1,-1
97,8,635.28,152.15,85.24,168.99,1,-1,-1,-1
97,10,184.24,171.67,41.62,106.53,1,-1,-1,-1
97,11,183.48,176.37,35.96,104.63,1,-1,-1,-1
97,18,446.90,171.71,34.36,24.75,1,-1,-1,-1
97,19,956.29,154.09,124.90,39.21,1,-1,-1,-1
98,2,0.00,198.94,301.99,170.06,1,-1,-1,-1
98,5,1030.59,130.94,78.00,154.26,1,-1,-1,-1
98,7,640.03,154.73,81.00,150.66,1,-1,-1,-1
98,8,642.34,152.18,87.00,169.07,1,-1,-1,-1
98,10,187.87,171.13,36.33,106.74,1,-1,-1,-1
98,11,185.64,176.14,38.00,104.73,1,-1,-1,-1
98,18,446.89,171.68,34.37,24.75,1,-1,-1,-1
98,19,939.41,155.07,122.94,38.99,1,-1,-1,-1
99,2,0.00,198.95,302.00,170.05,1,-1,-1,-1
99,5,1043.92,127.70,82.80,154.89,1,-1,-1,-1
99,7,656.99,154.75,63.83,150.75,1,-1,-1,-1
99,8,659.97,152.22,76.26,169.15,1,-1,-1,-1
99,10,198.42,170.59,41.95,106.94,1,-1,-1,-1
99,11,181.55,175.90,44.12,104.84,1,-1,-1,-1
99,18,446.88,171.64,34.38,24.75,1,-1,-1,-1
99,19,922.87,156.05,120.59,38.77,1,-1,-1,-1
100,2,0.00,198.96,302.01,170.04,1,-1,-1,-1
100,5,1059.78,126.84,86.67,155.39,1,-1,-1,-1
100,7,673.83,154.76,46.00,150.84,1,-1,-1,-1
100,8,677.37,152.25,64.67,169.24,1,-1,-1,-1
100,10,208.80,170.06,47.67,107.15,1,-1,-1,-1
100,11,177.54,175.65,50.33,104.96,1,-1,-1,-1
100,18,446.87,171.61,34.38,24.75,1,-1,-1,-1
100,19,906.66,157.03,117.87,38.53,1,-1,-1,-1
101,2,0.00,198.97,302.02,170.03,1,-1,-1,-1
101,5,1071.05,125.99,81.89,155.89,1,-1,-1,-1
101,7,683.57,154.77,65.52,150.92,1,-1,-1,-1
101,8,689.06,152.29,72.31,169.32,1,-1,-1,-1
101,10,213.19,169.52,51.09,107.35,1,-1,-1,-1
101,11,188.46,175.40,46.94,105.08,1,-1,-1,-1
101,18,446.85,171.57,34.39,24.75,1,-1,-1,-1
101,19,890.78,158.01,114.79,38.28,1,-1,-1,-1
102,2,0.00,198.98,302.02,170.02,1,-1,-1,-1
102,5,1082.07,125.12,76.00,156.39,1,-1,-1,-1
102,7,693.01,154.79,84.67,151.01,1,-1,-1,-1
102,8,700.62,152.32,79.33,169.40,1,-1,-1,-1
102,10,217.66,168.98,54.67,107.56,1,-1,-1,-1
102,11,199.68,175.15,43.67,105.19,1,-1,-1,-1
102,18,446.84,171.54,34.39,24.75,1,-1,-1,-1
102,19,875.20,158.99,111.38,38.02,1,-1,-1,-1
103,2,0.00,198.99,302.03,170.01,1,-1,-1,-1
103,5,1097.82,124.25,83.49,156.90,1,-1,-1,-1
103,7,701.80,154.80,82.67,151.10,1,-1,-1,-1
103,8,711.56,152.35,79.37,169.48,1,-1,-1,-1
103,10,227.50,168.43,47.07,107.76,1,-1,-1,-1
103,11,205.48,174.91,41.45,105.31,1,-1,-1,-1
103,18,446.83,171.50,34.40,24.75,1,-1,-1,-1
103,19,858.73,159.48,109.14,37.61,1,-1,-1,-1
104,2,0.00,199.00,302.04,170.00,1,-1,-1,-1
104,5,1106.30,123.57,90.00,157.22,1,-1,-1,-1
104,7,710.23,154.81,80.00,151.19,1,-1,-1,-1
104,8,722.14,151.84,78.67,169.45,1,-1,-1,-1
104,10,238.21,168.32,39.67,107.78,1,-1,-1,-1
104,11,211.03,174.48,39.33,105.50,1,-1,-1,-1
104,18,446.82,171.47,34.41,24.75,1,-1,-1,-1
104,19,842.31,159.97,107.10,37.19,1,-1,-1,-1
105,2,0.00,199.01,302.05,169.99,1,-1,-1,-1
105,5,1120.22,122.93,102.78,157.49,1,-1,-1,-1
105,7,728.91,154.83,75.81,151.27,1,-1,-1,-1
105,8,741.66,151.32,76.31,169.41,1,-1,-1,-1
105,10,245.67,168.22,43.24,107.80,1,-1,-1,-1
105,11,213.41,174.04,42.47,105.69,1,-1,-1,-1
105,18,446.80,171.43,34.41,24.76,1,-1,-1,-1
105,19,826.31,160.45,105.42,36.88,1,-1,-1,-1
106,2,0.00,199.02,302.06,169.98,1,-1,-1,-1
106,5,1134.95,122.28,88.05,157.77,1,-1,-1,-1
106,7,747.18,154.84,71.00,151.36,1,-1,-1,-1
106,8,761.23,150.80,73.33,169.38,1,-1,-1,-1
106,10,253.41,168.11,47.00,107.81,1,-1,-1,-1
106,11,215.78,173.61,45.67,105.87,1,-1,-1,-1
106,18,446.79,171.40,34.42,24.76,1,-1,-1,-1
106,19,809.90,161.25,105.21,36.47,1,-1,-1,-1
107,2,0.00,199.03,302.07,169.97,1,-1,-1,-1
107,5,1149.76,121.63,73.24,158.05,1,-1,-1,-1
107,7,748.30,154.85,80.27,151.45,1,-1,-1,-1
107,8,764.28,150.29,85.12,169.34,1,-1,-1,-1
107,10,261.35,168.00,44.38,107.83,1,-1,-1,-1
107,11,222.95,173.18,43.63,106.06,1,-1,-1,-1
107,18,446.78,171.37,34.42,24.76,1,-1,-1,-1
107,19,794.19,162.03,104.45,36.06,1,-1,-1,-1
108,2,0.00,199.04,302.08,169.96,1,-1,-1,-1
108,5,1164.66,120.98,58.34,158.32,1,-1,-1,-1
108,7,749.34,154.87,89.00,151.54,1,-1,-1,-1
108,8,767.30,149.77,96.33,169.31,1,-1,-1,-1
108,10,269.62,167.89,42.00,107.85,1,-1,-1,-1
108,11,229.96,172.74,41.67,106.25,1,-1,-1,-1
108,18,446.77,171.33,34.43,24.76,1,-1,-1,-1
108,19,779.15,162.80,103.18,35.65,1,-1,-1,-1
109,2,0.00,199.06,302.08,169.94,1,-1,-1,-1
109,5,1179.65,120.62,43.35,157.44,1,-1,-1,-1
109,7,762.69,154.88,82.17,151.63,1,-1,-1,-1
109,8,783.58,149.25,84.04,169.28,1,-1,-1,-1
109,10,276.36,167.78,42.06,107.87,1,-1,-1,-1
109,11,238.74,172.30,47.30,106.44,1,-1,-1,-1
109,18,446.76,171.30,34.43,24.76,1,-1,-1,-1
109,19,764.73,163.56,101.42,35.24,1,-1,-1,-1
110,2,0.00,199.07,302.09,169.93,1,-1,-1,-1
110,5,1194.73,121.24,28.27,153.76,1,-1,-1,-1
110,7,776.05,154.89,74.67,151.71,1,-1,-1,-1
110,8,799.54,148.73,71.00,169.24,1,-1,-1,-1
110,10,283.01,167.67,42.33,107.88,1,-1,-1,-1
110,11,247.72,171.87,53.00,106.63,1,-1,-1,-1
110,18,446.74,171.26,34.44,24.76,1,-1,-1,-1
110,19,751.10,164.26,99.02,34.71,1,-1,-1,-1
111,2,0.00,199.08,302.10,169.92,1,-1,-1,-1
111,5,1209.90,121.83,13.10,150.25,1,-1,-1,-1
111,7,792.64,154.91,62.45,151.80,1,-1,-1,-1
111,8,813.56,148.22,72.78,169.21,1,-1,-1,-1
111,10,288.98,167.56,49.89,107.90,1,-1,-1,-1
111,11,256.72,171.43,45.62,106.82,1,-1,-1,-1
111,18,446.73,171.23,34.45,24.76,1,-1,-1,-1
111,19,738.03,164.95,96.41,34.18,1,-1,-1,-1
112,2,0.00,199.09,302.11,169.91,1,-1,-1,-1
112,7,809.14,154.92,49.67,151.89,1,-1,-1,-1
112,8,827.26,147.70,74.00,169.18,1,-1,-1,-1
112,10,294.91,167.45,57.67,107.92,1,-1,-1,-1
112,11,265.73,170.99,38.33,107.01,1,-1,-1,-1
112,18,446.72,171.19,34.45,24.76,1,-1,-1,-1
112,19,725.48,165.61,93.60,33.67,1,-1,-1,-1
113,2,0.00,199.10,302.12,169.90,1,-1,-1,-1
113,7,806.17,154.93,74.85,151.98,1,-1,-1,-1
113,8,830.42,147.18,85.79,169.14,1,-1,-1,-1
113,10,305.86,167.34,47.19,107.93,1,-1,-1,-1
113,11,271.56,171.07,42.44,107.12,1,-1,-1,-1
113,18,446.71,171.16,34.46,24.76,1,-1,-1,-1
113,19,716.07,165.82,90.05,33.05,1,-1,-1,-1
114,2,0.00,199.11,302.13,169.89,1,-1,-1,-1
114,7,802.95,154.95,99.67,152.07,1,-1,-1,-1
114,8,833.32,146.66,97.00,169.11,1,-1,-1,-1
114,10,318.42,167.37,37.00,108.07,1,-1,-1,-1
114,11,277.65,171.16,46.67,107.24,1,-1,-1,-1
114,18,446.70,171.13,34.46,24.76,1,-1,-1,-1
114,19,707.19,166.01,86.24,32.47,1,-1,-1,-1
115,2,0.00,199.12,302.14,169.88,1,-1,-1,-1
115,7,833.12,153.94,77.98,152.37,1,-1,-1,-1
115,8,857.36,145.71,82.19,169.51,1,-1,-1,-1
115,10,327.45,167.40,40.40,108.21,1,-1,-1,-1
115,11,284.24,171.24,45.93,107.35,1,-1,-1,-1
115,18,446.68,171.09,34.47,24.76,1,-1,-1,-1
115,19,698.79,166.17,82.20,31.92,1,-1,-1,-1
116,2,0.00,199.13,302.14,169.87,1,-1,-1,-1
116,7,863.03,152.92,55.33,152.67,1,-1,-1,-1
116,8,881.35,144.75,66.33,169.91,1,-1,-1,-1
116,10,336.60,167.44,44.00,108.35,1,-1,-1,-1
116,11,290.79,171.32,45.33,107.46,1,-1,-1,-1
116,18,446.67,171.06,34.48,24.76,1,-1,-1,-1
116,19,690.84,166.33,77.96,31.38,1,-1,-1,-1
117,2,0.00,199.14,302.15,169.86,1,-1,-1,-1
117,7,873.75,151.91,73.60,152.98,1,-1,-1,-1
117,8,896.44,143.79,83.53,170.32,1,-1,-1,-1
117,10,342.50,167.47,46.38,108.49,1,-1,-1,-1
117,11,301.23,171.41,44.93,107.58,1,-1,-1,-1
117,18,446.66,171.02,34.48,24.77,1,-1,-1,-1
117,19,683.31,166.48,73.55,30.86,1,-1,-1,-1
118,2,0.00,199.15,302.16,169.85,1,-1,-1,-1
118,7,884.17,150.88,91.33,153.29,1,-1,-1,-1
118,8,911.31,142.82,100.00,170.73,1,-1,-1,-1
118,10,348.56,167.50,49.00,108.63,1,-1,-1,-1
118,11,311.82,171.49,44.67,107.69,1,-1,-1,-1
118,18,446.65,170.99,34.49,24.77,1,-1,-1,-1
118,19,677.26,166.55,68.87,30.19,1,-1,-1,-1
119,2,0.00,199.16,302.17,169.84,1,-1,-1,-1
119,7,887.64,149.86,91.12,153.60,1,-1,-1,-1
119,8,912.15,141.85,96.88,171.14,1,-1,-1,-1
119,10,357.16,167.53,49.20,108.78,1,-1,-1,-1
119,11,317.68,171.58,45.93,107.81,1,-1,-1,-1
119,18,446.63,170.95,34.49,24.77,1,-1,-1,-1
119,19,671.57,166.62,64.15,29.54,1,-1,-1,-1
120,2,0.00,199.17,302.18,169.83,1,-1,-1,-1
120,7,890.68,148.83,90.00,153.91,1,-1,-1,-1
120,8,912.86,140.87,92.67,171.55,1,-1,-1,-1
120,10,365.94,167.56,49.67,108.92,1,-1,-1,-1
120,11,323.41,171.66,47.33,107.92,1,-1,-1,-1
120,18,446.62,170.92,34.50,24.77,1,-1,-1,-1
120,19,666.21,166.69,59.41,28.92,1,-1,-1,-1
121,2,0.00,199.18,302.19,169.82,1,-1,-1,-1
121,7,904.24,147.79,76.45,154.22,1,-1,-1,-1
121,8,932.62,139.88,82.52,171.97,1,-1,-1,-1
121,10,372.71,167.46,53.36,108.94,1,-1,-1,-1
121,11,334.46,171.75,42.75,108.03,1,-1,-1,-1
121,18,446.61,170.88,34.50,24.77,1,-1,-1,-1
121,19,663.41,166.76,54.81,28.29,1,-1,-1,-1
122,2,0.00,199.20,302.20,169.80,1,-1,-1,-1
122,7,917.42,146.75,62.00,154.53,1,-1,-1,-1
122,8,952.18,138.89,71.33,172.39,1,-1,-1,-1
122,10,379.66,167.35,57.33,108.96,1,-1,-1,-1
122,11,348.38,171.67,38.33,108.12,1,-1,-1,-1
122,18,446.60,170.85,34.51,24.77,1,-1,-1,-1
122,19,660.80,166.83,50.23,27.69,1,-1,-1,-1
123,2,0.00,199.21,302.21,169.79,1,-1,-1,-1
123,7,938.63,145.70,79.81,154.85,1,-1,-1,-1
123,8,963.28,137.90,86.90,172.81,1,-1,-1,-1
123,10,390.77,167.24,49.34,108.98,1,-1,-1,-1
123,11,353.81,171.58,46.88,108.20,1,-1,-1,-1
123,18,446.63,170.85,34.51,24.77,1,-1,-1,-1
123,19,658.37,166.90,45.69,27.10,1,-1,-1,-1
124,2,0.00,199.22,302.21,169.78,1,-1,-1,-1
124,7,959.88,144.65,97.00,155.17,1,-1,-1,-1
124,8,974.27,136.90,101.67,173.24,1,-1,-1,-1
124,10,402.07,167.13,41.67,109.00,1,-1,-1,-1
124,11,359.22,171.50,55.67,108.28,1,-1,-1,-1
124,18,446.67,170.86,34.51,24.77,1,-1,-1,-1
124,19,656.09,166.97,41.19,26.54,1,-1,-1,-1
125,2,0.00,199.23,302.22,169.77,1,-1,-1,-1
125,7,976.90,143.60,85.16,155.49,1,-1,-1,-1
125,8,987.17,135.89,87.74,173.66,1,-1,-1,-1
125,10,409.81,167.02,45.88,109.02,1,-1,-1,-1
125,11,370.42,171.42,49.65,108.36,1,-1,-1,-1
125,18,446.70,170.86,34.51,24.77,1,-1,-1,-1
125,19,654.40,167.30,39.17,25.93,1,-1,-1,-1
126,2,0.00,199.24,302.23,169.76,1,-1,-1,-1
126,7,993.74,142.54,72.33,155.81,1,-1,-1,-1
126,8,999.81,134.88,72.67,174.09,1,-1,-1,-1
126,10,417.81,166.91,50.33,109.04,1,-1,-1,-1
126,11,381.93,171.34,44.00,108.45,1,-1,-1,-1
126,18,446.73,170.86,34.51,24.77,1,-1,-1,-1
126,19,652.78,167.62,37.24,25.34,1,-1,-1,-1
127,2,0.00,199.25,302.24,169.75,1,-1,-1,-1
127,7,993.55,141.54,79.01,156.13,1,-1,-1,-1
127,8,1013.58,133.86,83.25,174.53,1,-1,-1,-1
127,10,426.72,166.80,46.35,109.06,1,-1,-1,-1
127,11,392.13,171.25,49.84,108.53,1,-1,-1,-1
127,18,446.77,170.86,34.50,24.77,1,-1,-1,-1
127,19,651.23,167.92,35.39,24.78,1,-1,-1,-1
128,2,0.00,199.26,302.25,169.74,1,-1,-1,-1
128,7,993.01,140.54,85.00,156.44,1,-1,-1,-1
128,8,1026.95,132.83,93.00,174.96,1,-1,-1,-1
128,10,435.91,166.69,42.67,109.08,1,-1,-1,-1
128,11,402.52,171.17,56.00,108.61,1,-1,-1,-1
128,18,446.80,170.87,34.50,24.77,1,-1,-1,-1
128,19,649.75,168.22,33.61,24.25,1,-1,-1,-1
129,2,0.00,199.27,302.26,169.73,1,-1,-1,-1
129,7,1023.02,139.54,84.73,156.76,1,-1,-1,-1
129,8,1037.75,131.80,98.20,175.40,1,-1,-1,-1
129,10,445.47,166.58,39.04,109.10,1,-1,-1,-1
129,11,409.34,170.97,52.16,108.58,1,-1,-1,-1
129,18,446.83,170.87,34.50,24.77,1,-1,-1,-1
129,19,649.70,169.15,32.09,23.74,1,-1,-1,-1
130,2,0.00,199.28,302.27,169.72,1,-1,-1,-1
130,7,1052.82,138.53,83.67,157.08,1,-1,-1,-1
130,8,1048.55,130.77,102.33,175.84,1,-1,-1,-1
130,10,455.34,166.47,35.67,109.12,1,-1,-1,-1
130,11,416.25,170.77,48.67,108.54,1,-1,-1,-1
130,18,446.87,170.87,34.50,24.77,1,-1,-1,-1
130,19,649.06,169.14,30.57,23.24,1,-1,-1,-1
131,2,0.00,199.29,302.27,169.71,1,-1,-1,-1
131,7,1058.47,137.51,77.40,157.40,1,-1,-1,-1
131,8,1061.29,129.25,95.53,176.65,1,-1,-1,-1
131,10,460.22,166.36,45.06,109.14,1,-1,-1,-1
131,11,428.93,170.57,48.01,108.51,1,-1,-1,-1
131,18,446.90,170.88,34.50,24.77,1,-1,-1,-1
131,19,648.44,169.13,29.11,22.77,1,-1,-1,-1
132,2,0.00,199.30,302.28,169.70,1,-1,-1,-1
132,7,1063.49,136.49,70.33,157.72,1,-1,-1,-1
132,8,1073.91,127.71,87.33,177.60,1,-1,-1,-1
132,10,464.96,166.25,54.67,109.16,1,-1,-1,-1
132,11,441.63,170.36,47.67,108.47,1,-1,-1,-1
132,18,446.93,170.88,34.50,24.76,1,-1,-1,-1
132,19,647.84,169.13,27.71,22.32,1,-1,-1,-1
133,2,0.00,199.31,302.29,169.69,1,-1,-1,-1
133,7,1070.03,135.47,78.84,158.05,1,-1,-1,-1
133,8,1094.77,126.28,85.81,178.39,1,-1,-1,-1
133,10,476.43,166.14,45.17,109.18,1,-1,-1,-1
133,11,449.29,170.16,50.18,108.44,1,-1,-1,-1
133,18,446.97,170.88,34.50,24.76,1,-1,-1,-1
133,19,647.28,169.12,26.35,21.88,1,-1,-1,-1
134,2,0.00,199.32,302.30,169.68,1,-1,-1,-1
134,7,1076.05,134.44,86.67,158.38,1,-1,-1,-1
134,8,1102.98,125.01,88.00,178.95,1,-1,-1,-1
134,10,487.76,166.03,36.00,109.20,1,-1,-1,-1
134,11,456.98,169.96,53.00,108.40,1,-1,-1,-1
134,18,447.00,170.88,34.49,24.76,1,-1,-1,-1
134,19,646.73,169.11,25.04,21.47,1,-1,-1,-1
135,2,0.00,199.34,302.31,169.66,1,-1,-1,-1
135,7,1094.95,133.41,80.75,158.71,1,-1,-1,-1
135,8,1111.78,123.76,111.22,179.44,1,-1,-1,-1
135,10,493.53,165.93,36.05,109.22,1,-1,-1,-1
135,11,470.00,169.76,42.33,108.37,1,-1,-1,-1
135,18,447.03,170.89,34.49,24.76,1,-1,-1,-1
135,19,645.86,168.90,24.43,21.01,1,-1,-1,-1
136,2,0.00,199.35,302.32,169.65,1,-1,-1,-1
136,7,1113.48,132.37,74.00,159.04,1,-1,-1,-1
136,8,1125.37,122.51,97.63,179.85,1,-1,-1,-1
136,10,499.23,165.82,36.33,109.23,1,-1,-1,-1
136,11,482.97,169.56,32.00,108.33,1,-1,-1,-1
136,18,447.07,170.89,34.49,24.76,1,-1,-1,-1
136,19,645.02,168.69,23.86,20.57,1,-1,-1,-1
137,2,0.00,199.36,302.33,169.64,1,-1,-1,-1
137,7,1114.41,131.33,70.17,159.37,1,-1,-1,-1
137,8,1139.06,121.28,83.94,180.20,1,-1,-1,-1
137,10,505.68,165.71,41.39,109.25,1,-1,-1,-1
137,11,485.98,169.36,46.73,108.30,1,-1,-1,-1
137,18,447.10,170.89,34.49,24.76,1,-1,-1,-1
137,19,644.22,168.49,23.30,20.15,1,-1,-1,-1
138,2,0.00,199.37,302.33,169.63,1,-1,-1,-1
138,7,1107.69,130.51,66.33,159.49,1,-1,-1,-1
138,8,1152.86,120.06,70.14,180.48,1,-1,-1,-1
138,10,512.05,165.60,46.67,109.27,1,-1,-1,-1
138,11,488.94,169.16,61.67,108.27,1,-1,-1,-1
138,18,447.14,170.90,34.49,24.76,1,-1,-1,-1
138,19,643.44,168.30,22.77,19.74,1,-1,-1,-1
139,2,0.00,199.38,302.34,169.62,1,-1,-1,-1
139,7,1114.36,129.68,108.64,159.60,1,-1,-1,-1
139,8,1166.77,118.85,56.23,180.69,1,-1,-1,-1
139,10,523.57,165.29,40.53,109.35,1,-1,-1,-1
139,11,501.75,169.20,50.64,108.23,1,-1,-1,-1
139,18,447.17,170.90,34.49,24.76,1,-1,-1,-1
139,19,642.69,168.12,22.27,19.35,1,-1,-1,-1
140,2,0.00,199.39,302.35,169.61,1,-1,-1,-1
140,7,1126.73,128.86,96.27,159.71,1,-1,-1,-1
140,8,1180.78,117.66,42.22,180.83,1,-1,-1,-1
140,10,535.05,164.99,34.67,109.42,1,-1,-1,-1
140,11,514.42,169.25,40.00,108.19,1,-1,-1,-1
140,18,447.20,170.90,34.49,24.76,1,-1,-1,-1
140,19,642.51,168.50,21.84,19.00,1,-1,-1,-1
141,2,0.00,199.40,302.36,169.60,1,-1,-1,-1
141,7,1139.14,128.03,83.86,159.81,1,-1,-1,-1
141,8,1194.91,117.54,28.09,176.96,1,-1,-1,-1
141,10,539.54,164.69,42.90,109.49,1,-1,-1,-1
141,11,524.03,169.30,40.87,108.16,1,-1,-1,-1
141,18,447.24,170.90,34.48,24.76,1,-1,-1,-1
141,19,642.34,168.86,21.44,18.65,1,-1,-1,-1
142,2,0.00,199.41,302.37,169.59,1,-1,-1,-1
142,7,1151.60,127.21,71.40,159.90,1,-1,-1,-1
142,8,1209.14,117.78,13.86,172.34,1,-1,-1,-1
142,10,544.20,164.38,51.33,109.57,1,-1,-1,-1
142,11,533.54,169.35,42.00,108.12,1,-1,-1,-1
142,18,447.27,170.91,34.48,24.76,1,-1,-1,-1
142,19,642.17,169.21,21.04,18.32,1,-1,-1,-1
143,2,0.00,199.42,302.38,169.58,1,-1,-1,-1
143,7,1164.10,126.40,58.90,160.00,1,-1,-1,-1
143,10,555.95,164.08,44.18,109.64,1,-1,-1,-1
143,11,538.48,169.40,46.92,108.09,1,-1,-1,-1
143,18,447.30,170.91,34.48,24.76,1,-1,-1,-1
143,19,641.91,168.89,20.66,18.00,1,-1,-1,-1
144,2,0.00,199.43,302.39,169.57,1,-1,-1,-1
144,7,1176.65,125.58,46.35,160.08,1,-1,-1,-1
144,10,567.85,163.77,37.00,109.71,1,-1,-1,-1
144,11,543.58,169.45,52.00,108.05,1,-1,-1,-1
144,18,447.34,170.91,34.48,24.76,1,-1,-1,-1
144,19,641.66,168.58,20.28,17.70,1,-1,-1,-1
145,2,0.00,199.44,302.39,169.56,1,-1,-1,-1
145,7,1189.24,125.11,33.76,158.67,1,-1,-1,-1
145,10,574.94,163.47,44.34,109.79,1,-1,-1,-1
145,11,557.35,169.49,46.98,108.02,1,-1,-1,-1
145,18,447.37,170.92,34.48,24.76,1,-1,-1,-1
145,19,641.35,168.78,19.96,17.43,1,-1,-1,-1
146,2,0.00,199.45,302.40,169.55,1,-1,-1,-1
146,7,1201.89,125.29,21.11,155.27,1,-1,-1,-1
146,10,582.22,163.16,51.67,109.86,1,-1,-1,-1
146,11,571.21,169.54,42.00,107.98,1,-1,-1,-1
146,18,447.40,170.92,34.48,24.76,1,-1,-1,-1
146,19,641.05,168.96,19.64,17.17,1,-1,-1,-1
147,2,0.00,199.46,302.41,169.54,1,-1,-1,-1
147,7,1214.58,125.46,8.42,151.99,1,-1,-1,-1
147,10,590.97,162.86,44.85,109.93,1,-1,-1,-1
147,11,573.65,169.59,48.82,107.95,1,-1,-1,-1
147,18,447.33,170.96,34.48,24.77,1,-1,-1,-1
147,19,640.76,169.14,19.33,16.92,1,-1,-1,-1
148,2,0.00,199.48,302.42,169.52,1,-1,-1,-1
148,10,599.96,162.55,38.00,110.01,1,-1,-1,-1
148,11,576.14,169.64,55.67,107.91,1,-1,-1,-1
148,18,447.25,170.99,34.49,24.78,1,-1,-1,-1
148,19,640.47,169.32,19.03,16.67,1,-1,-1,-1
149,2,0.00,199.49,302.43,169.51,1,-1,-1,-1
149,10,605.87,162.25,35.56,110.08,1,-1,-1,-1
149,11,590.60,169.69,47.82,107.88,1,-1,-1,-1
149,18,447.17,171.03,34.50,24.80,1,-1,-1,-1
149,19,640.95,166.18,18.79,16.44,1,-1,-1,-1
150,2,0.00,199.50,302.44,169.50,1,-1,-1,-1
150,10,610.69,162.15,33.00,109.92,1,-1,-1,-1
150,11,605.03,169.73,40.00,107.84,1,-1,-1,-1
150,18,447.09,171.07,34.50,24.81,1,-1,-1,-1
150,19,639.95,168.29,18.42,16.17,1,-1,-1,-1
151,2,0.00,199.51,302.45,169.49,1,-1,-1,-1
151,10,617.92,162.05,43.29,109.77,1,-1,-1,-1
151,11,610.78,169.78,45.77,107.81,1,-1,-1,-1
151,18,447.22,171.11,34.33,24.81,1,-1,-1,-1
151,19,639.42,168.48,18.10,15.92,1,-1,-1,-1
152,2,0.00,199.52,302.45,169.48,1,-1,-1,-1
152,10,625.32,161.95,53.33,109.62,1,-1,-1,-1
152,11,616.37,169.83,51.33,107.77,1,-1,-1,-1
152,18,447.34,171.15,34.16,24.81,1,-1,-1,-1
152,19,638.91,168.66,17.78,15.67,1,-1,-1,-1
153,2,0.00,199.53,302.46,169.47,1,-1,-1,-1
153,10,631.49,161.86,47.86,109.46,1,-1,-1,-1
153,11,623.63,169.88,52.80,107.74,1,-1,-1,-1
153,18,447.46,171.19,33.99,24.81,1,-1,-1,-1
153,19,638.26,168.77,17.47,15.43,1,-1,-1,-1
154,2,0.00,199.54,302.47,169.46,1,-1,-1,-1
154,10,637.84,161.76,42.00,109.31,1,-1,-1,-1
154,11,631.83,169.55,54.00,107.64,1,-1,-1,-1
154,18,447.58,171.24,33.82,24.81,1,-1,-1,-1
154,19,637.63,168.88,17.17,15.20,1,-1,-1,-1
155,2,0.00,199.55,302.48,169.45,1,-1,-1,-1
155,10,649.03,161.67,63.26,109.15,1,-1,-1,-1
155,11,642.35,169.23,52.91,107.55,1,-1,-1,-1
155,18,447.70,171.28,33.65,24.81,1,-1,-1,-1
156,2,0.00,199.56,302.49,169.44,1,-1,-1,-1
156,10,656.12,161.57,63.66,109.00,1,-1,-1,-1
156,11,653.01,168.91,51.33,107.45,1,-1,-1,-1
156,18,447.83,171.32,33.48,24.82,1,-1,-1,-1
157,2,0.00,199.57,302.50,169.43,1,-1,-1,-1
157,10,663.20,161.48,64.03,108.85,1,-1,-1,-1
157,11,657.74,168.72,54.83,107.37,1,-1,-1,-1
157,18,447.65,171.36,33.57,24.88,1,-1,-1,-1
158,2,0.00,199.58,302.51,169.42,1,-1,-1,-1
158,10,670.26,161.38,64.40,108.69,1,-1,-1,-1
158,11,662.62,168.53,58.00,107.30,1,-1,-1,-1
158,18,447.47,171.39,33.65,24.94,1,-1,-1,-1
159,2,0.00,199.59,302.51,169.41,1,-1,-1,-1
159,10,673.11,161.29,43.26,108.54,1,-1,-1,-1
159,11,673.83,168.34,49.32,107.22,1,-1,-1,-1
159,18,447.28,171.43,33.74,25.00,1,-1,-1,-1
160,2,0.00,199.60,302.52,169.40,1,-1,-1,-1
160,10,684.33,161.19,65.07,108.39,1,-1,-1,-1
160,11,685.17,168.16,40.33,107.14,1,-1,-1,-1
160,18,447.10,171.46,33.83,25.06,1,-1,-1,-1
161,2,0.00,199.62,302.53,169.38,1,-1,-1,-1
161,10,691.35,161.10,65.39,108.23,1,-1,-1,-1
161,11,693.04,167.77,45.46,107.00,1,-1,-1,-1
161,18,446.92,171.50,33.92,25.12,1,-1,-1,-1
162,2,0.00,199.63,302.54,169.37,1,-1,-1,-1
162,10,698.35,161.01,65.69,108.08,1,-1,-1,-1
162,11,700.95,167.39,50.33,106.86,1,-1,-1,-1
162,18,446.74,171.54,34.01,25.19,1,-1,-1,-1
163,2,0.00,199.64,302.55,169.36,1,-1,-1,-1
163,10,705.33,160.91,65.98,107.92,1,-1,-1,-1
163,11,709.28,167.01,50.46,106.72,1,-1,-1,-1
163,18,446.55,171.57,34.10,25.25,1,-1,-1,-1
164,2,0.00,199.65,302.56,169.35,1,-1,-1,-1
164,10,712.26,160.82,49.00,107.77,1,-1,-1,-1
164,11,717.59,166.62,50.33,106.57,1,-1,-1,-1
164,18,446.13,171.61,34.26,25.41,1,-1,-1,-1
165,2,0.00,199.66,302.57,169.34,1,-1,-1,-1
165,10,720.75,160.73,51.26,107.62,1,-1,-1,-1
165,11,725.09,166.70,52.56,106.59,1,-1,-1,-1
165,18,445.71,171.66,34.42,25.57,1,-1,-1,-1
166,2,0.00,199.67,302.57,169.33,1,-1,-1,-1
166,10,729.24,160.64,53.33,107.46,1,-1,-1,-1
166,11,732.81,166.77,54.67,106.61,1,-1,-1,-1
166,18,445.28,171.70,34.59,25.74,1,-1,-1,-1
167,2,0.00,199.68,302.58,169.32,1,-1,-1,-1
167,10,734.97,160.55,54.92,107.31,1,-1,-1,-1
167,11,737.23,166.84,57.23,106.64,1,-1,-1,-1
167,18,444.84,171.74,34.76,25.91,1,-1,-1,-1
168,2,0.00,199.69,302.59,169.31,1,-1,-1,-1
168,10,740.46,160.46,56.33,107.16,1,-1,-1,-1
168,11,746.24,166.68,59.67,106.55,1,-1,-1,-1
168,18,444.40,171.78,34.93,26.08,1,-1,-1,-1
169,2,0.00,199.70,302.60,169.30,1,-1,-1,-1
169,10,753.33,160.34,46.25,107.10,1,-1,-1,-1
169,11,756.76,166.52,54.43,106.46,1,-1,-1,-1
169,18,443.95,171.83,35.10,26.25,1,-1,-1,-1
170,2,0.00,199.71,302.61,169.29,1,-1,-1,-1
170,10,766.21,160.22,36.00,107.04,1,-1,-1,-1
170,11,767.50,166.37,49.00,106.37,1,-1,-1,-1
170,18,443.50,171.87,35.28,26.43,1,-1,-1,-1
171,2,0.00,199.72,302.62,169.28,1,-1,-1,-1
171,10,769.29,160.10,44.55,106.98,1,-1,-1,-1
171,11,776.01,166.21,43.58,106.28,1,-1,-1,-1
171,18,443.04,171.92,35.46,26.60,1,-1,-1,-1
172,2,0.00,199.73,302.63,169.27,1,-1,-1,-1
172,10,772.10,159.97,53.00,106.92,1,-1,-1,-1
172,11,783.46,166.10,38.00,106.21,1,-1,-1,-1
172,18,442.58,171.96,35.64,26.78,1,-1,-1,-1
173,2,0.00,199.74,302.64,169.26,1,-1,-1,-1
173,10,779.43,159.85,51.58,106.86,1,-1,-1,-1
173,11,795.15,166.00,38.73,106.15,1,-1,-1,-1
173,18,442.30,172.01,35.16,27.06,1,-1,-1,-1
174,2,0.00,199.75,302.64,169.25,1,-1,-1,-1
174,10,786.79,159.73,50.00,106.80,1,-1,-1,-1
174,11,806.64,165.89,39.33,106.09,1,-1,-1,-1
174,18,442.01,172.05,34.66,27.35,1,-1,-1,-1
175,2,0.00,199.77,302.65,169.23,1,-1,-1,-1
175,10,799.98,159.61,46.58,106.74,1,-1,-1,-1
175,11,812.77,165.79,46.40,106.03,1,-1,-1,-1
175,18,441.73,172.10,34.15,27.64,1,-1,-1,-1
176,2,0.00,199.78,302.66,169.22,1,-1,-1,-1
176,10,812.97,159.49,43.00,106.68,1,-1,-1,-1
176,11,818.71,165.42,53.33,105.95,1,-1,-1,-1
176,18,441.44,172.15,34.22,27.94,1,-1,-1,-1
177,2,0.00,199.79,302.67,169.21,1,-1,-1,-1
177,10,823.59,159.37,45.07,106.62,1,-1,-1,-1
177,11,828.76,165.06,47.42,105.87,1,-1,-1,-1
177,18,441.15,172.20,34.59,28.25,1,-1,-1,-1
178,2,0.00,199.80,302.68,169.20,1,-1,-1,-1
178,10,834.28,159.25,47.00,106.56,1,-1,-1,-1
178,11,838.67,164.70,41.33,105.79,1,-1,-1,-1
178,18,440.85,172.25,34.96,28.56,1,-1,-1,-1
179,2,0.00,199.81,302.69,169.19,1,-1,-1,-1
179,10,838.25,159.13,54.92,106.50,1,-1,-1,-1
179,11,846.80,164.34,50.57,105.71,1,-1,-1,-1
179,18,440.80,172.27,35.34,28.88,1,-1,-1,-1
180,2,0.00,199.82,302.70,169.18,1,-1,-1,-1
180,10,842.07,159.01,62.67,106.44,1,-1,-1,-1
180,11,855.10,163.98,59.67,105.64,1,-1,-1,-1
180,18,440.76,172.30,35.73,29.20,1,-1,-1,-1
181,2,0.00,199.83,302.70,169.17,1,-1,-1,-1
181,10,854.94,158.89,50.62,106.38,1,-1,-1,-1
181,11,862.21,163.62,50.44,105.56,1,-1,-1,-1
181,18,440.71,172.33,36.13,29.54,1,-1,-1,-1
182,2,0.00,199.84,302.71,169.16,1,-1,-1,-1
182,10,868.00,158.77,38.33,106.32,1,-1,-1,-1
182,11,869.32,163.26,41.00,105.48,1,-1,-1,-1
182,18,440.59,172.36,36.60,29.88,1,-1,-1,-1
183,2,0.00,199.85,302.72,169.15,1,-1,-1,-1
183,10,873.21,158.65,40.57,106.26,1,-1,-1,-1
183,11,880.16,162.90,42.91,105.41,1,-1,-1,-1
183,18,440.22,172.39,37.33,30.22,1,-1,-1,-1
184,2,0.00,199.86,302.73,169.14,1,-1,-1,-1
184,10,878.41,158.53,42.67,106.20,1,-1,-1,-1
184,11,890.84,162.54,44.67,105.33,1,-1,-1,-1
184,18,440.27,172.39,38.50,30.64,1,-1,-1,-1
185,2,0.00,199.87,302.74,169.13,1,-1,-1,-1
185,10,889.07,158.08,48.11,106.20,1,-1,-1,-1
185,11,898.64,162.43,47.41,105.23,1,-1,-1,-1
185,18,440.32,172.40,39.70,31.08,1,-1,-1,-1
186,2,0.00,199.88,302.75,169.12,1,-1,-1,-1
186,10,899.66,157.62,53.33,106.19,1,-1,-1,-1
186,11,906.56,162.32,50.00,105.12,1,-1,-1,-1
186,18,440.37,172.40,40.93,31.52,1,-1,-1,-1
187,2,0.00,199.89,302.76,169.11,1,-1,-1,-1
187,10,903.37,157.17,53.13,106.19,1,-1,-1,-1
187,11,916.50,162.21,49.75,105.02,1,-1,-1,-1
187,18,440.42,172.40,42.20,31.98,1,-1,-1,-1
188,2,0.00,199.91,302.76,169.09,1,-1,-1,-1
188,10,906.92,156.72,52.67,106.19,1,-1,-1,-1
188,11,926.39,162.10,49.33,104.91,1,-1,-1,-1
188,18,440.28,172.39,44.59,32.33,1,-1,-1,-1
189,2,0.00,199.92,302.77,169.08,1,-1,-1,-1
189,10,913.48,156.27,49.63,106.19,1,-1,-1,-1
189,11,936.24,161.99,56.42,104.81,1,-1,-1,-1
189,18,440.16,172.38,47.00,32.69,1,-1,-1,-1
190,2,0.00,199.93,302.78,169.07,1,-1,-1,-1
190,10,919.84,155.81,46.33,106.19,1,-1,-1,-1
190,11,945.83,161.88,63.33,104.70,1,-1,-1,-1
190,18,440.03,172.37,49.45,33.05,1,-1,-1,-1
191,2,0.00,199.94,302.79,169.06,1,-1,-1,-1
191,10,934.43,155.36,47.45,106.19,1,-1,-1,-1
191,11,950.50,160.96,57.08,104.61,1,-1,-1,-1
191,18,440.68,172.37,51.57,33.48,1,-1,-1,-1
192,2,0.00,199.95,302.80,169.05,1,-1,-1,-1
192,10,948.75,154.91,48.33,106.19,1,-1,-1,-1
192,11,955.17,160.04,50.67,104.52,1,-1,-1,-1
192,18,441.35,172.38,53.72,33.91,1,-1,-1,-1
193,2,0.00,199.96,302.81,169.04,1,-1,-1,-1
193,10,953.44,154.18,46.72,106.01,1,-1,-1,-1
193,11,963.69,159.12,49.89,104.43,1,-1,-1,-1
193,18,442.04,172.38,55.92,34.35,1,-1,-1,-1
194,2,0.00,199.97,302.82,169.03,1,-1,-1,-1
194,10,958.03,153.45,45.00,105.84,1,-1,-1,-1
194,11,971.94,158.20,49.00,104.34,1,-1,-1,-1
194,18,442.75,172.38,58.15,34.81,1,-1,-1,-1
195,2,0.00,199.98,302.82,169.02,1,-1,-1,-1
195,10,967.23,152.73,48.38,105.67,1,-1,-1,-1
195,11,977.92,157.28,48.39,104.25,1,-1,-1,-1
195,18,443.49,172.39,60.43,35.27,1,-1,-1,-1
196,2,0.00,199.99,302.83,169.01,1,-1,-1,-1
196,10,976.54,152.01,51.67,105.50,1,-1,-1,-1
196,11,983.82,156.37,47.67,104.16,1,-1,-1,-1
196,18,445.24,172.07,63.25,35.73,1,-1,-1,-1
197,2,0.00,200.00,302.84,169.00,1,-1,-1,-1
197,10,979.12,151.29,43.21,105.33,1,-1,-1,-1
197,11,995.18,155.46,45.38,104.06,1,-1,-1,-1
197,18,447.05,171.74,66.12,36.20,1,-1,-1,-1
198,2,0.00,200.01,302.85,168.99,1,-1,-1,-1
198,10,981.46,150.58,34.67,105.15,1,-1,-1,-1
198,11,1006.65,154.55,43.00,103.97,1,-1,-1,-1
198,18,448.92,171.41,69.02,36.68,1,-1,-1,-1
199,2,0.00,200.02,302.86,168.98,1,-1,-1,-1
199,10,996.67,149.87,44.03,104.98,1,-1,-1,-1
199,11,1015.41,153.64,45.37,103.87,1,-1,-1,-1
199,18,450.85,171.06,71.97,37.18,1,-1,-1,-1
200,2,0.00,200.03,302.87,168.97,1,-1,-1,-1
200,10,1011.78,149.16,53.33,104.81,1,-1,-1,-1
200,11,1023.92,152.74,47.67,103.78,1,-1,-1,-1
200,18,452.85,170.71,74.95,37.68,1,-1,-1,-1
201,2,0.00,200.05,302.88,168.95,1,-1,-1,-1
201,10,1023.73,148.45,46.20,104.63,1,-1,-1,-1
201,11,1028.99,151.84,44.20,103.68,1,-1,-1,-1
201,18,456.23,170.72,77.92,38.16,1,-1,-1,-1
202,2,0.00,200.06,302.88,168.94,1,-1,-1,-1
202,10,1035.68,147.75,39.00,104.46,1,-1,-1,-1
202,11,1033.96,150.93,40.67,103.59,1,-1,-1,-1
202,18,459.71,170.73,80.92,38.65,1,-1,-1,-1
203,2,0.00,200.07,302.89,168.93,1,-1,-1,-1
203,10,1035.21,147.05,42.35,104.29,1,-1,-1,-1
203,11,1041.15,150.46,44.36,103.42,1,-1,-1,-1
203,18,463.29,170.74,83.95,39.15,1,-1,-1,-1
204,2,0.00,200.08,302.90,168.92,1,-1,-1,-1
204,10,1034.82,146.35,45.67,104.11,1,-1,-1,-1
204,11,1048.34,149.99,48.00,103.25,1,-1,-1,-1
204,18,466.98,170.75,87.02,39.66,1,-1,-1,-1
205,2,0.00,200.09,302.91,168.91,1,-1,-1,-1
205,10,1040.10,145.66,46.85,103.94,1,-1,-1,-1
205,11,1056.10,149.53,49.53,103.08,1,-1,-1,-1
205,18,470.79,170.76,90.11,40.19,1,-1,-1,-1
206,2,0.00,200.10,302.92,168.90,1,-1,-1,-1
206,10,1045.53,144.96,48.00,103.76,1,-1,-1,-1
206,11,1063.97,149.06,51.00,102.92,1,-1,-1,-1
206,18,476.29,170.59,94.32,40.69,1,-1,-1,-1
207,2,0.00,200.11,302.93,168.89,1,-1,-1,-1
207,10,1047.58,144.27,48.01,103.59,1,-1,-1,-1
207,11,1071.47,148.59,51.36,102.75,1,-1,-1,-1
207,18,482.00,170.42,98.49,41.21,1,-1,-1,-1
208,2,0.00,200.12,302.94,168.88,1,-1,-1,-1
208,10,1049.82,143.59,48.00,103.41,1,-1,-1,-1
208,11,1079.17,148.13,51.67,102.58,1,-1,-1,-1
208,18,487.93,170.25,102.61,41.72,1,-1,-1,-1
209,2,0.00,200.13,302.94,168.87,1,-1,-1,-1
209,10,1055.91,142.79,57.87,103.24,1,-1,-1,-1
209,11,1083.42,147.67,53.86,102.42,1,-1,-1,-1
209,18,494.08,170.07,106.67,42.25,1,-1,-1,-1
210,2,0.00,200.14,302.95,168.86,1,-1,-1,-1
210,10,1061.81,142.00,67.67,103.07,1,-1,-1,-1
210,11,1087.45,147.21,56.00,102.25,1,-1,-1,-1
210,18,500.47,169.89,110.65,42.79,1,-1,-1,-1
211,2,0.00,200.15,302.96,168.85,1,-1,-1,-1
211,10,1069.55,141.21,58.54,102.90,1,-1,-1,-1
211,11,1100.03,146.75,45.36,102.09,1,-1,-1,-1
211,18,508.33,170.15,114.39,43.29,1,-1,-1,-1
212,2,0.00,200.16,302.97,168.84,1,-1,-1,-1
212,10,1077.23,140.42,49.33,102.73,1,-1,-1,-1
212,11,1112.47,146.29,34.67,101.92,1,-1,-1,-1
212,18,516.46,170.40,118.02,43.79,1,-1,-1,-1
213,2,0.00,200.17,302.98,168.83,1,-1,-1,-1
213,10,1086.20,139.63,40.20,102.56,1,-1,-1,-1
213,11,1118.47,145.83,41.35,101.76,1,-1,-1,-1
213,18,524.89,170.67,121.53,44.31,1,-1,-1,-1
214,2,0.00,200.19,302.99,168.81,1,-1,-1,-1
214,10,1095.23,138.85,31.00,102.40,1,-1,-1,-1
214,11,1124.41,145.38,48.00,101.59,1,-1,-1,-1
214,18,534.94,170.36,124.83,44.67,1,-1,-1,-1
215,2,0.00,200.20,303.00,168.80,1,-1,-1,-1
215,10,1105.61,138.07,39.02,102.23,1,-1,-1,-1
215,11,1131.83,144.93,48.85,101.43,1,-1,-1,-1
215,18,545.32,170.05,127.91,45.03,1,-1,-1,-1
216,2,0.00,200.21,303.00,168.79,1,-1,-1,-1
216,10,1116.15,137.29,47.00,102.06,1,-1,-1,-1
216,11,1139.56,144.46,49.67,101.31,1,-1,-1,-1
216,18,556.05,169.69,130.75,45.44,1,-1,-1,-1
217,2,0.00,200.22,303.01,168.78,1,-1,-1,-1
217,10,1117.11,136.51,45.20,101.89,1,-1,-1,-1
217,11,1145.16,144.00,45.53,101.20,1,-1,-1,-1
217,18,567.14,169.32,133.34,45.86,1,-1,-1,-1
218,2,0.00,200.23,303.02,168.77,1,-1,-1,-1
218,10,1117.83,135.74,43.33,101.73,1,-1,-1,-1
218,11,1149.55,143.55,41.33,101.07,1,-1,-1,-1
218,18,578.61,168.94,135.66,46.28,1,-1,-1,-1
219,2,0.00,200.24,303.03,168.76,1,-1,-1,-1
219,10,1125.61,134.97,45.36,101.56,1,-1,-1,-1
219,11,1154.89,143.15,47.27,100.89,1,-1,-1,-1
219,18,591.79,168.45,137.21,46.53,1,-1,-1,-1
220,2,0.00,200.25,303.04,168.75,1,-1,-1,-1
220,10,1133.27,134.20,47.33,101.40,1,-1,-1,-1
220,11,1150.82,142.75,57.00,100.72,1,-1,-1,-1
220,18,605.31,167.95,138.47,46.77,1,-1,-1,-1
221,2,0.00,200.26,303.05,168.74,1,-1,-1,-1
221,10,1140.79,133.43,50.53,101.23,1,-1,-1,-1
221,11,1166.73,142.35,56.27,100.55,1,-1,-1,-1
221,18,619.16,167.46,139.43,47.02,1,-1,-1,-1
222,2,0.00,200.27,303.06,168.73,1,-1,-1,-1
222,10,1148.21,133.12,53.67,101.03,1,-1,-1,-1
222,11,1173.80,141.94,49.20,100.38,1,-1,-1,-1
222,18,633.37,166.95,140.07,47.26,1,-1,-1,-1
223,2,0.00,200.28,303.06,168.72,1,-1,-1,-1
223,10,1152.02,132.81,47.63,100.84,1,-1,-1,-1
223,11,1180.85,141.53,42.15,100.22,1,-1,-1,-1
223,18,647.95,166.45,140.39,47.51,1,-1,-1,-1
224,2,0.00,200.29,303.07,168.71,1,-1,-1,-1
224,10,1155.23,132.50,41.67,100.64,1,-1,-1,-1
224,11,1187.90,141.13,35.10,100.05,1,-1,-1,-1
224,18,662.90,165.94,140.38,47.75,1,-1,-1,-1
225,2,0.00,200.30,303.08,168.70,1,-1,-1,-1
225,10,1161.64,132.21,39.49,100.42,1,-1,-1,-1
225,11,1194.92,140.72,28.08,99.82,1,-1,-1,-1
225,18,678.24,165.42,140.02,47.99,1,-1,-1,-1
226,2,0.00,200.31,303.09,168.69,1,-1,-1,-1
226,10,1161.80,131.92,40.67,100.21,1,-1,-1,-1
226,11,1201.94,140.64,21.06,98.70,1,-1,-1,-1
226,18,694.21,164.90,140.84,48.02,1,-1,-1,-1
227,2,0.00,200.33,303.10,168.67,1,-1,-1,-1
227,10,1165.63,131.62,57.37,100.01,1,-1,-1,-1
227,11,1208.93,140.56,14.07,97.60,1,-1,-1,-1
227,18,710.52,164.39,142.36,48.13,1,-1,-1,-1
228,2,0.00,200.34,303.11,168.66,1,-1,-1,-1
228,10,1171.65,131.32,51.35,99.81,1,-1,-1,-1
228,11,1215.92,140.49,7.08,96.53,1,-1,-1,-1
228,18,727.19,163.87,143.43,48.44,1,-1,-1,-1
229,2,0.00,200.35,303.12,168.65,1,-1,-1,-1
229,10,1177.65,131.01,45.35,99.63,1,-1,-1,-1
229,11,1222.89,140.42,0.11,13.52,1,-1,-1,-1
229,18,743.93,163.27,145.34,48.61,1,-1,-1,-1
230,2,0.00,200.36,303.13,168.64,1,-1,-1,-1
230,10,1183.63,130.69,39.37,99.45,1,-1,-1,-1
230,18,759.50,162.67,148.33,48.77,1,-1,-1,-1
231,2,0.00,200.37,303.13,168.63,1,-1,-1,-1
231,10,1189.60,130.37,33.40,99.28,1,-1,-1,-1
231,18,775.23,162.07,151.08,48.93,1,-1,-1,-1
232,2,0.00,200.38,303.14,168.62,1,-1,-1,-1
232,10,1195.55,130.34,27.45,98.46,1,-1,-1,-1
232,18,792.72,161.88,153.43,48.98,1,-1,-1,-1
233,2,0.00,200.39,303.15,168.61,1,-1,-1,-1
233,10,1201.48,130.41,21.52,97.50,1,-1,-1,-1
233,18,810.31,161.69,155.55,49.04,1,-1,-1,-1
234,2,0.00,200.40,303.16,168.60,1,-1,-1,-1
234,10,1207.40,130.47,15.60,96.58,1,-1,-1,-1
234,18,828.01,161.50,157.43,49.09,1,-1,-1,-1
235,2,0.00,200.41,303.17,168.59,1,-1,-1,-1
235,10,1213.30,130.53,9.70,95.68,1,-1,-1,-1
235,18,845.82,161.32,159.08,49.14,1,-1,-1,-1
236,2,0.00,200.42,303.18,168.58,1,-1,-1,-1
236,10,1219.18,130.59,3.82,94.80,1,-1,-1,-1
236,18,863.74,161.13,160.48,49.18,1,-1,-1,-1
237,2,0.00,200.43,303.19,168.57,1,-1,-1,-1
237,18,881.77,160.95,161.65,49.22,1,-1,-1,-1
238,2,0.00,200.44,303.19,168.56,1,-1,-1,-1
238,18,901.38,160.15,162.69,49.14,1,-1,-1,-1
239,2,0.00,200.45,303.20,168.55,1,-1,-1,-1
239,18,920.95,159.35,163.64,49.05,1,-1,-1,-1
240,2,0.00,200.47,303.21,168.53,1,-1,-1,-1
240,18,940.48,158.56,164.52,48.96,1,-1,-1,-1
241,2,0.00,200.48,303.22,168.52,1,-1,-1,-1
241,18,959.98,157.77,165.32,48.87,1,-1,-1,-1
242,2,0.00,200.49,303.23,168.51,1,-1,-1,-1
242,18,979.44,156.98,166.05,48.77,1,-1,-1,-1
243,2,0.00,200.50,303.24,168.50,1,-1,-1,-1
243,18,998.86,156.20,166.69,48.67,1,-1,-1,-1
244,2,0.00,200.51,303.25,168.49,1,-1,-1,-1
244,18,1018.25,155.43,167.26,48.57,1,-1,-1,-1
245,2,0.00,200.52,303.25,168.48,1,-1,-1,-1
245,18,1037.60,154.66,167.75,48.47,1,-1,-1,-1
246,2,0.00,200.53,303.26,168.47,1,-1,-1,-1
246,18,1057.64,153.32,165.36,48.31,1,-1,-1,-1
247,2,0.00,200.54,303.27,168.46,1,-1,-1,-1
247,18,1077.58,152.19,145.42,47.96,1,-1,-1,-1
248,2,0.00,200.55,303.28,168.45,1,-1,-1,-1
248,18,1097.43,151.06,125.57,47.61,1,-1,-1,-1
249,2,0.00,200.56,303.29,168.44,1,-1,-1,-1
249,18,1117.19,149.95,105.81,47.26,1,-1,-1,-1
250,2,0.00,200.57,303.30,168.43,1,-1,-1,-1
250,18,1138.00,149.28,85.00,46.93,1,-1,-1,-1
251,2,0.00,200.58,303.31,168.42,1,-1,-1,-1
251,18,1158.74,148.62,64.26,46.61,1,-1,-1,-1
252,2,0.00,200.59,303.31,168.41,1,-1,-1,-1
252,18,1179.42,148.12,43.58,45.98,1,-1,-1,-1
253,2,0.00,200.61,303.32,168.39,1,-1,-1,-1
253,18,1200.04,148.19,22.96,44.42,1,-1,-1,-1
254,2,0.00,200.62,303.33,168.38,1,-1,-1,-1
254,18,1220.60,148.25,2.40,42.97,1,-1,-1,-1
255,2,0.00,200.63,303.34,168.37,1,-1,-1,-1
256,2,0.00,200.64,303.35,168.36,1,-1,-1,-1
257,2,0.00,200.65,303.36,168.35,1,-1,-1,-1
258,2,0.00,200.66,303.37,168.34,1,-1,-1,-1
259,2,0.00,200.67,303.37,168.33,1,-1,-1,-1
260,2,0.00,200.68,303.38,168.32,1,-1,-1,-1
261,2,0.00,200.69,303.39,168.31,1,-1,-1,-1
262,2,0.00,200.70,303.40,168.30,1,-1,-1,-1
263,2,0.00,200.71,303.41,168.29,1,-1,-1,-1
264,2,0.00,200.72,303.42,168.28,1,-1,-1,-1
265,2,0.00,200.73,303.43,168.27,1,-1,-1,-1
266,2,0.00,200.74,303.43,168.26,1,-1,-1,-1
267,2,0.00,200.76,303.44,168.24,1,-1,-1,-1
268,2,0.00,200.77,303.45,168.23,1,-1,-1,-1
269,2,0.00,200.78,303.46,168.22,1,-1,-1,-1
270,2,0.00,200.79,303.47,168.21,1,-1,-1,-1
271,2,0.00,200.80,303.48,168.20,1,-1,-1,-1
272,2,0.00,200.81,303.49,168.19,1,-1,-1,-1
273,2,0.00,200.82,303.49,168.18,1,-1,-1,-1
274,2,0.00,200.83,303.50,168.17,1,-1,-1,-1
275,2,0.00,200.84,303.51,168.16,1,-1,-1,-1
276,2,0.00,200.85,303.52,168.15,1,-1,-1,-1
277,2,0.00,200.86,303.53,168.14,1,-1,-1,-1
278,2,0.00,200.87,303.54,168.13,1,-1,-1,-1
279,2,0.00,200.88,303.55,168.12,1,-1,-1,-1
279,20,474.17,172.85,26.36,17.74,1,-1,-1,-1
280,2,0.00,200.90,303.55,168.10,1,-1,-1,-1
280,20,470.73,173.01,27.27,18.17,1,-1,-1,-1
281,2,0.00,200.91,303.56,168.09,1,-1,-1,-1
281,20,467.11,173.18,28.23,18.61,1,-1,-1,-1
282,2,0.00,200.92,303.57,168.08,1,-1,-1,-1
282,20,463.64,173.09,29.23,19.08,1,-1,-1,-1
283,2,0.00,200.93,303.58,168.07,1,-1,-1,-1
283,20,459.98,173.01,30.28,19.58,1,-1,-1,-1
284,2,0.00,200.94,303.59,168.06,1,-1,-1,-1
284,20,456.29,173.37,31.40,20.10,1,-1,-1,-1
285,2,0.00,200.95,303.60,168.05,1,-1,-1,-1
285,20,454.55,173.33,30.94,20.65,1,-1,-1,-1
286,2,0.00,200.96,303.61,168.04,1,-1,-1,-1
286,20,452.72,173.29,30.44,21.24,1,-1,-1,-1
287,2,0.00,200.97,303.61,168.03,1,-1,-1,-1
287,20,450.81,173.34,29.91,21.86,1,-1,-1,-1
288,2,0.00,200.98,303.62,168.02,1,-1,-1,-1
288,20,448.80,173.39,29.34,22.51,1,-1,-1,-1
289,2,0.00,200.99,303.63,168.01,1,-1,-1,-1
289,20,446.33,174.11,28.77,23.21,1,-1,-1,-1
290,2,0.00,201.00,303.64,168.00,1,-1,-1,-1
290,20,444.05,173.79,29.59,23.86,1,-1,-1,-1
291,2,0.00,201.01,303.65,167.99,1,-1,-1,-1
291,20,441.63,173.45,30.46,24.55,1,-1,-1,-1
292,2,0.00,201.02,303.66,167.98,1,-1,-1,-1
292,20,438.95,173.76,31.41,25.28,1,-1,-1,-1
293,2,0.00,201.04,303.67,167.96,1,-1,-1,-1
293,20,436.11,174.09,32.42,26.05,1,-1,-1,-1
294,2,0.00,201.05,303.67,167.95,1,-1,-1,-1
294,20,432.94,174.10,33.53,26.88,1,-1,-1,-1
294,23,416.04,173.93,30.28,18.24,1,-1,-1,-1
295,2,0.00,201.06,303.68,167.94,1,-1,-1,-1
295,20,432.39,173.99,33.36,27.67,1,-1,-1,-1
295,23,412.92,174.04,30.92,18.52,1,-1,-1,-1
296,2,0.00,201.07,303.69,167.93,1,-1,-1,-1
296,20,431.82,173.88,33.57,28.51,1,-1,-1,-1
296,23,409.70,174.16,31.58,18.80,1,-1,-1,-1
297,2,0.00,201.08,303.70,167.92,1,-1,-1,-1
297,20,431.21,173.75,34.62,29.40,1,-1,-1,-1
297,23,407.00,174.03,32.23,19.09,1,-1,-1,-1
298,2,0.00,201.09,303.71,167.91,1,-1,-1,-1
298,20,430.56,173.62,35.72,30.35,1,-1,-1,-1
298,23,404.22,173.89,32.90,19.39,1,-1,-1,-1
299,2,0.00,201.10,303.72,167.90,1,-1,-1,-1
299,20,429.60,173.48,37.16,31.36,1,-1,-1,-1
299,23,401.35,173.75,33.59,19.70,1,-1,-1,-1
300,2,0.00,201.11,303.73,167.89,1,-1,-1,-1
300,20,427.63,173.33,39.64,32.44,1,-1,-1,-1
300,23,398.00,173.67,34.36,20.04,1,-1,-1,-1
301,2,0.00,201.12,303.73,167.88,1,-1,-1,-1
301,20,427.72,172.89,43.16,33.41,1,-1,-1,-1
301,23,394.54,173.58,35.16,20.38,1,-1,-1,-1
302,2,0.00,201.13,303.74,167.87,1,-1,-1,-1
302,20,427.82,172.42,46.85,34.44,1,-1,-1,-1
302,23,390.96,173.49,36.00,20.73,1,-1,-1,-1
303,2,0.00,201.14,303.75,167.86,1,-1,-1,-1
303,20,428.71,172.14,53.95,35.40,1,-1,-1,-1
303,23,387.25,173.40,36.87,21.10,1,-1,-1,-1
304,2,0.00,201.15,303.76,167.85,1,-1,-1,-1
304,20,429.74,171.84,61.21,36.41,1,-1,-1,-1
304,23,383.41,173.31,37.78,21.48,1,-1,-1,-1
305,2,0.00,201.16,303.77,167.84,1,-1,-1,-1
305,20,433.70,171.41,68.99,37.49,1,-1,-1,-1
305,23,380.01,173.51,37.96,21.85,1,-1,-1,-1
306,2,0.00,201.18,303.78,167.82,1,-1,-1,-1
306,20,438.01,170.95,76.93,38.62,1,-1,-1,-1
306,23,376.49,173.72,38.15,22.24,1,-1,-1,-1
307,2,0.00,201.19,303.79,167.81,1,-1,-1,-1
307,20,444.60,170.78,85.23,39.42,1,-1,-1,-1
307,23,372.85,173.94,38.35,22.64,1,-1,-1,-1
308,2,0.00,201.20,303.79,167.80,1,-1,-1,-1
308,20,451.70,170.62,93.31,40.23,1,-1,-1,-1
308,23,369.08,174.16,38.57,23.06,1,-1,-1,-1
309,2,0.00,201.21,303.80,167.79,1,-1,-1,-1
309,20,462.94,170.29,101.37,41.04,1,-1,-1,-1
309,23,366.69,174.54,38.66,23.48,1,-1,-1,-1
310,2,0.00,201.22,303.81,167.78,1,-1,-1,-1
310,20,475.02,169.96,109.01,41.87,1,-1,-1,-1
310,23,362.81,174.50,39.93,23.96,1,-1,-1,-1
311,2,0.00,201.23,303.82,167.77,1,-1,-1,-1
311,20,488.02,169.62,116.17,42.71,1,-1,-1,-1
311,23,358.77,174.47,41.26,24.45,1,-1,-1,-1
312,2,0.00,201.24,303.83,167.76,1,-1,-1,-1
312,20,505.87,168.98,122.10,43.21,1,-1,-1,-1
312,23,354.56,174.43,42.66,24.96,1,-1,-1,-1
313,2,0.00,201.25,303.84,167.75,1,-1,-1,-1
313,20,524.82,168.32,126.96,43.72,1,-1,-1,-1
313,23,350.17,174.39,44.13,25.50,1,-1,-1,-1
314,2,0.00,201.26,303.85,167.74,1,-1,-1,-1
314,20,544.97,167.64,130.65,44.22,1,-1,-1,-1
314,23,345.58,174.35,45.68,26.06,1,-1,-1,-1
315,2,0.00,201.27,303.85,167.73,1,-1,-1,-1
315,20,566.39,166.96,133.07,44.71,1,-1,-1,-1
315,23,340.75,174.46,46.91,26.69,1,-1,-1,-1
316,2,0.00,201.28,303.86,167.72,1,-1,-1,-1
316,20,589.19,166.27,134.14,45.19,1,-1,-1,-1
316,23,335.68,174.57,48.21,27.36,1,-1,-1,-1
317,2,0.00,201.29,303.87,167.71,1,-1,-1,-1
317,20,614.63,165.46,133.61,45.34,1,-1,-1,-1
317,21,451.46,170.99,26.87,21.41,1,-1,-1,-1
317,23,330.35,174.69,49.61,28.06,1,-1,-1,-1
318,2,0.00,201.30,303.88,167.70,1,-1,-1,-1
318,20,640.66,164.64,132.67,45.70,1,-1,-1,-1
318,21,449.48,171.03,27.23,21.89,1,-1,-1,-1
318,23,324.74,174.82,51.10,28.79,1,-1,-1,-1
319,2,0.00,201.32,303.89,167.68,1,-1,-1,-1
319,20,667.30,163.82,134.87,46.11,1,-1,-1,-1
319,21,447.41,171.08,27.61,22.39,1,-1,-1,-1
319,23,318.83,174.95,52.69,29.57,1,-1,-1,-1
320,2,0.00,201.33,303.90,167.67,1,-1,-1,-1
320,20,694.56,162.99,136.53,46.51,1,-1,-1,-1
320,21,445.96,171.24,28.61,22.85,1,-1,-1,-1
320,23,312.67,174.99,54.67,30.40,1,-1,-1,-1
321,2,0.00,201.34,303.91,167.66,1,-1,-1,-1
321,20,720.18,162.16,139.89,46.90,1,-1,-1,-1
321,21,444.44,171.41,29.66,23.34,1,-1,-1,-1
321,23,306.16,175.04,56.80,31.27,1,-1,-1,-1
322,2,0.00,201.35,303.91,167.65,1,-1,-1,-1
322,20,745.49,161.35,143.15,47.08,1,-1,-1,-1
322,21,443.33,171.56,29.23,23.86,1,-1,-1,-1
322,23,299.27,175.08,59.08,32.20,1,-1,-1,-1
323,2,0.00,201.36,303.92,167.64,1,-1,-1,-1
323,20,771.00,160.53,146.31,47.26,1,-1,-1,-1
323,21,442.17,171.72,28.78,24.40,1,-1,-1,-1
323,23,291.95,175.13,61.53,33.18,1,-1,-1,-1
324,2,0.00,201.37,303.93,167.63,1,-1,-1,-1
324,20,796.72,159.71,149.36,47.44,1,-1,-1,-1
324,21,440.97,171.89,29.04,24.97,1,-1,-1,-1
324,23,284.17,175.18,64.17,34.22,1,-1,-1,-1
325,2,0.00,201.38,303.94,167.62,1,-1,-1,-1
325,20,822.65,158.89,152.30,47.62,1,-1,-1,-1
325,21,439.71,172.06,29.73,25.56,1,-1,-1,-1
325,23,275.89,175.24,67.03,35.34,1,-1,-1,-1
326,2,0.00,201.39,303.95,167.61,1,-1,-1,-1
326,20,848.80,158.06,155.14,47.79,1,-1,-1,-1
326,21,437.74,172.25,31.09,26.19,1,-1,-1,-1
326,23,267.05,175.30,70.12,36.52,1,-1,-1,-1
327,2,0.00,201.40,303.96,167.60,1,-1,-1,-1
327,20,875.48,157.64,158.21,48.02,1,-1,-1,-1
327,21,437.11,172.28,32.35,26.76,1,-1,-1,-1
327,23,257.59,175.36,73.49,37.79,1,-1,-1,-1
328,2,0.00,201.41,303.97,167.59,1,-1,-1,-1
328,20,902.39,157.20,161.34,48.26,1,-1,-1,-1
328,21,437.83,172.24,33.75,27.35,1,-1,-1,-1
328,23,247.46,175.43,77.15,39.15,1,-1,-1,-1
329,2,0.00,201.42,303.98,167.58,1,-1,-1,-1
329,20,929.55,156.77,164.51,48.50,1,-1,-1,-1
329,21,438.58,172.21,35.22,27.97,1,-1,-1,-1
329,23,236.57,175.50,81.16,40.62,1,-1,-1,-1
330,2,0.00,201.43,303.98,167.57,1,-1,-1,-1
330,20,956.95,156.33,167.74,48.73,1,-1,-1,-1
330,21,439.37,172.17,36.74,28.62,1,-1,-1,-1
330,23,224.79,176.21,85.69,42.27,1,-1,-1,-1
331,2,0.00,201.44,303.99,167.56,1,-1,-1,-1
331,20,983.44,155.13,171.39,48.99,1,-1,-1,-1
331,21,440.19,172.13,38.34,29.29,1,-1,-1,-1
331,23,212.02,176.97,90.70,44.07,1,-1,-1,-1
332,2,0.00,201.45,304.00,167.55,1,-1,-1,-1
332,20,1010.13,153.91,175.23,49.25,1,-1,-1,-1
332,21,441.74,172.30,42.34,29.98,1,-1,-1,-1
332,23,198.11,177.77,96.26,46.06,1,-1,-1,-1
333,2,0.00,201.47,304.01,167.53,1,-1,-1,-1
333,20,1037.03,152.68,179.26,49.53,1,-1,-1,-1
333,21,443.38,172.47,46.44,30.69,1,-1,-1,-1
333,23,182.92,178.53,102.47,48.34,1,-1,-1,-1
334,2,0.00,201.48,304.02,167.52,1,-1,-1,-1
334,20,1064.14,151.81,158.86,49.43,1,-1,-1,-1
334,21,445.15,172.65,50.64,31.44,1,-1,-1,-1
334,23,166.79,178.71,108.35,50.72,1,-1,-1,-1
335,2,0.00,201.49,304.03,167.51,1,-1,-1,-1
335,20,1089.73,152.08,133.27,49.23,1,-1,-1,-1
335,21,447.04,172.83,54.94,32.23,1,-1,-1,-1
335,23,149.00,178.91,115.02,53.35,1,-1,-1,-1
336,2,0.00,201.50,304.04,167.50,1,-1,-1,-1
336,20,1115.58,152.35,107.42,49.03,1,-1,-1,-1
336,21,451.78,172.30,58.98,32.86,1,-1,-1,-1
336,23,129.30,179.13,122.64,56.27,1,-1,-1,-1
337,2,0.00,201.51,304.04,167.49,1,-1,-1,-1
337,20,1141.69,152.61,81.31,48.84,1,-1,-1,-1
337,21,456.76,171.75,63.06,33.51,1,-1,-1,-1
337,23,105.50,179.73,133.27,59.73,1,-1,-1,-1
338,2,0.00,201.52,304.05,167.48,1,-1,-1,-1
338,20,1168.07,152.86,54.93,48.67,1,-1,-1,-1
338,21,461.99,171.18,67.18,34.18,1,-1,-1,-1
338,23,78.73,180.39,145.56,63.64,1,-1,-1,-1
339,2,0.00,201.53,304.06,167.47,1,-1,-1,-1
339,21,469.00,170.84,71.78,34.81,1,-1,-1,-1
339,23,48.38,181.13,159.90,68.09,1,-1,-1,-1
340,2,0.00,201.54,304.07,167.46,1,-1,-1,-1
340,21,476.37,170.49,76.32,35.45,1,-1,-1,-1
340,23,13.70,181.94,176.81,73.20,1,-1,-1,-1
341,2,0.00,201.55,304.08,167.45,1,-1,-1,-1
341,21,484.14,170.13,80.79,36.11,1,-1,-1,-1
341,23,0.00,182.85,170.63,78.53,1,-1,-1,-1
342,2,0.00,201.56,304.09,167.44,1,-1,-1,-1
342,21,492.31,169.76,85.19,36.78,1,-1,-1,-1
342,23,0.00,183.88,148.28,84.32,1,-1,-1,-1
343,2,0.00,201.57,304.10,167.43,1,-1,-1,-1
343,21,503.21,169.49,88.84,37.40,1,-1,-1,-1
343,23,0.00,184.62,123.26,88.06,1,-1,-1,-1
344,2,0.00,201.58,304.10,167.42,1,-1,-1,-1
344,21,514.58,169.22,92.43,38.04,1,-1,-1,-1
344,23,0.00,185.46,94.73,87.63,1,-1,-1,-1
345,2,0.00,201.59,304.11,167.41,1,-1,-1,-1
345,21,526.45,168.93,95.94,38.69,1,-1,-1,-1
345,23,0.00,186.43,61.88,87.08,1,-1,-1,-1
346,2,0.00,201.61,304.12,167.39,1,-1,-1,-1
346,21,539.94,168.66,99.14,39.24,1,-1,-1,-1
347,2,0.00,201.62,304.13,167.38,1,-1,-1,-1
347,21,553.96,168.38,102.15,39.81,1,-1,-1,-1
348,2,0.00,201.63,304.14,167.37,1,-1,-1,-1
348,21,568.55,168.09,104.97,40.40,1,-1,-1,-1
349,2,0.00,201.64,304.15,167.36,1,-1,-1,-1
349,21,583.72,167.79,107.57,41.00,1,-1,-1,-1
350,2,0.00,201.65,304.16,167.35,1,-1,-1,-1
350,21,599.51,167.48,109.93,41.62,1,-1,-1,-1
351,2,0.00,201.66,304.16,167.34,1,-1,-1,-1
351,21,617.65,167.00,111.50,42.03,1,-1,-1,-1
352,2,0.00,201.67,304.17,167.33,1,-1,-1,-1
352,21,636.35,166.51,112.79,42.45,1,-1,-1,-1
353,2,0.00,201.68,304.18,167.32,1,-1,-1,-1
353,21,655.63,166.01,113.76,42.88,1,-1,-1,-1
354,2,0.00,201.69,304.19,167.31,1,-1,-1,-1
354,21,675.51,165.50,114.42,43.31,1,-1,-1,-1
355,2,0.00,201.70,304.20,167.30,1,-1,-1,-1
355,21,696.03,164.98,114.72,43.74,1,-1,-1,-1
356,2,0.00,201.71,304.21,167.29,1,-1,-1,-1
356,21,717.21,164.46,114.67,44.19,1,-1,-1,-1
357,2,0.00,201.72,304.22,167.28,1,-1,-1,-1
357,21,738.82,163.84,115.46,44.39,1,-1,-1,-1
358,2,0.00,201.73,304.22,167.27,1,-1,-1,-1
358,21,760.94,163.22,117.32,44.69,1,-1,-1,-1
359,2,0.00,201.75,304.23,167.25,1,-1,-1,-1
359,21,782.62,162.59,119.75,45.09,1,-1,-1,-1
360,2,0.00,201.76,304.24,167.24,1,-1,-1,-1
360,21,803.79,161.93,123.73,45.35,1,-1,-1,-1
361,2,0.00,201.77,304.25,167.23,1,-1,-1,-1
361,21,825.28,161.27,127.40,45.60,1,-1,-1,-1
362,2,0.00,201.78,304.26,167.22,1,-1,-1,-1
362,21,847.08,160.61,130.75,45.84,1,-1,-1,-1
363,2,0.00,201.79,304.27,167.21,1,-1,-1,-1
363,21,869.21,159.95,133.76,46.08,1,-1,-1,-1
364,2,0.00,201.80,304.28,167.20,1,-1,-1,-1
364,21,891.76,159.39,135.90,46.13,1,-1,-1,-1
365,2,0.00,201.81,304.28,167.19,1,-1,-1,-1
365,21,914.50,158.83,137.67,46.17,1,-1,-1,-1
366,2,0.00,201.82,304.29,167.18,1,-1,-1,-1
366,21,937.42,158.27,139.06,46.21,1,-1,-1,-1
367,2,0.00,201.83,304.30,167.17,1,-1,-1,-1
367,21,960.52,157.72,140.06,46.23,1,-1,-1,-1
368,2,0.00,201.84,304.31,167.16,1,-1,-1,-1
368,21,982.92,156.16,140.79,46.10,1,-1,-1,-1
369,2,0.00,201.85,304.32,167.15,1,-1,-1,-1
369,21,1005.25,154.62,141.40,45.95,1,-1,-1,-1
370,2,0.00,201.86,304.33,167.14,1,-1,-1,-1
370,21,1027.52,153.08,141.89,45.81,1,-1,-1,-1
371,2,0.00,201.87,304.34,167.13,1,-1,-1,-1
371,21,1049.73,151.56,142.26,45.65,1,-1,-1,-1
372,2,0.00,201.89,304.34,167.11,1,-1,-1,-1
372,21,1070.99,150.76,142.34,45.46,1,-1,-1,-1
373,2,0.00,201.90,304.35,167.10,1,-1,-1,-1
373,21,1092.15,150.07,130.85,45.15,1,-1,-1,-1
374,2,0.00,201.91,304.36,167.09,1,-1,-1,-1
374,21,1113.21,149.47,109.79,44.77,1,-1,-1,-1
375,2,0.00,201.92,304.37,167.08,1,-1,-1,-1
375,21,1134.16,148.85,88.84,44.40,1,-1,-1,-1
